    0     0  4095 1
    0     1  2048 1
    0     2  4093 1
    0     3  2050 1
    0     4  4091 1
    0     5  2052 1
    0     6  4089 1
    0     7  2054 1
    0     8  4087 1
    0     9  2056 1
    0    10  4085 1
    0    11  2058 1
    0    12  4083 1
    0    13  2060 1
    0    14  4081 1
    0    15  2062 1
    0    16  4079 1
    0    17  2064 1
    0    18  4077 1
    0    19  2066 1
    0    20  4075 1
    0    21  2068 1
    0    22  4073 1
    0    23  2070 1
    0    24  4071 1
    0    25  2072 1
    0    26  4069 1
    0    27  2074 1
    0    28  4067 1
    0    29  2076 1
    0    30  4065 1
    0    31  2078 1
    0    32  4063 1
    0    33  2080 1
    0    34  4061 1
    0    35  2082 1
    0    36  4059 1
    0    37  2084 1
    0    38  4057 1
    0    39  2086 1
    0    40  4055 1
    0    41  2088 1
    0    42  4053 1
    0    43  2090 1
    0    44  4051 1
    0    45  2092 1
    0    46  4049 1
    0    47  2094 1
    0    48  4047 1
    0    49  2096 1
    0    50  4045 1
    0    51  2098 1
    0    52  4043 1
    0    53  2100 1
    0    54  4041 1
    0    55  2102 1
    0    56  4039 1
    0    57  2104 1
    0    58  4037 1
    0    59  2106 1
    0    60  4035 1
    0    61  2108 1
    0    62  4033 1
    0    63  2110 1
    0    64  4031 1
    0    65  2112 1
    0    66  4029 1
    0    67  2114 1
    0    68  4027 1
    0    69  2116 1
    0    70  4025 1
    0    71  2118 1
    0    72  4023 1
    0    73  2120 1
    0    74  4021 1
    0    75  2122 1
    0    76  4019 1
    0    77  2124 1
    0    78  4017 1
    0    79  2126 1
    0    80  4015 1
    0    81  2128 1
    0    82  4013 1
    0    83  2130 1
    0    84  4011 1
    0    85  2132 1
    0    86  4009 1
    0    87  2134 1
    0    88  4007 1
    0    89  2136 1
    0    90  4005 1
    0    91  2138 1
    0    92  4003 1
    0    93  2140 1
    0    94  4001 1
    0    95  2142 1
    0    96  3999 1
    0    97  2144 1
    0    98  3997 1
    0    99  2146 1
    0   100  3995 1
    0   101  2148 1
    0   102  3993 1
    0   103  2150 1
    0   104  3991 1
    0   105  2152 1
    0   106  3989 1
    0   107  2154 1
    0   108  3987 1
    0   109  2156 1
    0   110  3985 1
    0   111  2158 1
    0   112  3983 1
    0   113  2160 1
    0   114  3981 1
    0   115  2162 1
    0   116  3979 1
    0   117  2164 1
    0   118  3977 1
    0   119  2166 1
    0   120  3975 1
    0   121  2168 1
    0   122  3973 1
    0   123  2170 1
    0   124  3971 1
    0   125  2172 1
    0   126  3969 1
    0   127  2174 1
    0   128  3967 1
    0   129  2176 1
    0   130  3965 1
    0   131  2178 1
    0   132  3963 1
    0   133  2180 1
    0   134  3961 1
    0   135  2182 1
    0   136  3959 1
    0   137  2184 1
    0   138  3957 1
    0   139  2186 1
    0   140  3955 1
    0   141  2188 1
    0   142  3953 1
    0   143  2190 1
    0   144  3951 1
    0   145  2192 1
    0   146  3949 1
    0   147  2194 1
    0   148  3947 1
    0   149  2196 1
    0   150  3945 1
    0   151  2198 1
    0   152  3943 1
    0   153  2200 1
    0   154  3941 1
    0   155  2202 1
    0   156  3939 1
    0   157  2204 1
    0   158  3937 1
    0   159  2206 1
    0   160  3935 1
    0   161  2208 1
    0   162  3933 1
    0   163  2210 1
    0   164  3931 1
    0   165  2212 1
    0   166  3929 1
    0   167  2214 1
    0   168  3927 1
    0   169  2216 1
    0   170  3925 1
    0   171  2218 1
    0   172  3923 1
    0   173  2220 1
    0   174  3921 1
    0   175  2222 1
    0   176  3919 1
    0   177  2224 1
    0   178  3917 1
    0   179  2226 1
    0   180  3915 1
    0   181  2228 1
    0   182  3913 1
    0   183  2230 1
    0   184  3911 1
    0   185  2232 1
    0   186  3909 1
    0   187  2234 1
    0   188  3907 1
    0   189  2236 1
    0   190  3905 1
    0   191  2238 1
    0   192  3903 1
    0   193  2240 1
    0   194  3901 1
    0   195  2242 1
    0   196  3899 1
    0   197  2244 1
    0   198  3897 1
    0   199  2246 1
    0   200  3895 1
    0   201  2248 1
    0   202  3893 1
    0   203  2250 1
    0   204  3891 1
    0   205  2252 1
    0   206  3889 1
    0   207  2254 1
    0   208  3887 1
    0   209  2256 1
    0   210  3885 1
    0   211  2258 1
    0   212  3883 1
    0   213  2260 1
    0   214  3881 1
    0   215  2262 1
    0   216  3879 1
    0   217  2264 1
    0   218  3877 1
    0   219  2266 1
    0   220  3875 1
    0   221  2268 1
    0   222  3873 1
    0   223  2270 1
    0   224  3871 1
    0   225  2272 1
    0   226  3869 1
    0   227  2274 1
    0   228  3867 1
    0   229  2276 1
    0   230  3865 1
    0   231  2278 1
    0   232  3863 1
    0   233  2280 1
    0   234  3861 1
    0   235  2282 1
    0   236  3859 1
    0   237  2284 1
    0   238  3857 1
    0   239  2286 1
    0   240  3855 1
    0   241  2288 1
    0   242  3853 1
    0   243  2290 1
    0   244  3851 1
    0   245  2292 1
    0   246  3849 1
    0   247  2294 1
    0   248  3847 1
    0   249  2296 1
    0   250  3845 1
    0   251  2298 1
    0   252  3843 1
    0   253  2300 1
    0   254  3841 1
    0   255  2302 1
    0   256  3839 1
    0   257  2304 1
    0   258  3837 1
    0   259  2306 1
    0   260  3835 1
    0   261  2308 1
    0   262  3833 1
    0   263  2310 1
    0   264  3831 1
    0   265  2312 1
    0   266  3829 1
    0   267  2314 1
    0   268  3827 1
    0   269  2316 1
    0   270  3825 1
    0   271  2318 1
    0   272  3823 1
    0   273  2320 1
    0   274  3821 1
    0   275  2322 1
    0   276  3819 1
    0   277  2324 1
    0   278  3817 1
    0   279  2326 1
    0   280  3815 1
    0   281  2328 1
    0   282  3813 1
    0   283  2330 1
    0   284  3811 1
    0   285  2332 1
    0   286  3809 1
    0   287  2334 1
    0   288  3807 1
    0   289  2336 1
    0   290  3805 1
    0   291  2338 1
    0   292  3803 1
    0   293  2340 1
    0   294  3801 1
    0   295  2342 1
    0   296  3799 1
    0   297  2344 1
    0   298  3797 1
    0   299  2346 1
    0   300  3795 1
    0   301  2348 1
    0   302  3793 1
    0   303  2350 1
    0   304  3791 1
    0   305  2352 1
    0   306  3789 1
    0   307  2354 1
    0   308  3787 1
    0   309  2356 1
    0   310  3785 1
    0   311  2358 1
    0   312  3783 1
    0   313  2360 1
    0   314  3781 1
    0   315  2362 1
    0   316  3779 1
    0   317  2364 1
    0   318  3777 1
    0   319  2366 1
    0   320  3775 1
    0   321  2368 1
    0   322  3773 1
    0   323  2370 1
    0   324  3771 1
    0   325  2372 1
    0   326  3769 1
    0   327  2374 1
    0   328  3767 1
    0   329  2376 1
    0   330  3765 1
    0   331  2378 1
    0   332  3763 1
    0   333  2380 1
    0   334  3761 1
    0   335  2382 1
    0   336  3759 1
    0   337  2384 1
    0   338  3757 1
    0   339  2386 1
    0   340  3755 1
    0   341  2388 1
    0   342  3753 1
    0   343  2390 1
    0   344  3751 1
    0   345  2392 1
    0   346  3749 1
    0   347  2394 1
    0   348  3747 1
    0   349  2396 1
    0   350  3745 1
    0   351  2398 1
    0   352  3743 1
    0   353  2400 1
    0   354  3741 1
    0   355  2402 1
    0   356  3739 1
    0   357  2404 1
    0   358  3737 1
    0   359  2406 1
    0   360  3735 1
    0   361  2408 1
    0   362  3733 1
    0   363  2410 1
    0   364  3731 1
    0   365  2412 1
    0   366  3729 1
    0   367  2414 1
    0   368  3727 1
    0   369  2416 1
    0   370  3725 1
    0   371  2418 1
    0   372  3723 1
    0   373  2420 1
    0   374  3721 1
    0   375  2422 1
    0   376  3719 1
    0   377  2424 1
    0   378  3717 1
    0   379  2426 1
    0   380  3715 1
    0   381  2428 1
    0   382  3713 1
    0   383  2430 1
    0   384  3711 1
    0   385  2432 1
    0   386  3709 1
    0   387  2434 1
    0   388  3707 1
    0   389  2436 1
    0   390  3705 1
    0   391  2438 1
    0   392  3703 1
    0   393  2440 1
    0   394  3701 1
    0   395  2442 1
    0   396  3699 1
    0   397  2444 1
    0   398  3697 1
    0   399  2446 1
    0   400  3695 1
    0   401  2448 1
    0   402  3693 1
    0   403  2450 1
    0   404  3691 1
    0   405  2452 1
    0   406  3689 1
    0   407  2454 1
    0   408  3687 1
    0   409  2456 1
    0   410  3685 1
    0   411  2458 1
    0   412  3683 1
    0   413  2460 1
    0   414  3681 1
    0   415  2462 1
    0   416  3679 1
    0   417  2464 1
    0   418  3677 1
    0   419  2466 1
    0   420  3675 1
    0   421  2468 1
    0   422  3673 1
    0   423  2470 1
    0   424  3671 1
    0   425  2472 1
    0   426  3669 1
    0   427  2474 1
    0   428  3667 1
    0   429  2476 1
    0   430  3665 1
    0   431  2478 1
    0   432  3663 1
    0   433  2480 1
    0   434  3661 1
    0   435  2482 1
    0   436  3659 1
    0   437  2484 1
    0   438  3657 1
    0   439  2486 1
    0   440  3655 1
    0   441  2488 1
    0   442  3653 1
    0   443  2490 1
    0   444  3651 1
    0   445  2492 1
    0   446  3649 1
    0   447  2494 1
    0   448  3647 1
    0   449  2496 1
    0   450  3645 1
    0   451  2498 1
    0   452  3643 1
    0   453  2500 1
    0   454  3641 1
    0   455  2502 1
    0   456  3639 1
    0   457  2504 1
    0   458  3637 1
    0   459  2506 1
    0   460  3635 1
    0   461  2508 1
    0   462  3633 1
    0   463  2510 1
    0   464  3631 1
    0   465  2512 1
    0   466  3629 1
    0   467  2514 1
    0   468  3627 1
    0   469  2516 1
    0   470  3625 1
    0   471  2518 1
    0   472  3623 1
    0   473  2520 1
    0   474  3621 1
    0   475  2522 1
    0   476  3619 1
    0   477  2524 1
    0   478  3617 1
    0   479  2526 1
    0   480  3615 1
    0   481  2528 1
    0   482  3613 1
    0   483  2530 1
    0   484  3611 1
    0   485  2532 1
    0   486  3609 1
    0   487  2534 1
    0   488  3607 1
    0   489  2536 1
    0   490  3605 1
    0   491  2538 1
    0   492  3603 1
    0   493  2540 1
    0   494  3601 1
    0   495  2542 1
    0   496  3599 1
    0   497  2544 1
    0   498  3597 1
    0   499  2546 1
    0   500  3595 1
    0   501  2548 1
    0   502  3593 1
    0   503  2550 1
    0   504  3591 1
    0   505  2552 1
    0   506  3589 1
    0   507  2554 1
    0   508  3587 1
    0   509  2556 1
    0   510  3585 1
    0   511  2558 1
    0   512  3583 1
    0   513  2560 1
    0   514  3581 1
    0   515  2562 1
    0   516  3579 1
    0   517  2564 1
    0   518  3577 1
    0   519  2566 1
    0   520  3575 1
    0   521  2568 1
    0   522  3573 1
    0   523  2570 1
    0   524  3571 1
    0   525  2572 1
    0   526  3569 1
    0   527  2574 1
    0   528  3567 1
    0   529  2576 1
    0   530  3565 1
    0   531  2578 1
    0   532  3563 1
    0   533  2580 1
    0   534  3561 1
    0   535  2582 1
    0   536  3559 1
    0   537  2584 1
    0   538  3557 1
    0   539  2586 1
    0   540  3555 1
    0   541  2588 1
    0   542  3553 1
    0   543  2590 1
    0   544  3551 1
    0   545  2592 1
    0   546  3549 1
    0   547  2594 1
    0   548  3547 1
    0   549  2596 1
    0   550  3545 1
    0   551  2598 1
    0   552  3543 1
    0   553  2600 1
    0   554  3541 1
    0   555  2602 1
    0   556  3539 1
    0   557  2604 1
    0   558  3537 1
    0   559  2606 1
    0   560  3535 1
    0   561  2608 1
    0   562  3533 1
    0   563  2610 1
    0   564  3531 1
    0   565  2612 1
    0   566  3529 1
    0   567  2614 1
    0   568  3527 1
    0   569  2616 1
    0   570  3525 1
    0   571  2618 1
    0   572  3523 1
    0   573  2620 1
    0   574  3521 1
    0   575  2622 1
    0   576  3519 1
    0   577  2624 1
    0   578  3517 1
    0   579  2626 1
    0   580  3515 1
    0   581  2628 1
    0   582  3513 1
    0   583  2630 1
    0   584  3511 1
    0   585  2632 1
    0   586  3509 1
    0   587  2634 1
    0   588  3507 1
    0   589  2636 1
    0   590  3505 1
    0   591  2638 1
    0   592  3503 1
    0   593  2640 1
    0   594  3501 1
    0   595  2642 1
    0   596  3499 1
    0   597  2644 1
    0   598  3497 1
    0   599  2646 1
    0   600  3495 1
    0   601  2648 1
    0   602  3493 1
    0   603  2650 1
    0   604  3491 1
    0   605  2652 1
    0   606  3489 1
    0   607  2654 1
    0   608  3487 1
    0   609  2656 1
    0   610  3485 1
    0   611  2658 1
    0   612  3483 1
    0   613  2660 1
    0   614  3481 1
    0   615  2662 1
    0   616  3479 1
    0   617  2664 1
    0   618  3477 1
    0   619  2666 1
    0   620  3475 1
    0   621  2668 1
    0   622  3473 1
    0   623  2670 1
    0   624  3471 1
    0   625  2672 1
    0   626  3469 1
    0   627  2674 1
    0   628  3467 1
    0   629  2676 1
    0   630  3465 1
    0   631  2678 1
    0   632  3463 1
    0   633  2680 1
    0   634  3461 1
    0   635  2682 1
    0   636  3459 1
    0   637  2684 1
    0   638  3457 1
    0   639  2686 1
    0   640  3455 1
    0   641  2688 1
    0   642  3453 1
    0   643  2690 1
    0   644  3451 1
    0   645  2692 1
    0   646  3449 1
    0   647  2694 1
    0   648  3447 1
    0   649  2696 1
    0   650  3445 1
    0   651  2698 1
    0   652  3443 1
    0   653  2700 1
    0   654  3441 1
    0   655  2702 1
    0   656  3439 1
    0   657  2704 1
    0   658  3437 1
    0   659  2706 1
    0   660  3435 1
    0   661  2708 1
    0   662  3433 1
    0   663  2710 1
    0   664  3431 1
    0   665  2712 1
    0   666  3429 1
    0   667  2714 1
    0   668  3427 1
    0   669  2716 1
    0   670  3425 1
    0   671  2718 1
    0   672  3423 1
    0   673  2720 1
    0   674  3421 1
    0   675  2722 1
    0   676  3419 1
    0   677  2724 1
    0   678  3417 1
    0   679  2726 1
    0   680  3415 1
    0   681  2728 1
    0   682  3413 1
    0   683  2730 1
    0   684  3411 1
    0   685  2732 1
    0   686  3409 1
    0   687  2734 1
    0   688  3407 1
    0   689  2736 1
    0   690  3405 1
    0   691  2738 1
    0   692  3403 1
    0   693  2740 1
    0   694  3401 1
    0   695  2742 1
    0   696  3399 1
    0   697  2744 1
    0   698  3397 1
    0   699  2746 1
    0   700  3395 1
    0   701  2748 1
    0   702  3393 1
    0   703  2750 1
    0   704  3391 1
    0   705  2752 1
    0   706  3389 1
    0   707  2754 1
    0   708  3387 1
    0   709  2756 1
    0   710  3385 1
    0   711  2758 1
    0   712  3383 1
    0   713  2760 1
    0   714  3381 1
    0   715  2762 1
    0   716  3379 1
    0   717  2764 1
    0   718  3377 1
    0   719  2766 1
    0   720  3375 1
    0   721  2768 1
    0   722  3373 1
    0   723  2770 1
    0   724  3371 1
    0   725  2772 1
    0   726  3369 1
    0   727  2774 1
    0   728  3367 1
    0   729  2776 1
    0   730  3365 1
    0   731  2778 1
    0   732  3363 1
    0   733  2780 1
    0   734  3361 1
    0   735  2782 1
    0   736  3359 1
    0   737  2784 1
    0   738  3357 1
    0   739  2786 1
    0   740  3355 1
    0   741  2788 1
    0   742  3353 1
    0   743  2790 1
    0   744  3351 1
    0   745  2792 1
    0   746  3349 1
    0   747  2794 1
    0   748  3347 1
    0   749  2796 1
    0   750  3345 1
    0   751  2798 1
    0   752  3343 1
    0   753  2800 1
    0   754  3341 1
    0   755  2802 1
    0   756  3339 1
    0   757  2804 1
    0   758  3337 1
    0   759  2806 1
    0   760  3335 1
    0   761  2808 1
    0   762  3333 1
    0   763  2810 1
    0   764  3331 1
    0   765  2812 1
    0   766  3329 1
    0   767  2814 1
    0   768  3327 1
    0   769  2816 1
    0   770  3325 1
    0   771  2818 1
    0   772  3323 1
    0   773  2820 1
    0   774  3321 1
    0   775  2822 1
    0   776  3319 1
    0   777  2824 1
    0   778  3317 1
    0   779  2826 1
    0   780  3315 1
    0   781  2828 1
    0   782  3313 1
    0   783  2830 1
    0   784  3311 1
    0   785  2832 1
    0   786  3309 1
    0   787  2834 1
    0   788  3307 1
    0   789  2836 1
    0   790  3305 1
    0   791  2838 1
    0   792  3303 1
    0   793  2840 1
    0   794  3301 1
    0   795  2842 1
    0   796  3299 1
    0   797  2844 1
    0   798  3297 1
    0   799  2846 1
    0   800  3295 1
    0   801  2848 1
    0   802  3293 1
    0   803  2850 1
    0   804  3291 1
    0   805  2852 1
    0   806  3289 1
    0   807  2854 1
    0   808  3287 1
    0   809  2856 1
    0   810  3285 1
    0   811  2858 1
    0   812  3283 1
    0   813  2860 1
    0   814  3281 1
    0   815  2862 1
    0   816  3279 1
    0   817  2864 1
    0   818  3277 1
    0   819  2866 1
    0   820  3275 1
    0   821  2868 1
    0   822  3273 1
    0   823  2870 1
    0   824  3271 1
    0   825  2872 1
    0   826  3269 1
    0   827  2874 1
    0   828  3267 1
    0   829  2876 1
    0   830  3265 1
    0   831  2878 1
    0   832  3263 1
    0   833  2880 1
    0   834  3261 1
    0   835  2882 1
    0   836  3259 1
    0   837  2884 1
    0   838  3257 1
    0   839  2886 1
    0   840  3255 1
    0   841  2888 1
    0   842  3253 1
    0   843  2890 1
    0   844  3251 1
    0   845  2892 1
    0   846  3249 1
    0   847  2894 1
    0   848  3247 1
    0   849  2896 1
    0   850  3245 1
    0   851  2898 1
    0   852  3243 1
    0   853  2900 1
    0   854  3241 1
    0   855  2902 1
    0   856  3239 1
    0   857  2904 1
    0   858  3237 1
    0   859  2906 1
    0   860  3235 1
    0   861  2908 1
    0   862  3233 1
    0   863  2910 1
    0   864  3231 1
    0   865  2912 1
    0   866  3229 1
    0   867  2914 1
    0   868  3227 1
    0   869  2916 1
    0   870  3225 1
    0   871  2918 1
    0   872  3223 1
    0   873  2920 1
    0   874  3221 1
    0   875  2922 1
    0   876  3219 1
    0   877  2924 1
    0   878  3217 1
    0   879  2926 1
    0   880  3215 1
    0   881  2928 1
    0   882  3213 1
    0   883  2930 1
    0   884  3211 1
    0   885  2932 1
    0   886  3209 1
    0   887  2934 1
    0   888  3207 1
    0   889  2936 1
    0   890  3205 1
    0   891  2938 1
    0   892  3203 1
    0   893  2940 1
    0   894  3201 1
    0   895  2942 1
    0   896  3199 1
    0   897  2944 1
    0   898  3197 1
    0   899  2946 1
    0   900  3195 1
    0   901  2948 1
    0   902  3193 1
    0   903  2950 1
    0   904  3191 1
    0   905  2952 1
    0   906  3189 1
    0   907  2954 1
    0   908  3187 1
    0   909  2956 1
    0   910  3185 1
    0   911  2958 1
    0   912  3183 1
    0   913  2960 1
    0   914  3181 1
    0   915  2962 1
    0   916  3179 1
    0   917  2964 1
    0   918  3177 1
    0   919  2966 1
    0   920  3175 1
    0   921  2968 1
    0   922  3173 1
    0   923  2970 1
    0   924  3171 1
    0   925  2972 1
    0   926  3169 1
    0   927  2974 1
    0   928  3167 1
    0   929  2976 1
    0   930  3165 1
    0   931  2978 1
    0   932  3163 1
    0   933  2980 1
    0   934  3161 1
    0   935  2982 1
    0   936  3159 1
    0   937  2984 1
    0   938  3157 1
    0   939  2986 1
    0   940  3155 1
    0   941  2988 1
    0   942  3153 1
    0   943  2990 1
    0   944  3151 1
    0   945  2992 1
    0   946  3149 1
    0   947  2994 1
    0   948  3147 1
    0   949  2996 1
    0   950  3145 1
    0   951  2998 1
    0   952  3143 1
    0   953  3000 1
    0   954  3141 1
    0   955  3002 1
    0   956  3139 1
    0   957  3004 1
    0   958  3137 1
    0   959  3006 1
    0   960  3135 1
    0   961  3008 1
    0   962  3133 1
    0   963  3010 1
    0   964  3131 1
    0   965  3012 1
    0   966  3129 1
    0   967  3014 1
    0   968  3127 1
    0   969  3016 1
    0   970  3125 1
    0   971  3018 1
    0   972  3123 1
    0   973  3020 1
    0   974  3121 1
    0   975  3022 1
    0   976  3119 1
    0   977  3024 1
    0   978  3117 1
    0   979  3026 1
    0   980  3115 1
    0   981  3028 1
    0   982  3113 1
    0   983  3030 1
    0   984  3111 1
    0   985  3032 1
    0   986  3109 1
    0   987  3034 1
    0   988  3107 1
    0   989  3036 1
    0   990  3105 1
    0   991  3038 1
    0   992  3103 1
    0   993  3040 1
    0   994  3101 1
    0   995  3042 1
    0   996  3099 1
    0   997  3044 1
    0   998  3097 1
    0   999  3046 1
    0  1000  3095 1
    0  1001  3048 1
    0  1002  3093 1
    0  1003  3050 1
    0  1004  3091 1
    0  1005  3052 1
    0  1006  3089 1
    0  1007  3054 1
    0  1008  3087 1
    0  1009  3056 1
    0  1010  3085 1
    0  1011  3058 1
    0  1012  3083 1
    0  1013  3060 1
    0  1014  3081 1
    0  1015  3062 1
    0  1016  3079 1
    0  1017  3064 1
    0  1018  3077 1
    0  1019  3066 1
    0  1020  3075 1
    0  1021  3068 1
    0  1022  3073 1
    0  1023  3070 1
    0  1024  3071 1
    0  1025  3072 1
    0  1026  3069 1
    0  1027  3074 1
    0  1028  3067 1
    0  1029  3076 1
    0  1030  3065 1
    0  1031  3078 1
    0  1032  3063 1
    0  1033  3080 1
    0  1034  3061 1
    0  1035  3082 1
    0  1036  3059 1
    0  1037  3084 1
    0  1038  3057 1
    0  1039  3086 1
    0  1040  3055 1
    0  1041  3088 1
    0  1042  3053 1
    0  1043  3090 1
    0  1044  3051 1
    0  1045  3092 1
    0  1046  3049 1
    0  1047  3094 1
    0  1048  3047 1
    0  1049  3096 1
    0  1050  3045 1
    0  1051  3098 1
    0  1052  3043 1
    0  1053  3100 1
    0  1054  3041 1
    0  1055  3102 1
    0  1056  3039 1
    0  1057  3104 1
    0  1058  3037 1
    0  1059  3106 1
    0  1060  3035 1
    0  1061  3108 1
    0  1062  3033 1
    0  1063  3110 1
    0  1064  3031 1
    0  1065  3112 1
    0  1066  3029 1
    0  1067  3114 1
    0  1068  3027 1
    0  1069  3116 1
    0  1070  3025 1
    0  1071  3118 1
    0  1072  3023 1
    0  1073  3120 1
    0  1074  3021 1
    0  1075  3122 1
    0  1076  3019 1
    0  1077  3124 1
    0  1078  3017 1
    0  1079  3126 1
    0  1080  3015 1
    0  1081  3128 1
    0  1082  3013 1
    0  1083  3130 1
    0  1084  3011 1
    0  1085  3132 1
    0  1086  3009 1
    0  1087  3134 1
    0  1088  3007 1
    0  1089  3136 1
    0  1090  3005 1
    0  1091  3138 1
    0  1092  3003 1
    0  1093  3140 1
    0  1094  3001 1
    0  1095  3142 1
    0  1096  2999 1
    0  1097  3144 1
    0  1098  2997 1
    0  1099  3146 1
    0  1100  2995 1
    0  1101  3148 1
    0  1102  2993 1
    0  1103  3150 1
    0  1104  2991 1
    0  1105  3152 1
    0  1106  2989 1
    0  1107  3154 1
    0  1108  2987 1
    0  1109  3156 1
    0  1110  2985 1
    0  1111  3158 1
    0  1112  2983 1
    0  1113  3160 1
    0  1114  2981 1
    0  1115  3162 1
    0  1116  2979 1
    0  1117  3164 1
    0  1118  2977 1
    0  1119  3166 1
    0  1120  2975 1
    0  1121  3168 1
    0  1122  2973 1
    0  1123  3170 1
    0  1124  2971 1
    0  1125  3172 1
    0  1126  2969 1
    0  1127  3174 1
    0  1128  2967 1
    0  1129  3176 1
    0  1130  2965 1
    0  1131  3178 1
    0  1132  2963 1
    0  1133  3180 1
    0  1134  2961 1
    0  1135  3182 1
    0  1136  2959 1
    0  1137  3184 1
    0  1138  2957 1
    0  1139  3186 1
    0  1140  2955 1
    0  1141  3188 1
    0  1142  2953 1
    0  1143  3190 1
    0  1144  2951 1
    0  1145  3192 1
    0  1146  2949 1
    0  1147  3194 1
    0  1148  2947 1
    0  1149  3196 1
    0  1150  2945 1
    0  1151  3198 1
    0  1152  2943 1
    0  1153  3200 1
    0  1154  2941 1
    0  1155  3202 1
    0  1156  2939 1
    0  1157  3204 1
    0  1158  2937 1
    0  1159  3206 1
    0  1160  2935 1
    0  1161  3208 1
    0  1162  2933 1
    0  1163  3210 1
    0  1164  2931 1
    0  1165  3212 1
    0  1166  2929 1
    0  1167  3214 1
    0  1168  2927 1
    0  1169  3216 1
    0  1170  2925 1
    0  1171  3218 1
    0  1172  2923 1
    0  1173  3220 1
    0  1174  2921 1
    0  1175  3222 1
    0  1176  2919 1
    0  1177  3224 1
    0  1178  2917 1
    0  1179  3226 1
    0  1180  2915 1
    0  1181  3228 1
    0  1182  2913 1
    0  1183  3230 1
    0  1184  2911 1
    0  1185  3232 1
    0  1186  2909 1
    0  1187  3234 1
    0  1188  2907 1
    0  1189  3236 1
    0  1190  2905 1
    0  1191  3238 1
    0  1192  2903 1
    0  1193  3240 1
    0  1194  2901 1
    0  1195  3242 1
    0  1196  2899 1
    0  1197  3244 1
    0  1198  2897 1
    0  1199  3246 1
    0  1200  2895 1
    0  1201  3248 1
    0  1202  2893 1
    0  1203  3250 1
    0  1204  2891 1
    0  1205  3252 1
    0  1206  2889 1
    0  1207  3254 1
    0  1208  2887 1
    0  1209  3256 1
    0  1210  2885 1
    0  1211  3258 1
    0  1212  2883 1
    0  1213  3260 1
    0  1214  2881 1
    0  1215  3262 1
    0  1216  2879 1
    0  1217  3264 1
    0  1218  2877 1
    0  1219  3266 1
    0  1220  2875 1
    0  1221  3268 1
    0  1222  2873 1
    0  1223  3270 1
    0  1224  2871 1
    0  1225  3272 1
    0  1226  2869 1
    0  1227  3274 1
    0  1228  2867 1
    0  1229  3276 1
    0  1230  2865 1
    0  1231  3278 1
    0  1232  2863 1
    0  1233  3280 1
    0  1234  2861 1
    0  1235  3282 1
    0  1236  2859 1
    0  1237  3284 1
    0  1238  2857 1
    0  1239  3286 1
    0  1240  2855 1
    0  1241  3288 1
    0  1242  2853 1
    0  1243  3290 1
    0  1244  2851 1
    0  1245  3292 1
    0  1246  2849 1
    0  1247  3294 1
    0  1248  2847 1
    0  1249  3296 1
    0  1250  2845 1
    0  1251  3298 1
    0  1252  2843 1
    0  1253  3300 1
    0  1254  2841 1
    0  1255  3302 1
    0  1256  2839 1
    0  1257  3304 1
    0  1258  2837 1
    0  1259  3306 1
    0  1260  2835 1
    0  1261  3308 1
    0  1262  2833 1
    0  1263  3310 1
    0  1264  2831 1
    0  1265  3312 1
    0  1266  2829 1
    0  1267  3314 1
    0  1268  2827 1
    0  1269  3316 1
    0  1270  2825 1
    0  1271  3318 1
    0  1272  2823 1
    0  1273  3320 1
    0  1274  2821 1
    0  1275  3322 1
    0  1276  2819 1
    0  1277  3324 1
    0  1278  2817 1
    0  1279  3326 1
    0  1280  2815 1
    0  1281  3328 1
    0  1282  2813 1
    0  1283  3330 1
    0  1284  2811 1
    0  1285  3332 1
    0  1286  2809 1
    0  1287  3334 1
    0  1288  2807 1
    0  1289  3336 1
    0  1290  2805 1
    0  1291  3338 1
    0  1292  2803 1
    0  1293  3340 1
    0  1294  2801 1
    0  1295  3342 1
    0  1296  2799 1
    0  1297  3344 1
    0  1298  2797 1
    0  1299  3346 1
    0  1300  2795 1
    0  1301  3348 1
    0  1302  2793 1
    0  1303  3350 1
    0  1304  2791 1
    0  1305  3352 1
    0  1306  2789 1
    0  1307  3354 1
    0  1308  2787 1
    0  1309  3356 1
    0  1310  2785 1
    0  1311  3358 1
    0  1312  2783 1
    0  1313  3360 1
    0  1314  2781 1
    0  1315  3362 1
    0  1316  2779 1
    0  1317  3364 1
    0  1318  2777 1
    0  1319  3366 1
    0  1320  2775 1
    0  1321  3368 1
    0  1322  2773 1
    0  1323  3370 1
    0  1324  2771 1
    0  1325  3372 1
    0  1326  2769 1
    0  1327  3374 1
    0  1328  2767 1
    0  1329  3376 1
    0  1330  2765 1
    0  1331  3378 1
    0  1332  2763 1
    0  1333  3380 1
    0  1334  2761 1
    0  1335  3382 1
    0  1336  2759 1
    0  1337  3384 1
    0  1338  2757 1
    0  1339  3386 1
    0  1340  2755 1
    0  1341  3388 1
    0  1342  2753 1
    0  1343  3390 1
    0  1344  2751 1
    0  1345  3392 1
    0  1346  2749 1
    0  1347  3394 1
    0  1348  2747 1
    0  1349  3396 1
    0  1350  2745 1
    0  1351  3398 1
    0  1352  2743 1
    0  1353  3400 1
    0  1354  2741 1
    0  1355  3402 1
    0  1356  2739 1
    0  1357  3404 1
    0  1358  2737 1
    0  1359  3406 1
    0  1360  2735 1
    0  1361  3408 1
    0  1362  2733 1
    0  1363  3410 1
    0  1364  2731 1
    0  1365  3412 1
    0  1366  2729 1
    0  1367  3414 1
    0  1368  2727 1
    0  1369  3416 1
    0  1370  2725 1
    0  1371  3418 1
    0  1372  2723 1
    0  1373  3420 1
    0  1374  2721 1
    0  1375  3422 1
    0  1376  2719 1
    0  1377  3424 1
    0  1378  2717 1
    0  1379  3426 1
    0  1380  2715 1
    0  1381  3428 1
    0  1382  2713 1
    0  1383  3430 1
    0  1384  2711 1
    0  1385  3432 1
    0  1386  2709 1
    0  1387  3434 1
    0  1388  2707 1
    0  1389  3436 1
    0  1390  2705 1
    0  1391  3438 1
    0  1392  2703 1
    0  1393  3440 1
    0  1394  2701 1
    0  1395  3442 1
    0  1396  2699 1
    0  1397  3444 1
    0  1398  2697 1
    0  1399  3446 1
    0  1400  2695 1
    0  1401  3448 1
    0  1402  2693 1
    0  1403  3450 1
    0  1404  2691 1
    0  1405  3452 1
    0  1406  2689 1
    0  1407  3454 1
    0  1408  2687 1
    0  1409  3456 1
    0  1410  2685 1
    0  1411  3458 1
    0  1412  2683 1
    0  1413  3460 1
    0  1414  2681 1
    0  1415  3462 1
    0  1416  2679 1
    0  1417  3464 1
    0  1418  2677 1
    0  1419  3466 1
    0  1420  2675 1
    0  1421  3468 1
    0  1422  2673 1
    0  1423  3470 1
    0  1424  2671 1
    0  1425  3472 1
    0  1426  2669 1
    0  1427  3474 1
    0  1428  2667 1
    0  1429  3476 1
    0  1430  2665 1
    0  1431  3478 1
    0  1432  2663 1
    0  1433  3480 1
    0  1434  2661 1
    0  1435  3482 1
    0  1436  2659 1
    0  1437  3484 1
    0  1438  2657 1
    0  1439  3486 1
    0  1440  2655 1
    0  1441  3488 1
    0  1442  2653 1
    0  1443  3490 1
    0  1444  2651 1
    0  1445  3492 1
    0  1446  2649 1
    0  1447  3494 1
    0  1448  2647 1
    0  1449  3496 1
    0  1450  2645 1
    0  1451  3498 1
    0  1452  2643 1
    0  1453  3500 1
    0  1454  2641 1
    0  1455  3502 1
    0  1456  2639 1
    0  1457  3504 1
    0  1458  2637 1
    0  1459  3506 1
    0  1460  2635 1
    0  1461  3508 1
    0  1462  2633 1
    0  1463  3510 1
    0  1464  2631 1
    0  1465  3512 1
    0  1466  2629 1
    0  1467  3514 1
    0  1468  2627 1
    0  1469  3516 1
    0  1470  2625 1
    0  1471  3518 1
    0  1472  2623 1
    0  1473  3520 1
    0  1474  2621 1
    0  1475  3522 1
    0  1476  2619 1
    0  1477  3524 1
    0  1478  2617 1
    0  1479  3526 1
    0  1480  2615 1
    0  1481  3528 1
    0  1482  2613 1
    0  1483  3530 1
    0  1484  2611 1
    0  1485  3532 1
    0  1486  2609 1
    0  1487  3534 1
    0  1488  2607 1
    0  1489  3536 1
    0  1490  2605 1
    0  1491  3538 1
    0  1492  2603 1
    0  1493  3540 1
    0  1494  2601 1
    0  1495  3542 1
    0  1496  2599 1
    0  1497  3544 1
    0  1498  2597 1
    0  1499  3546 1
    0  1500  2595 1
    0  1501  3548 1
    0  1502  2593 1
    0  1503  3550 1
    0  1504  2591 1
    0  1505  3552 1
    0  1506  2589 1
    0  1507  3554 1
    0  1508  2587 1
    0  1509  3556 1
    0  1510  2585 1
    0  1511  3558 1
    0  1512  2583 1
    0  1513  3560 1
    0  1514  2581 1
    0  1515  3562 1
    0  1516  2579 1
    0  1517  3564 1
    0  1518  2577 1
    0  1519  3566 1
    0  1520  2575 1
    0  1521  3568 1
    0  1522  2573 1
    0  1523  3570 1
    0  1524  2571 1
    0  1525  3572 1
    0  1526  2569 1
    0  1527  3574 1
    0  1528  2567 1
    0  1529  3576 1
    0  1530  2565 1
    0  1531  3578 1
    0  1532  2563 1
    0  1533  3580 1
    0  1534  2561 1
    0  1535  3582 1
    0  1536  2559 1
    0  1537  3584 1
    0  1538  2557 1
    0  1539  3586 1
    0  1540  2555 1
    0  1541  3588 1
    0  1542  2553 1
    0  1543  3590 1
    0  1544  2551 1
    0  1545  3592 1
    0  1546  2549 1
    0  1547  3594 1
    0  1548  2547 1
    0  1549  3596 1
    0  1550  2545 1
    0  1551  3598 1
    0  1552  2543 1
    0  1553  3600 1
    0  1554  2541 1
    0  1555  3602 1
    0  1556  2539 1
    0  1557  3604 1
    0  1558  2537 1
    0  1559  3606 1
    0  1560  2535 1
    0  1561  3608 1
    0  1562  2533 1
    0  1563  3610 1
    0  1564  2531 1
    0  1565  3612 1
    0  1566  2529 1
    0  1567  3614 1
    0  1568  2527 1
    0  1569  3616 1
    0  1570  2525 1
    0  1571  3618 1
    0  1572  2523 1
    0  1573  3620 1
    0  1574  2521 1
    0  1575  3622 1
    0  1576  2519 1
    0  1577  3624 1
    0  1578  2517 1
    0  1579  3626 1
    0  1580  2515 1
    0  1581  3628 1
    0  1582  2513 1
    0  1583  3630 1
    0  1584  2511 1
    0  1585  3632 1
    0  1586  2509 1
    0  1587  3634 1
    0  1588  2507 1
    0  1589  3636 1
    0  1590  2505 1
    0  1591  3638 1
    0  1592  2503 1
    0  1593  3640 1
    0  1594  2501 1
    0  1595  3642 1
    0  1596  2499 1
    0  1597  3644 1
    0  1598  2497 1
    0  1599  3646 1
    0  1600  2495 1
    0  1601  3648 1
    0  1602  2493 1
    0  1603  3650 1
    0  1604  2491 1
    0  1605  3652 1
    0  1606  2489 1
    0  1607  3654 1
    0  1608  2487 1
    0  1609  3656 1
    0  1610  2485 1
    0  1611  3658 1
    0  1612  2483 1
    0  1613  3660 1
    0  1614  2481 1
    0  1615  3662 1
    0  1616  2479 1
    0  1617  3664 1
    0  1618  2477 1
    0  1619  3666 1
    0  1620  2475 1
    0  1621  3668 1
    0  1622  2473 1
    0  1623  3670 1
    0  1624  2471 1
    0  1625  3672 1
    0  1626  2469 1
    0  1627  3674 1
    0  1628  2467 1
    0  1629  3676 1
    0  1630  2465 1
    0  1631  3678 1
    0  1632  2463 1
    0  1633  3680 1
    0  1634  2461 1
    0  1635  3682 1
    0  1636  2459 1
    0  1637  3684 1
    0  1638  2457 1
    0  1639  3686 1
    0  1640  2455 1
    0  1641  3688 1
    0  1642  2453 1
    0  1643  3690 1
    0  1644  2451 1
    0  1645  3692 1
    0  1646  2449 1
    0  1647  3694 1
    0  1648  2447 1
    0  1649  3696 1
    0  1650  2445 1
    0  1651  3698 1
    0  1652  2443 1
    0  1653  3700 1
    0  1654  2441 1
    0  1655  3702 1
    0  1656  2439 1
    0  1657  3704 1
    0  1658  2437 1
    0  1659  3706 1
    0  1660  2435 1
    0  1661  3708 1
    0  1662  2433 1
    0  1663  3710 1
    0  1664  2431 1
    0  1665  3712 1
    0  1666  2429 1
    0  1667  3714 1
    0  1668  2427 1
    0  1669  3716 1
    0  1670  2425 1
    0  1671  3718 1
    0  1672  2423 1
    0  1673  3720 1
    0  1674  2421 1
    0  1675  3722 1
    0  1676  2419 1
    0  1677  3724 1
    0  1678  2417 1
    0  1679  3726 1
    0  1680  2415 1
    0  1681  3728 1
    0  1682  2413 1
    0  1683  3730 1
    0  1684  2411 1
    0  1685  3732 1
    0  1686  2409 1
    0  1687  3734 1
    0  1688  2407 1
    0  1689  3736 1
    0  1690  2405 1
    0  1691  3738 1
    0  1692  2403 1
    0  1693  3740 1
    0  1694  2401 1
    0  1695  3742 1
    0  1696  2399 1
    0  1697  3744 1
    0  1698  2397 1
    0  1699  3746 1
    0  1700  2395 1
    0  1701  3748 1
    0  1702  2393 1
    0  1703  3750 1
    0  1704  2391 1
    0  1705  3752 1
    0  1706  2389 1
    0  1707  3754 1
    0  1708  2387 1
    0  1709  3756 1
    0  1710  2385 1
    0  1711  3758 1
    0  1712  2383 1
    0  1713  3760 1
    0  1714  2381 1
    0  1715  3762 1
    0  1716  2379 1
    0  1717  3764 1
    0  1718  2377 1
    0  1719  3766 1
    0  1720  2375 1
    0  1721  3768 1
    0  1722  2373 1
    0  1723  3770 1
    0  1724  2371 1
    0  1725  3772 1
    0  1726  2369 1
    0  1727  3774 1
    0  1728  2367 1
    0  1729  3776 1
    0  1730  2365 1
    0  1731  3778 1
    0  1732  2363 1
    0  1733  3780 1
    0  1734  2361 1
    0  1735  3782 1
    0  1736  2359 1
    0  1737  3784 1
    0  1738  2357 1
    0  1739  3786 1
    0  1740  2355 1
    0  1741  3788 1
    0  1742  2353 1
    0  1743  3790 1
    0  1744  2351 1
    0  1745  3792 1
    0  1746  2349 1
    0  1747  3794 1
    0  1748  2347 1
    0  1749  3796 1
    0  1750  2345 1
    0  1751  3798 1
    0  1752  2343 1
    0  1753  3800 1
    0  1754  2341 1
    0  1755  3802 1
    0  1756  2339 1
    0  1757  3804 1
    0  1758  2337 1
    0  1759  3806 1
    0  1760  2335 1
    0  1761  3808 1
    0  1762  2333 1
    0  1763  3810 1
    0  1764  2331 1
    0  1765  3812 1
    0  1766  2329 1
    0  1767  3814 1
    0  1768  2327 1
    0  1769  3816 1
    0  1770  2325 1
    0  1771  3818 1
    0  1772  2323 1
    0  1773  3820 1
    0  1774  2321 1
    0  1775  3822 1
    0  1776  2319 1
    0  1777  3824 1
    0  1778  2317 1
    0  1779  3826 1
    0  1780  2315 1
    0  1781  3828 1
    0  1782  2313 1
    0  1783  3830 1
    0  1784  2311 1
    0  1785  3832 1
    0  1786  2309 1
    0  1787  3834 1
    0  1788  2307 1
    0  1789  3836 1
    0  1790  2305 1
    0  1791  3838 1
    0  1792  2303 1
    0  1793  3840 1
    0  1794  2301 1
    0  1795  3842 1
    0  1796  2299 1
    0  1797  3844 1
    0  1798  2297 1
    0  1799  3846 1
    0  1800  2295 1
    0  1801  3848 1
    0  1802  2293 1
    0  1803  3850 1
    0  1804  2291 1
    0  1805  3852 1
    0  1806  2289 1
    0  1807  3854 1
    0  1808  2287 1
    0  1809  3856 1
    0  1810  2285 1
    0  1811  3858 1
    0  1812  2283 1
    0  1813  3860 1
    0  1814  2281 1
    0  1815  3862 1
    0  1816  2279 1
    0  1817  3864 1
    0  1818  2277 1
    0  1819  3866 1
    0  1820  2275 1
    0  1821  3868 1
    0  1822  2273 1
    0  1823  3870 1
    0  1824  2271 1
    0  1825  3872 1
    0  1826  2269 1
    0  1827  3874 1
    0  1828  2267 1
    0  1829  3876 1
    0  1830  2265 1
    0  1831  3878 1
    0  1832  2263 1
    0  1833  3880 1
    0  1834  2261 1
    0  1835  3882 1
    0  1836  2259 1
    0  1837  3884 1
    0  1838  2257 1
    0  1839  3886 1
    0  1840  2255 1
    0  1841  3888 1
    0  1842  2253 1
    0  1843  3890 1
    0  1844  2251 1
    0  1845  3892 1
    0  1846  2249 1
    0  1847  3894 1
    0  1848  2247 1
    0  1849  3896 1
    0  1850  2245 1
    0  1851  3898 1
    0  1852  2243 1
    0  1853  3900 1
    0  1854  2241 1
    0  1855  3902 1
    0  1856  2239 1
    0  1857  3904 1
    0  1858  2237 1
    0  1859  3906 1
    0  1860  2235 1
    0  1861  3908 1
    0  1862  2233 1
    0  1863  3910 1
    0  1864  2231 1
    0  1865  3912 1
    0  1866  2229 1
    0  1867  3914 1
    0  1868  2227 1
    0  1869  3916 1
    0  1870  2225 1
    0  1871  3918 1
    0  1872  2223 1
    0  1873  3920 1
    0  1874  2221 1
    0  1875  3922 1
    0  1876  2219 1
    0  1877  3924 1
    0  1878  2217 1
    0  1879  3926 1
    0  1880  2215 1
    0  1881  3928 1
    0  1882  2213 1
    0  1883  3930 1
    0  1884  2211 1
    0  1885  3932 1
    0  1886  2209 1
    0  1887  3934 1
    0  1888  2207 1
    0  1889  3936 1
    0  1890  2205 1
    0  1891  3938 1
    0  1892  2203 1
    0  1893  3940 1
    0  1894  2201 1
    0  1895  3942 1
    0  1896  2199 1
    0  1897  3944 1
    0  1898  2197 1
    0  1899  3946 1
    0  1900  2195 1
    0  1901  3948 1
    0  1902  2193 1
    0  1903  3950 1
    0  1904  2191 1
    0  1905  3952 1
    0  1906  2189 1
    0  1907  3954 1
    0  1908  2187 1
    0  1909  3956 1
    0  1910  2185 1
    0  1911  3958 1
    0  1912  2183 1
    0  1913  3960 1
    0  1914  2181 1
    0  1915  3962 1
    0  1916  2179 1
    0  1917  3964 1
    0  1918  2177 1
    0  1919  3966 1
    0  1920  2175 1
    0  1921  3968 1
    0  1922  2173 1
    0  1923  3970 1
    0  1924  2171 1
    0  1925  3972 1
    0  1926  2169 1
    0  1927  3974 1
    0  1928  2167 1
    0  1929  3976 1
    0  1930  2165 1
    0  1931  3978 1
    0  1932  2163 1
    0  1933  3980 1
    0  1934  2161 1
    0  1935  3982 1
    0  1936  2159 1
    0  1937  3984 1
    0  1938  2157 1
    0  1939  3986 1
    0  1940  2155 1
    0  1941  3988 1
    0  1942  2153 1
    0  1943  3990 1
    0  1944  2151 1
    0  1945  3992 1
    0  1946  2149 1
    0  1947  3994 1
    0  1948  2147 1
    0  1949  3996 1
    0  1950  2145 1
    0  1951  3998 1
    0  1952  2143 1
    0  1953  4000 1
    0  1954  2141 1
    0  1955  4002 1
    0  1956  2139 1
    0  1957  4004 1
    0  1958  2137 1
    0  1959  4006 1
    0  1960  2135 1
    0  1961  4008 1
    0  1962  2133 1
    0  1963  4010 1
    0  1964  2131 1
    0  1965  4012 1
    0  1966  2129 1
    0  1967  4014 1
    0  1968  2127 1
    0  1969  4016 1
    0  1970  2125 1
    0  1971  4018 1
    0  1972  2123 1
    0  1973  4020 1
    0  1974  2121 1
    0  1975  4022 1
    0  1976  2119 1
    0  1977  4024 1
    0  1978  2117 1
    0  1979  4026 1
    0  1980  2115 1
    0  1981  4028 1
    0  1982  2113 1
    0  1983  4030 1
    0  1984  2111 1
    0  1985  4032 1
    0  1986  2109 1
    0  1987  4034 1
    0  1988  2107 1
    0  1989  4036 1
    0  1990  2105 1
    0  1991  4038 1
    0  1992  2103 1
    0  1993  4040 1
    0  1994  2101 1
    0  1995  4042 1
    0  1996  2099 1
    0  1997  4044 1
    0  1998  2097 1
    0  1999  4046 1
    0  2000  2095 1
    0  2001  4048 1
    0  2002  2093 1
    0  2003  4050 1
    0  2004  2091 1
    0  2005  4052 1
    0  2006  2089 1
    0  2007  4054 1
    0  2008  2087 1
    0  2009  4056 1
    0  2010  2085 1
    0  2011  4058 1
    0  2012  2083 1
    0  2013  4060 1
    0  2014  2081 1
    0  2015  4062 1
    0  2016  2079 1
    0  2017  4064 1
    0  2018  2077 1
    0  2019  4066 1
    0  2020  2075 1
    0  2021  4068 1
    0  2022  2073 1
    0  2023  4070 1
    0  2024  2071 1
    0  2025  4072 1
    0  2026  2069 1
    0  2027  4074 1
    0  2028  2067 1
    0  2029  4076 1
    0  2030  2065 1
    0  2031  4078 1
    0  2032  2063 1
    0  2033  4080 1
    0  2034  2061 1
    0  2035  4082 1
    0  2036  2059 1
    0  2037  4084 1
    0  2038  2057 1
    0  2039  4086 1
    0  2040  2055 1
    0  2041  4088 1
    0  2042  2053 1
    0  2043  4090 1
    0  2044  2051 1
    0  2045  4092 1
    0  2046  2049 1
    0  2047  4094 1
    0  2048     1 1
    0  2049  2046 1
    0  2050     3 1
    0  2051  2044 1
    0  2052     5 1
    0  2053  2042 1
    0  2054     7 1
    0  2055  2040 1
    0  2056     9 1
    0  2057  2038 1
    0  2058    11 1
    0  2059  2036 1
    0  2060    13 1
    0  2061  2034 1
    0  2062    15 1
    0  2063  2032 1
    0  2064    17 1
    0  2065  2030 1
    0  2066    19 1
    0  2067  2028 1
    0  2068    21 1
    0  2069  2026 1
    0  2070    23 1
    0  2071  2024 1
    0  2072    25 1
    0  2073  2022 1
    0  2074    27 1
    0  2075  2020 1
    0  2076    29 1
    0  2077  2018 1
    0  2078    31 1
    0  2079  2016 1
    0  2080    33 1
    0  2081  2014 1
    0  2082    35 1
    0  2083  2012 1
    0  2084    37 1
    0  2085  2010 1
    0  2086    39 1
    0  2087  2008 1
    0  2088    41 1
    0  2089  2006 1
    0  2090    43 1
    0  2091  2004 1
    0  2092    45 1
    0  2093  2002 1
    0  2094    47 1
    0  2095  2000 1
    0  2096    49 1
    0  2097  1998 1
    0  2098    51 1
    0  2099  1996 1
    0  2100    53 1
    0  2101  1994 1
    0  2102    55 1
    0  2103  1992 1
    0  2104    57 1
    0  2105  1990 1
    0  2106    59 1
    0  2107  1988 1
    0  2108    61 1
    0  2109  1986 1
    0  2110    63 1
    0  2111  1984 1
    0  2112    65 1
    0  2113  1982 1
    0  2114    67 1
    0  2115  1980 1
    0  2116    69 1
    0  2117  1978 1
    0  2118    71 1
    0  2119  1976 1
    0  2120    73 1
    0  2121  1974 1
    0  2122    75 1
    0  2123  1972 1
    0  2124    77 1
    0  2125  1970 1
    0  2126    79 1
    0  2127  1968 1
    0  2128    81 1
    0  2129  1966 1
    0  2130    83 1
    0  2131  1964 1
    0  2132    85 1
    0  2133  1962 1
    0  2134    87 1
    0  2135  1960 1
    0  2136    89 1
    0  2137  1958 1
    0  2138    91 1
    0  2139  1956 1
    0  2140    93 1
    0  2141  1954 1
    0  2142    95 1
    0  2143  1952 1
    0  2144    97 1
    0  2145  1950 1
    0  2146    99 1
    0  2147  1948 1
    0  2148   101 1
    0  2149  1946 1
    0  2150   103 1
    0  2151  1944 1
    0  2152   105 1
    0  2153  1942 1
    0  2154   107 1
    0  2155  1940 1
    0  2156   109 1
    0  2157  1938 1
    0  2158   111 1
    0  2159  1936 1
    0  2160   113 1
    0  2161  1934 1
    0  2162   115 1
    0  2163  1932 1
    0  2164   117 1
    0  2165  1930 1
    0  2166   119 1
    0  2167  1928 1
    0  2168   121 1
    0  2169  1926 1
    0  2170   123 1
    0  2171  1924 1
    0  2172   125 1
    0  2173  1922 1
    0  2174   127 1
    0  2175  1920 1
    0  2176   129 1
    0  2177  1918 1
    0  2178   131 1
    0  2179  1916 1
    0  2180   133 1
    0  2181  1914 1
    0  2182   135 1
    0  2183  1912 1
    0  2184   137 1
    0  2185  1910 1
    0  2186   139 1
    0  2187  1908 1
    0  2188   141 1
    0  2189  1906 1
    0  2190   143 1
    0  2191  1904 1
    0  2192   145 1
    0  2193  1902 1
    0  2194   147 1
    0  2195  1900 1
    0  2196   149 1
    0  2197  1898 1
    0  2198   151 1
    0  2199  1896 1
    0  2200   153 1
    0  2201  1894 1
    0  2202   155 1
    0  2203  1892 1
    0  2204   157 1
    0  2205  1890 1
    0  2206   159 1
    0  2207  1888 1
    0  2208   161 1
    0  2209  1886 1
    0  2210   163 1
    0  2211  1884 1
    0  2212   165 1
    0  2213  1882 1
    0  2214   167 1
    0  2215  1880 1
    0  2216   169 1
    0  2217  1878 1
    0  2218   171 1
    0  2219  1876 1
    0  2220   173 1
    0  2221  1874 1
    0  2222   175 1
    0  2223  1872 1
    0  2224   177 1
    0  2225  1870 1
    0  2226   179 1
    0  2227  1868 1
    0  2228   181 1
    0  2229  1866 1
    0  2230   183 1
    0  2231  1864 1
    0  2232   185 1
    0  2233  1862 1
    0  2234   187 1
    0  2235  1860 1
    0  2236   189 1
    0  2237  1858 1
    0  2238   191 1
    0  2239  1856 1
    0  2240   193 1
    0  2241  1854 1
    0  2242   195 1
    0  2243  1852 1
    0  2244   197 1
    0  2245  1850 1
    0  2246   199 1
    0  2247  1848 1
    0  2248   201 1
    0  2249  1846 1
    0  2250   203 1
    0  2251  1844 1
    0  2252   205 1
    0  2253  1842 1
    0  2254   207 1
    0  2255  1840 1
    0  2256   209 1
    0  2257  1838 1
    0  2258   211 1
    0  2259  1836 1
    0  2260   213 1
    0  2261  1834 1
    0  2262   215 1
    0  2263  1832 1
    0  2264   217 1
    0  2265  1830 1
    0  2266   219 1
    0  2267  1828 1
    0  2268   221 1
    0  2269  1826 1
    0  2270   223 1
    0  2271  1824 1
    0  2272   225 1
    0  2273  1822 1
    0  2274   227 1
    0  2275  1820 1
    0  2276   229 1
    0  2277  1818 1
    0  2278   231 1
    0  2279  1816 1
    0  2280   233 1
    0  2281  1814 1
    0  2282   235 1
    0  2283  1812 1
    0  2284   237 1
    0  2285  1810 1
    0  2286   239 1
    0  2287  1808 1
    0  2288   241 1
    0  2289  1806 1
    0  2290   243 1
    0  2291  1804 1
    0  2292   245 1
    0  2293  1802 1
    0  2294   247 1
    0  2295  1800 1
    0  2296   249 1
    0  2297  1798 1
    0  2298   251 1
    0  2299  1796 1
    0  2300   253 1
    0  2301  1794 1
    0  2302   255 1
    0  2303  1792 1
    0  2304   257 1
    0  2305  1790 1
    0  2306   259 1
    0  2307  1788 1
    0  2308   261 1
    0  2309  1786 1
    0  2310   263 1
    0  2311  1784 1
    0  2312   265 1
    0  2313  1782 1
    0  2314   267 1
    0  2315  1780 1
    0  2316   269 1
    0  2317  1778 1
    0  2318   271 1
    0  2319  1776 1
    0  2320   273 1
    0  2321  1774 1
    0  2322   275 1
    0  2323  1772 1
    0  2324   277 1
    0  2325  1770 1
    0  2326   279 1
    0  2327  1768 1
    0  2328   281 1
    0  2329  1766 1
    0  2330   283 1
    0  2331  1764 1
    0  2332   285 1
    0  2333  1762 1
    0  2334   287 1
    0  2335  1760 1
    0  2336   289 1
    0  2337  1758 1
    0  2338   291 1
    0  2339  1756 1
    0  2340   293 1
    0  2341  1754 1
    0  2342   295 1
    0  2343  1752 1
    0  2344   297 1
    0  2345  1750 1
    0  2346   299 1
    0  2347  1748 1
    0  2348   301 1
    0  2349  1746 1
    0  2350   303 1
    0  2351  1744 1
    0  2352   305 1
    0  2353  1742 1
    0  2354   307 1
    0  2355  1740 1
    0  2356   309 1
    0  2357  1738 1
    0  2358   311 1
    0  2359  1736 1
    0  2360   313 1
    0  2361  1734 1
    0  2362   315 1
    0  2363  1732 1
    0  2364   317 1
    0  2365  1730 1
    0  2366   319 1
    0  2367  1728 1
    0  2368   321 1
    0  2369  1726 1
    0  2370   323 1
    0  2371  1724 1
    0  2372   325 1
    0  2373  1722 1
    0  2374   327 1
    0  2375  1720 1
    0  2376   329 1
    0  2377  1718 1
    0  2378   331 1
    0  2379  1716 1
    0  2380   333 1
    0  2381  1714 1
    0  2382   335 1
    0  2383  1712 1
    0  2384   337 1
    0  2385  1710 1
    0  2386   339 1
    0  2387  1708 1
    0  2388   341 1
    0  2389  1706 1
    0  2390   343 1
    0  2391  1704 1
    0  2392   345 1
    0  2393  1702 1
    0  2394   347 1
    0  2395  1700 1
    0  2396   349 1
    0  2397  1698 1
    0  2398   351 1
    0  2399  1696 1
    0  2400   353 1
    0  2401  1694 1
    0  2402   355 1
    0  2403  1692 1
    0  2404   357 1
    0  2405  1690 1
    0  2406   359 1
    0  2407  1688 1
    0  2408   361 1
    0  2409  1686 1
    0  2410   363 1
    0  2411  1684 1
    0  2412   365 1
    0  2413  1682 1
    0  2414   367 1
    0  2415  1680 1
    0  2416   369 1
    0  2417  1678 1
    0  2418   371 1
    0  2419  1676 1
    0  2420   373 1
    0  2421  1674 1
    0  2422   375 1
    0  2423  1672 1
    0  2424   377 1
    0  2425  1670 1
    0  2426   379 1
    0  2427  1668 1
    0  2428   381 1
    0  2429  1666 1
    0  2430   383 1
    0  2431  1664 1
    0  2432   385 1
    0  2433  1662 1
    0  2434   387 1
    0  2435  1660 1
    0  2436   389 1
    0  2437  1658 1
    0  2438   391 1
    0  2439  1656 1
    0  2440   393 1
    0  2441  1654 1
    0  2442   395 1
    0  2443  1652 1
    0  2444   397 1
    0  2445  1650 1
    0  2446   399 1
    0  2447  1648 1
    0  2448   401 1
    0  2449  1646 1
    0  2450   403 1
    0  2451  1644 1
    0  2452   405 1
    0  2453  1642 1
    0  2454   407 1
    0  2455  1640 1
    0  2456   409 1
    0  2457  1638 1
    0  2458   411 1
    0  2459  1636 1
    0  2460   413 1
    0  2461  1634 1
    0  2462   415 1
    0  2463  1632 1
    0  2464   417 1
    0  2465  1630 1
    0  2466   419 1
    0  2467  1628 1
    0  2468   421 1
    0  2469  1626 1
    0  2470   423 1
    0  2471  1624 1
    0  2472   425 1
    0  2473  1622 1
    0  2474   427 1
    0  2475  1620 1
    0  2476   429 1
    0  2477  1618 1
    0  2478   431 1
    0  2479  1616 1
    0  2480   433 1
    0  2481  1614 1
    0  2482   435 1
    0  2483  1612 1
    0  2484   437 1
    0  2485  1610 1
    0  2486   439 1
    0  2487  1608 1
    0  2488   441 1
    0  2489  1606 1
    0  2490   443 1
    0  2491  1604 1
    0  2492   445 1
    0  2493  1602 1
    0  2494   447 1
    0  2495  1600 1
    0  2496   449 1
    0  2497  1598 1
    0  2498   451 1
    0  2499  1596 1
    0  2500   453 1
    0  2501  1594 1
    0  2502   455 1
    0  2503  1592 1
    0  2504   457 1
    0  2505  1590 1
    0  2506   459 1
    0  2507  1588 1
    0  2508   461 1
    0  2509  1586 1
    0  2510   463 1
    0  2511  1584 1
    0  2512   465 1
    0  2513  1582 1
    0  2514   467 1
    0  2515  1580 1
    0  2516   469 1
    0  2517  1578 1
    0  2518   471 1
    0  2519  1576 1
    0  2520   473 1
    0  2521  1574 1
    0  2522   475 1
    0  2523  1572 1
    0  2524   477 1
    0  2525  1570 1
    0  2526   479 1
    0  2527  1568 1
    0  2528   481 1
    0  2529  1566 1
    0  2530   483 1
    0  2531  1564 1
    0  2532   485 1
    0  2533  1562 1
    0  2534   487 1
    0  2535  1560 1
    0  2536   489 1
    0  2537  1558 1
    0  2538   491 1
    0  2539  1556 1
    0  2540   493 1
    0  2541  1554 1
    0  2542   495 1
    0  2543  1552 1
    0  2544   497 1
    0  2545  1550 1
    0  2546   499 1
    0  2547  1548 1
    0  2548   501 1
    0  2549  1546 1
    0  2550   503 1
    0  2551  1544 1
    0  2552   505 1
    0  2553  1542 1
    0  2554   507 1
    0  2555  1540 1
    0  2556   509 1
    0  2557  1538 1
    0  2558   511 1
    0  2559  1536 1
    0  2560   513 1
    0  2561  1534 1
    0  2562   515 1
    0  2563  1532 1
    0  2564   517 1
    0  2565  1530 1
    0  2566   519 1
    0  2567  1528 1
    0  2568   521 1
    0  2569  1526 1
    0  2570   523 1
    0  2571  1524 1
    0  2572   525 1
    0  2573  1522 1
    0  2574   527 1
    0  2575  1520 1
    0  2576   529 1
    0  2577  1518 1
    0  2578   531 1
    0  2579  1516 1
    0  2580   533 1
    0  2581  1514 1
    0  2582   535 1
    0  2583  1512 1
    0  2584   537 1
    0  2585  1510 1
    0  2586   539 1
    0  2587  1508 1
    0  2588   541 1
    0  2589  1506 1
    0  2590   543 1
    0  2591  1504 1
    0  2592   545 1
    0  2593  1502 1
    0  2594   547 1
    0  2595  1500 1
    0  2596   549 1
    0  2597  1498 1
    0  2598   551 1
    0  2599  1496 1
    0  2600   553 1
    0  2601  1494 1
    0  2602   555 1
    0  2603  1492 1
    0  2604   557 1
    0  2605  1490 1
    0  2606   559 1
    0  2607  1488 1
    0  2608   561 1
    0  2609  1486 1
    0  2610   563 1
    0  2611  1484 1
    0  2612   565 1
    0  2613  1482 1
    0  2614   567 1
    0  2615  1480 1
    0  2616   569 1
    0  2617  1478 1
    0  2618   571 1
    0  2619  1476 1
    0  2620   573 1
    0  2621  1474 1
    0  2622   575 1
    0  2623  1472 1
    0  2624   577 1
    0  2625  1470 1
    0  2626   579 1
    0  2627  1468 1
    0  2628   581 1
    0  2629  1466 1
    0  2630   583 1
    0  2631  1464 1
    0  2632   585 1
    0  2633  1462 1
    0  2634   587 1
    0  2635  1460 1
    0  2636   589 1
    0  2637  1458 1
    0  2638   591 1
    0  2639  1456 1
    0  2640   593 1
    0  2641  1454 1
    0  2642   595 1
    0  2643  1452 1
    0  2644   597 1
    0  2645  1450 1
    0  2646   599 1
    0  2647  1448 1
    0  2648   601 1
    0  2649  1446 1
    0  2650   603 1
    0  2651  1444 1
    0  2652   605 1
    0  2653  1442 1
    0  2654   607 1
    0  2655  1440 1
    0  2656   609 1
    0  2657  1438 1
    0  2658   611 1
    0  2659  1436 1
    0  2660   613 1
    0  2661  1434 1
    0  2662   615 1
    0  2663  1432 1
    0  2664   617 1
    0  2665  1430 1
    0  2666   619 1
    0  2667  1428 1
    0  2668   621 1
    0  2669  1426 1
    0  2670   623 1
    0  2671  1424 1
    0  2672   625 1
    0  2673  1422 1
    0  2674   627 1
    0  2675  1420 1
    0  2676   629 1
    0  2677  1418 1
    0  2678   631 1
    0  2679  1416 1
    0  2680   633 1
    0  2681  1414 1
    0  2682   635 1
    0  2683  1412 1
    0  2684   637 1
    0  2685  1410 1
    0  2686   639 1
    0  2687  1408 1
    0  2688   641 1
    0  2689  1406 1
    0  2690   643 1
    0  2691  1404 1
    0  2692   645 1
    0  2693  1402 1
    0  2694   647 1
    0  2695  1400 1
    0  2696   649 1
    0  2697  1398 1
    0  2698   651 1
    0  2699  1396 1
    0  2700   653 1
    0  2701  1394 1
    0  2702   655 1
    0  2703  1392 1
    0  2704   657 1
    0  2705  1390 1
    0  2706   659 1
    0  2707  1388 1
    0  2708   661 1
    0  2709  1386 1
    0  2710   663 1
    0  2711  1384 1
    0  2712   665 1
    0  2713  1382 1
    0  2714   667 1
    0  2715  1380 1
    0  2716   669 1
    0  2717  1378 1
    0  2718   671 1
    0  2719  1376 1
    0  2720   673 1
    0  2721  1374 1
    0  2722   675 1
    0  2723  1372 1
    0  2724   677 1
    0  2725  1370 1
    0  2726   679 1
    0  2727  1368 1
    0  2728   681 1
    0  2729  1366 1
    0  2730   683 1
    0  2731  1364 1
    0  2732   685 1
    0  2733  1362 1
    0  2734   687 1
    0  2735  1360 1
    0  2736   689 1
    0  2737  1358 1
    0  2738   691 1
    0  2739  1356 1
    0  2740   693 1
    0  2741  1354 1
    0  2742   695 1
    0  2743  1352 1
    0  2744   697 1
    0  2745  1350 1
    0  2746   699 1
    0  2747  1348 1
    0  2748   701 1
    0  2749  1346 1
    0  2750   703 1
    0  2751  1344 1
    0  2752   705 1
    0  2753  1342 1
    0  2754   707 1
    0  2755  1340 1
    0  2756   709 1
    0  2757  1338 1
    0  2758   711 1
    0  2759  1336 1
    0  2760   713 1
    0  2761  1334 1
    0  2762   715 1
    0  2763  1332 1
    0  2764   717 1
    0  2765  1330 1
    0  2766   719 1
    0  2767  1328 1
    0  2768   721 1
    0  2769  1326 1
    0  2770   723 1
    0  2771  1324 1
    0  2772   725 1
    0  2773  1322 1
    0  2774   727 1
    0  2775  1320 1
    0  2776   729 1
    0  2777  1318 1
    0  2778   731 1
    0  2779  1316 1
    0  2780   733 1
    0  2781  1314 1
    0  2782   735 1
    0  2783  1312 1
    0  2784   737 1
    0  2785  1310 1
    0  2786   739 1
    0  2787  1308 1
    0  2788   741 1
    0  2789  1306 1
    0  2790   743 1
    0  2791  1304 1
    0  2792   745 1
    0  2793  1302 1
    0  2794   747 1
    0  2795  1300 1
    0  2796   749 1
    0  2797  1298 1
    0  2798   751 1
    0  2799  1296 1
    0  2800   753 1
    0  2801  1294 1
    0  2802   755 1
    0  2803  1292 1
    0  2804   757 1
    0  2805  1290 1
    0  2806   759 1
    0  2807  1288 1
    0  2808   761 1
    0  2809  1286 1
    0  2810   763 1
    0  2811  1284 1
    0  2812   765 1
    0  2813  1282 1
    0  2814   767 1
    0  2815  1280 1
    0  2816   769 1
    0  2817  1278 1
    0  2818   771 1
    0  2819  1276 1
    0  2820   773 1
    0  2821  1274 1
    0  2822   775 1
    0  2823  1272 1
    0  2824   777 1
    0  2825  1270 1
    0  2826   779 1
    0  2827  1268 1
    0  2828   781 1
    0  2829  1266 1
    0  2830   783 1
    0  2831  1264 1
    0  2832   785 1
    0  2833  1262 1
    0  2834   787 1
    0  2835  1260 1
    0  2836   789 1
    0  2837  1258 1
    0  2838   791 1
    0  2839  1256 1
    0  2840   793 1
    0  2841  1254 1
    0  2842   795 1
    0  2843  1252 1
    0  2844   797 1
    0  2845  1250 1
    0  2846   799 1
    0  2847  1248 1
    0  2848   801 1
    0  2849  1246 1
    0  2850   803 1
    0  2851  1244 1
    0  2852   805 1
    0  2853  1242 1
    0  2854   807 1
    0  2855  1240 1
    0  2856   809 1
    0  2857  1238 1
    0  2858   811 1
    0  2859  1236 1
    0  2860   813 1
    0  2861  1234 1
    0  2862   815 1
    0  2863  1232 1
    0  2864   817 1
    0  2865  1230 1
    0  2866   819 1
    0  2867  1228 1
    0  2868   821 1
    0  2869  1226 1
    0  2870   823 1
    0  2871  1224 1
    0  2872   825 1
    0  2873  1222 1
    0  2874   827 1
    0  2875  1220 1
    0  2876   829 1
    0  2877  1218 1
    0  2878   831 1
    0  2879  1216 1
    0  2880   833 1
    0  2881  1214 1
    0  2882   835 1
    0  2883  1212 1
    0  2884   837 1
    0  2885  1210 1
    0  2886   839 1
    0  2887  1208 1
    0  2888   841 1
    0  2889  1206 1
    0  2890   843 1
    0  2891  1204 1
    0  2892   845 1
    0  2893  1202 1
    0  2894   847 1
    0  2895  1200 1
    0  2896   849 1
    0  2897  1198 1
    0  2898   851 1
    0  2899  1196 1
    0  2900   853 1
    0  2901  1194 1
    0  2902   855 1
    0  2903  1192 1
    0  2904   857 1
    0  2905  1190 1
    0  2906   859 1
    0  2907  1188 1
    0  2908   861 1
    0  2909  1186 1
    0  2910   863 1
    0  2911  1184 1
    0  2912   865 1
    0  2913  1182 1
    0  2914   867 1
    0  2915  1180 1
    0  2916   869 1
    0  2917  1178 1
    0  2918   871 1
    0  2919  1176 1
    0  2920   873 1
    0  2921  1174 1
    0  2922   875 1
    0  2923  1172 1
    0  2924   877 1
    0  2925  1170 1
    0  2926   879 1
    0  2927  1168 1
    0  2928   881 1
    0  2929  1166 1
    0  2930   883 1
    0  2931  1164 1
    0  2932   885 1
    0  2933  1162 1
    0  2934   887 1
    0  2935  1160 1
    0  2936   889 1
    0  2937  1158 1
    0  2938   891 1
    0  2939  1156 1
    0  2940   893 1
    0  2941  1154 1
    0  2942   895 1
    0  2943  1152 1
    0  2944   897 1
    0  2945  1150 1
    0  2946   899 1
    0  2947  1148 1
    0  2948   901 1
    0  2949  1146 1
    0  2950   903 1
    0  2951  1144 1
    0  2952   905 1
    0  2953  1142 1
    0  2954   907 1
    0  2955  1140 1
    0  2956   909 1
    0  2957  1138 1
    0  2958   911 1
    0  2959  1136 1
    0  2960   913 1
    0  2961  1134 1
    0  2962   915 1
    0  2963  1132 1
    0  2964   917 1
    0  2965  1130 1
    0  2966   919 1
    0  2967  1128 1
    0  2968   921 1
    0  2969  1126 1
    0  2970   923 1
    0  2971  1124 1
    0  2972   925 1
    0  2973  1122 1
    0  2974   927 1
    0  2975  1120 1
    0  2976   929 1
    0  2977  1118 1
    0  2978   931 1
    0  2979  1116 1
    0  2980   933 1
    0  2981  1114 1
    0  2982   935 1
    0  2983  1112 1
    0  2984   937 1
    0  2985  1110 1
    0  2986   939 1
    0  2987  1108 1
    0  2988   941 1
    0  2989  1106 1
    0  2990   943 1
    0  2991  1104 1
    0  2992   945 1
    0  2993  1102 1
    0  2994   947 1
    0  2995  1100 1
    0  2996   949 1
    0  2997  1098 1
    0  2998   951 1
    0  2999  1096 1
    0  3000   953 1
    0  3001  1094 1
    0  3002   955 1
    0  3003  1092 1
    0  3004   957 1
    0  3005  1090 1
    0  3006   959 1
    0  3007  1088 1
    0  3008   961 1
    0  3009  1086 1
    0  3010   963 1
    0  3011  1084 1
    0  3012   965 1
    0  3013  1082 1
    0  3014   967 1
    0  3015  1080 1
    0  3016   969 1
    0  3017  1078 1
    0  3018   971 1
    0  3019  1076 1
    0  3020   973 1
    0  3021  1074 1
    0  3022   975 1
    0  3023  1072 1
    0  3024   977 1
    0  3025  1070 1
    0  3026   979 1
    0  3027  1068 1
    0  3028   981 1
    0  3029  1066 1
    0  3030   983 1
    0  3031  1064 1
    0  3032   985 1
    0  3033  1062 1
    0  3034   987 1
    0  3035  1060 1
    0  3036   989 1
    0  3037  1058 1
    0  3038   991 1
    0  3039  1056 1
    0  3040   993 1
    0  3041  1054 1
    0  3042   995 1
    0  3043  1052 1
    0  3044   997 1
    0  3045  1050 1
    0  3046   999 1
    0  3047  1048 1
    0  3048  1001 1
    0  3049  1046 1
    0  3050  1003 1
    0  3051  1044 1
    0  3052  1005 1
    0  3053  1042 1
    0  3054  1007 1
    0  3055  1040 1
    0  3056  1009 1
    0  3057  1038 1
    0  3058  1011 1
    0  3059  1036 1
    0  3060  1013 1
    0  3061  1034 1
    0  3062  1015 1
    0  3063  1032 1
    0  3064  1017 1
    0  3065  1030 1
    0  3066  1019 1
    0  3067  1028 1
    0  3068  1021 1
    0  3069  1026 1
    0  3070  1023 1
    0  3071  1024 1
    0  3072  1025 1
    0  3073  1022 1
    0  3074  1027 1
    0  3075  1020 1
    0  3076  1029 1
    0  3077  1018 1
    0  3078  1031 1
    0  3079  1016 1
    0  3080  1033 1
    0  3081  1014 1
    0  3082  1035 1
    0  3083  1012 1
    0  3084  1037 1
    0  3085  1010 1
    0  3086  1039 1
    0  3087  1008 1
    0  3088  1041 1
    0  3089  1006 1
    0  3090  1043 1
    0  3091  1004 1
    0  3092  1045 1
    0  3093  1002 1
    0  3094  1047 1
    0  3095  1000 1
    0  3096  1049 1
    0  3097   998 1
    0  3098  1051 1
    0  3099   996 1
    0  3100  1053 1
    0  3101   994 1
    0  3102  1055 1
    0  3103   992 1
    0  3104  1057 1
    0  3105   990 1
    0  3106  1059 1
    0  3107   988 1
    0  3108  1061 1
    0  3109   986 1
    0  3110  1063 1
    0  3111   984 1
    0  3112  1065 1
    0  3113   982 1
    0  3114  1067 1
    0  3115   980 1
    0  3116  1069 1
    0  3117   978 1
    0  3118  1071 1
    0  3119   976 1
    0  3120  1073 1
    0  3121   974 1
    0  3122  1075 1
    0  3123   972 1
    0  3124  1077 1
    0  3125   970 1
    0  3126  1079 1
    0  3127   968 1
    0  3128  1081 1
    0  3129   966 1
    0  3130  1083 1
    0  3131   964 1
    0  3132  1085 1
    0  3133   962 1
    0  3134  1087 1
    0  3135   960 1
    0  3136  1089 1
    0  3137   958 1
    0  3138  1091 1
    0  3139   956 1
    0  3140  1093 1
    0  3141   954 1
    0  3142  1095 1
    0  3143   952 1
    0  3144  1097 1
    0  3145   950 1
    0  3146  1099 1
    0  3147   948 1
    0  3148  1101 1
    0  3149   946 1
    0  3150  1103 1
    0  3151   944 1
    0  3152  1105 1
    0  3153   942 1
    0  3154  1107 1
    0  3155   940 1
    0  3156  1109 1
    0  3157   938 1
    0  3158  1111 1
    0  3159   936 1
    0  3160  1113 1
    0  3161   934 1
    0  3162  1115 1
    0  3163   932 1
    0  3164  1117 1
    0  3165   930 1
    0  3166  1119 1
    0  3167   928 1
    0  3168  1121 1
    0  3169   926 1
    0  3170  1123 1
    0  3171   924 1
    0  3172  1125 1
    0  3173   922 1
    0  3174  1127 1
    0  3175   920 1
    0  3176  1129 1
    0  3177   918 1
    0  3178  1131 1
    0  3179   916 1
    0  3180  1133 1
    0  3181   914 1
    0  3182  1135 1
    0  3183   912 1
    0  3184  1137 1
    0  3185   910 1
    0  3186  1139 1
    0  3187   908 1
    0  3188  1141 1
    0  3189   906 1
    0  3190  1143 1
    0  3191   904 1
    0  3192  1145 1
    0  3193   902 1
    0  3194  1147 1
    0  3195   900 1
    0  3196  1149 1
    0  3197   898 1
    0  3198  1151 1
    0  3199   896 1
    0  3200  1153 1
    0  3201   894 1
    0  3202  1155 1
    0  3203   892 1
    0  3204  1157 1
    0  3205   890 1
    0  3206  1159 1
    0  3207   888 1
    0  3208  1161 1
    0  3209   886 1
    0  3210  1163 1
    0  3211   884 1
    0  3212  1165 1
    0  3213   882 1
    0  3214  1167 1
    0  3215   880 1
    0  3216  1169 1
    0  3217   878 1
    0  3218  1171 1
    0  3219   876 1
    0  3220  1173 1
    0  3221   874 1
    0  3222  1175 1
    0  3223   872 1
    0  3224  1177 1
    0  3225   870 1
    0  3226  1179 1
    0  3227   868 1
    0  3228  1181 1
    0  3229   866 1
    0  3230  1183 1
    0  3231   864 1
    0  3232  1185 1
    0  3233   862 1
    0  3234  1187 1
    0  3235   860 1
    0  3236  1189 1
    0  3237   858 1
    0  3238  1191 1
    0  3239   856 1
    0  3240  1193 1
    0  3241   854 1
    0  3242  1195 1
    0  3243   852 1
    0  3244  1197 1
    0  3245   850 1
    0  3246  1199 1
    0  3247   848 1
    0  3248  1201 1
    0  3249   846 1
    0  3250  1203 1
    0  3251   844 1
    0  3252  1205 1
    0  3253   842 1
    0  3254  1207 1
    0  3255   840 1
    0  3256  1209 1
    0  3257   838 1
    0  3258  1211 1
    0  3259   836 1
    0  3260  1213 1
    0  3261   834 1
    0  3262  1215 1
    0  3263   832 1
    0  3264  1217 1
    0  3265   830 1
    0  3266  1219 1
    0  3267   828 1
    0  3268  1221 1
    0  3269   826 1
    0  3270  1223 1
    0  3271   824 1
    0  3272  1225 1
    0  3273   822 1
    0  3274  1227 1
    0  3275   820 1
    0  3276  1229 1
    0  3277   818 1
    0  3278  1231 1
    0  3279   816 1
    0  3280  1233 1
    0  3281   814 1
    0  3282  1235 1
    0  3283   812 1
    0  3284  1237 1
    0  3285   810 1
    0  3286  1239 1
    0  3287   808 1
    0  3288  1241 1
    0  3289   806 1
    0  3290  1243 1
    0  3291   804 1
    0  3292  1245 1
    0  3293   802 1
    0  3294  1247 1
    0  3295   800 1
    0  3296  1249 1
    0  3297   798 1
    0  3298  1251 1
    0  3299   796 1
    0  3300  1253 1
    0  3301   794 1
    0  3302  1255 1
    0  3303   792 1
    0  3304  1257 1
    0  3305   790 1
    0  3306  1259 1
    0  3307   788 1
    0  3308  1261 1
    0  3309   786 1
    0  3310  1263 1
    0  3311   784 1
    0  3312  1265 1
    0  3313   782 1
    0  3314  1267 1
    0  3315   780 1
    0  3316  1269 1
    0  3317   778 1
    0  3318  1271 1
    0  3319   776 1
    0  3320  1273 1
    0  3321   774 1
    0  3322  1275 1
    0  3323   772 1
    0  3324  1277 1
    0  3325   770 1
    0  3326  1279 1
    0  3327   768 1
    0  3328  1281 1
    0  3329   766 1
    0  3330  1283 1
    0  3331   764 1
    0  3332  1285 1
    0  3333   762 1
    0  3334  1287 1
    0  3335   760 1
    0  3336  1289 1
    0  3337   758 1
    0  3338  1291 1
    0  3339   756 1
    0  3340  1293 1
    0  3341   754 1
    0  3342  1295 1
    0  3343   752 1
    0  3344  1297 1
    0  3345   750 1
    0  3346  1299 1
    0  3347   748 1
    0  3348  1301 1
    0  3349   746 1
    0  3350  1303 1
    0  3351   744 1
    0  3352  1305 1
    0  3353   742 1
    0  3354  1307 1
    0  3355   740 1
    0  3356  1309 1
    0  3357   738 1
    0  3358  1311 1
    0  3359   736 1
    0  3360  1313 1
    0  3361   734 1
    0  3362  1315 1
    0  3363   732 1
    0  3364  1317 1
    0  3365   730 1
    0  3366  1319 1
    0  3367   728 1
    0  3368  1321 1
    0  3369   726 1
    0  3370  1323 1
    0  3371   724 1
    0  3372  1325 1
    0  3373   722 1
    0  3374  1327 1
    0  3375   720 1
    0  3376  1329 1
    0  3377   718 1
    0  3378  1331 1
    0  3379   716 1
    0  3380  1333 1
    0  3381   714 1
    0  3382  1335 1
    0  3383   712 1
    0  3384  1337 1
    0  3385   710 1
    0  3386  1339 1
    0  3387   708 1
    0  3388  1341 1
    0  3389   706 1
    0  3390  1343 1
    0  3391   704 1
    0  3392  1345 1
    0  3393   702 1
    0  3394  1347 1
    0  3395   700 1
    0  3396  1349 1
    0  3397   698 1
    0  3398  1351 1
    0  3399   696 1
    0  3400  1353 1
    0  3401   694 1
    0  3402  1355 1
    0  3403   692 1
    0  3404  1357 1
    0  3405   690 1
    0  3406  1359 1
    0  3407   688 1
    0  3408  1361 1
    0  3409   686 1
    0  3410  1363 1
    0  3411   684 1
    0  3412  1365 1
    0  3413   682 1
    0  3414  1367 1
    0  3415   680 1
    0  3416  1369 1
    0  3417   678 1
    0  3418  1371 1
    0  3419   676 1
    0  3420  1373 1
    0  3421   674 1
    0  3422  1375 1
    0  3423   672 1
    0  3424  1377 1
    0  3425   670 1
    0  3426  1379 1
    0  3427   668 1
    0  3428  1381 1
    0  3429   666 1
    0  3430  1383 1
    0  3431   664 1
    0  3432  1385 1
    0  3433   662 1
    0  3434  1387 1
    0  3435   660 1
    0  3436  1389 1
    0  3437   658 1
    0  3438  1391 1
    0  3439   656 1
    0  3440  1393 1
    0  3441   654 1
    0  3442  1395 1
    0  3443   652 1
    0  3444  1397 1
    0  3445   650 1
    0  3446  1399 1
    0  3447   648 1
    0  3448  1401 1
    0  3449   646 1
    0  3450  1403 1
    0  3451   644 1
    0  3452  1405 1
    0  3453   642 1
    0  3454  1407 1
    0  3455   640 1
    0  3456  1409 1
    0  3457   638 1
    0  3458  1411 1
    0  3459   636 1
    0  3460  1413 1
    0  3461   634 1
    0  3462  1415 1
    0  3463   632 1
    0  3464  1417 1
    0  3465   630 1
    0  3466  1419 1
    0  3467   628 1
    0  3468  1421 1
    0  3469   626 1
    0  3470  1423 1
    0  3471   624 1
    0  3472  1425 1
    0  3473   622 1
    0  3474  1427 1
    0  3475   620 1
    0  3476  1429 1
    0  3477   618 1
    0  3478  1431 1
    0  3479   616 1
    0  3480  1433 1
    0  3481   614 1
    0  3482  1435 1
    0  3483   612 1
    0  3484  1437 1
    0  3485   610 1
    0  3486  1439 1
    0  3487   608 1
    0  3488  1441 1
    0  3489   606 1
    0  3490  1443 1
    0  3491   604 1
    0  3492  1445 1
    0  3493   602 1
    0  3494  1447 1
    0  3495   600 1
    0  3496  1449 1
    0  3497   598 1
    0  3498  1451 1
    0  3499   596 1
    0  3500  1453 1
    0  3501   594 1
    0  3502  1455 1
    0  3503   592 1
    0  3504  1457 1
    0  3505   590 1
    0  3506  1459 1
    0  3507   588 1
    0  3508  1461 1
    0  3509   586 1
    0  3510  1463 1
    0  3511   584 1
    0  3512  1465 1
    0  3513   582 1
    0  3514  1467 1
    0  3515   580 1
    0  3516  1469 1
    0  3517   578 1
    0  3518  1471 1
    0  3519   576 1
    0  3520  1473 1
    0  3521   574 1
    0  3522  1475 1
    0  3523   572 1
    0  3524  1477 1
    0  3525   570 1
    0  3526  1479 1
    0  3527   568 1
    0  3528  1481 1
    0  3529   566 1
    0  3530  1483 1
    0  3531   564 1
    0  3532  1485 1
    0  3533   562 1
    0  3534  1487 1
    0  3535   560 1
    0  3536  1489 1
    0  3537   558 1
    0  3538  1491 1
    0  3539   556 1
    0  3540  1493 1
    0  3541   554 1
    0  3542  1495 1
    0  3543   552 1
    0  3544  1497 1
    0  3545   550 1
    0  3546  1499 1
    0  3547   548 1
    0  3548  1501 1
    0  3549   546 1
    0  3550  1503 1
    0  3551   544 1
    0  3552  1505 1
    0  3553   542 1
    0  3554  1507 1
    0  3555   540 1
    0  3556  1509 1
    0  3557   538 1
    0  3558  1511 1
    0  3559   536 1
    0  3560  1513 1
    0  3561   534 1
    0  3562  1515 1
    0  3563   532 1
    0  3564  1517 1
    0  3565   530 1
    0  3566  1519 1
    0  3567   528 1
    0  3568  1521 1
    0  3569   526 1
    0  3570  1523 1
    0  3571   524 1
    0  3572  1525 1
    0  3573   522 1
    0  3574  1527 1
    0  3575   520 1
    0  3576  1529 1
    0  3577   518 1
    0  3578  1531 1
    0  3579   516 1
    0  3580  1533 1
    0  3581   514 1
    0  3582  1535 1
    0  3583   512 1
    0  3584  1537 1
    0  3585   510 1
    0  3586  1539 1
    0  3587   508 1
    0  3588  1541 1
    0  3589   506 1
    0  3590  1543 1
    0  3591   504 1
    0  3592  1545 1
    0  3593   502 1
    0  3594  1547 1
    0  3595   500 1
    0  3596  1549 1
    0  3597   498 1
    0  3598  1551 1
    0  3599   496 1
    0  3600  1553 1
    0  3601   494 1
    0  3602  1555 1
    0  3603   492 1
    0  3604  1557 1
    0  3605   490 1
    0  3606  1559 1
    0  3607   488 1
    0  3608  1561 1
    0  3609   486 1
    0  3610  1563 1
    0  3611   484 1
    0  3612  1565 1
    0  3613   482 1
    0  3614  1567 1
    0  3615   480 1
    0  3616  1569 1
    0  3617   478 1
    0  3618  1571 1
    0  3619   476 1
    0  3620  1573 1
    0  3621   474 1
    0  3622  1575 1
    0  3623   472 1
    0  3624  1577 1
    0  3625   470 1
    0  3626  1579 1
    0  3627   468 1
    0  3628  1581 1
    0  3629   466 1
    0  3630  1583 1
    0  3631   464 1
    0  3632  1585 1
    0  3633   462 1
    0  3634  1587 1
    0  3635   460 1
    0  3636  1589 1
    0  3637   458 1
    0  3638  1591 1
    0  3639   456 1
    0  3640  1593 1
    0  3641   454 1
    0  3642  1595 1
    0  3643   452 1
    0  3644  1597 1
    0  3645   450 1
    0  3646  1599 1
    0  3647   448 1
    0  3648  1601 1
    0  3649   446 1
    0  3650  1603 1
    0  3651   444 1
    0  3652  1605 1
    0  3653   442 1
    0  3654  1607 1
    0  3655   440 1
    0  3656  1609 1
    0  3657   438 1
    0  3658  1611 1
    0  3659   436 1
    0  3660  1613 1
    0  3661   434 1
    0  3662  1615 1
    0  3663   432 1
    0  3664  1617 1
    0  3665   430 1
    0  3666  1619 1
    0  3667   428 1
    0  3668  1621 1
    0  3669   426 1
    0  3670  1623 1
    0  3671   424 1
    0  3672  1625 1
    0  3673   422 1
    0  3674  1627 1
    0  3675   420 1
    0  3676  1629 1
    0  3677   418 1
    0  3678  1631 1
    0  3679   416 1
    0  3680  1633 1
    0  3681   414 1
    0  3682  1635 1
    0  3683   412 1
    0  3684  1637 1
    0  3685   410 1
    0  3686  1639 1
    0  3687   408 1
    0  3688  1641 1
    0  3689   406 1
    0  3690  1643 1
    0  3691   404 1
    0  3692  1645 1
    0  3693   402 1
    0  3694  1647 1
    0  3695   400 1
    0  3696  1649 1
    0  3697   398 1
    0  3698  1651 1
    0  3699   396 1
    0  3700  1653 1
    0  3701   394 1
    0  3702  1655 1
    0  3703   392 1
    0  3704  1657 1
    0  3705   390 1
    0  3706  1659 1
    0  3707   388 1
    0  3708  1661 1
    0  3709   386 1
    0  3710  1663 1
    0  3711   384 1
    0  3712  1665 1
    0  3713   382 1
    0  3714  1667 1
    0  3715   380 1
    0  3716  1669 1
    0  3717   378 1
    0  3718  1671 1
    0  3719   376 1
    0  3720  1673 1
    0  3721   374 1
    0  3722  1675 1
    0  3723   372 1
    0  3724  1677 1
    0  3725   370 1
    0  3726  1679 1
    0  3727   368 1
    0  3728  1681 1
    0  3729   366 1
    0  3730  1683 1
    0  3731   364 1
    0  3732  1685 1
    0  3733   362 1
    0  3734  1687 1
    0  3735   360 1
    0  3736  1689 1
    0  3737   358 1
    0  3738  1691 1
    0  3739   356 1
    0  3740  1693 1
    0  3741   354 1
    0  3742  1695 1
    0  3743   352 1
    0  3744  1697 1
    0  3745   350 1
    0  3746  1699 1
    0  3747   348 1
    0  3748  1701 1
    0  3749   346 1
    0  3750  1703 1
    0  3751   344 1
    0  3752  1705 1
    0  3753   342 1
    0  3754  1707 1
    0  3755   340 1
    0  3756  1709 1
    0  3757   338 1
    0  3758  1711 1
    0  3759   336 1
    0  3760  1713 1
    0  3761   334 1
    0  3762  1715 1
    0  3763   332 1
    0  3764  1717 1
    0  3765   330 1
    0  3766  1719 1
    0  3767   328 1
    0  3768  1721 1
    0  3769   326 1
    0  3770  1723 1
    0  3771   324 1
    0  3772  1725 1
    0  3773   322 1
    0  3774  1727 1
    0  3775   320 1
    0  3776  1729 1
    0  3777   318 1
    0  3778  1731 1
    0  3779   316 1
    0  3780  1733 1
    0  3781   314 1
    0  3782  1735 1
    0  3783   312 1
    0  3784  1737 1
    0  3785   310 1
    0  3786  1739 1
    0  3787   308 1
    0  3788  1741 1
    0  3789   306 1
    0  3790  1743 1
    0  3791   304 1
    0  3792  1745 1
    0  3793   302 1
    0  3794  1747 1
    0  3795   300 1
    0  3796  1749 1
    0  3797   298 1
    0  3798  1751 1
    0  3799   296 1
    0  3800  1753 1
    0  3801   294 1
    0  3802  1755 1
    0  3803   292 1
    0  3804  1757 1
    0  3805   290 1
    0  3806  1759 1
    0  3807   288 1
    0  3808  1761 1
    0  3809   286 1
    0  3810  1763 1
    0  3811   284 1
    0  3812  1765 1
    0  3813   282 1
    0  3814  1767 1
    0  3815   280 1
    0  3816  1769 1
    0  3817   278 1
    0  3818  1771 1
    0  3819   276 1
    0  3820  1773 1
    0  3821   274 1
    0  3822  1775 1
    0  3823   272 1
    0  3824  1777 1
    0  3825   270 1
    0  3826  1779 1
    0  3827   268 1
    0  3828  1781 1
    0  3829   266 1
    0  3830  1783 1
    0  3831   264 1
    0  3832  1785 1
    0  3833   262 1
    0  3834  1787 1
    0  3835   260 1
    0  3836  1789 1
    0  3837   258 1
    0  3838  1791 1
    0  3839   256 1
    0  3840  1793 1
    0  3841   254 1
    0  3842  1795 1
    0  3843   252 1
    0  3844  1797 1
    0  3845   250 1
    0  3846  1799 1
    0  3847   248 1
    0  3848  1801 1
    0  3849   246 1
    0  3850  1803 1
    0  3851   244 1
    0  3852  1805 1
    0  3853   242 1
    0  3854  1807 1
    0  3855   240 1
    0  3856  1809 1
    0  3857   238 1
    0  3858  1811 1
    0  3859   236 1
    0  3860  1813 1
    0  3861   234 1
    0  3862  1815 1
    0  3863   232 1
    0  3864  1817 1
    0  3865   230 1
    0  3866  1819 1
    0  3867   228 1
    0  3868  1821 1
    0  3869   226 1
    0  3870  1823 1
    0  3871   224 1
    0  3872  1825 1
    0  3873   222 1
    0  3874  1827 1
    0  3875   220 1
    0  3876  1829 1
    0  3877   218 1
    0  3878  1831 1
    0  3879   216 1
    0  3880  1833 1
    0  3881   214 1
    0  3882  1835 1
    0  3883   212 1
    0  3884  1837 1
    0  3885   210 1
    0  3886  1839 1
    0  3887   208 1
    0  3888  1841 1
    0  3889   206 1
    0  3890  1843 1
    0  3891   204 1
    0  3892  1845 1
    0  3893   202 1
    0  3894  1847 1
    0  3895   200 1
    0  3896  1849 1
    0  3897   198 1
    0  3898  1851 1
    0  3899   196 1
    0  3900  1853 1
    0  3901   194 1
    0  3902  1855 1
    0  3903   192 1
    0  3904  1857 1
    0  3905   190 1
    0  3906  1859 1
    0  3907   188 1
    0  3908  1861 1
    0  3909   186 1
    0  3910  1863 1
    0  3911   184 1
    0  3912  1865 1
    0  3913   182 1
    0  3914  1867 1
    0  3915   180 1
    0  3916  1869 1
    0  3917   178 1
    0  3918  1871 1
    0  3919   176 1
    0  3920  1873 1
    0  3921   174 1
    0  3922  1875 1
    0  3923   172 1
    0  3924  1877 1
    0  3925   170 1
    0  3926  1879 1
    0  3927   168 1
    0  3928  1881 1
    0  3929   166 1
    0  3930  1883 1
    0  3931   164 1
    0  3932  1885 1
    0  3933   162 1
    0  3934  1887 1
    0  3935   160 1
    0  3936  1889 1
    0  3937   158 1
    0  3938  1891 1
    0  3939   156 1
    0  3940  1893 1
    0  3941   154 1
    0  3942  1895 1
    0  3943   152 1
    0  3944  1897 1
    0  3945   150 1
    0  3946  1899 1
    0  3947   148 1
    0  3948  1901 1
    0  3949   146 1
    0  3950  1903 1
    0  3951   144 1
    0  3952  1905 1
    0  3953   142 1
    0  3954  1907 1
    0  3955   140 1
    0  3956  1909 1
    0  3957   138 1
    0  3958  1911 1
    0  3959   136 1
    0  3960  1913 1
    0  3961   134 1
    0  3962  1915 1
    0  3963   132 1
    0  3964  1917 1
    0  3965   130 1
    0  3966  1919 1
    0  3967   128 1
    0  3968  1921 1
    0  3969   126 1
    0  3970  1923 1
    0  3971   124 1
    0  3972  1925 1
    0  3973   122 1
    0  3974  1927 1
    0  3975   120 1
    0  3976  1929 1
    0  3977   118 1
    0  3978  1931 1
    0  3979   116 1
    0  3980  1933 1
    0  3981   114 1
    0  3982  1935 1
    0  3983   112 1
    0  3984  1937 1
    0  3985   110 1
    0  3986  1939 1
    0  3987   108 1
    0  3988  1941 1
    0  3989   106 1
    0  3990  1943 1
    0  3991   104 1
    0  3992  1945 1
    0  3993   102 1
    0  3994  1947 1
    0  3995   100 1
    0  3996  1949 1
    0  3997    98 1
    0  3998  1951 1
    0  3999    96 1
    0  4000  1953 1
    0  4001    94 1
    0  4002  1955 1
    0  4003    92 1
    0  4004  1957 1
    0  4005    90 1
    0  4006  1959 1
    0  4007    88 1
    0  4008  1961 1
    0  4009    86 1
    0  4010  1963 1
    0  4011    84 1
    0  4012  1965 1
    0  4013    82 1
    0  4014  1967 1
    0  4015    80 1
    0  4016  1969 1
    0  4017    78 1
    0  4018  1971 1
    0  4019    76 1
    0  4020  1973 1
    0  4021    74 1
    0  4022  1975 1
    0  4023    72 1
    0  4024  1977 1
    0  4025    70 1
    0  4026  1979 1
    0  4027    68 1
    0  4028  1981 1
    0  4029    66 1
    0  4030  1983 1
    0  4031    64 1
    0  4032  1985 1
    0  4033    62 1
    0  4034  1987 1
    0  4035    60 1
    0  4036  1989 1
    0  4037    58 1
    0  4038  1991 1
    0  4039    56 1
    0  4040  1993 1
    0  4041    54 1
    0  4042  1995 1
    0  4043    52 1
    0  4044  1997 1
    0  4045    50 1
    0  4046  1999 1
    0  4047    48 1
    0  4048  2001 1
    0  4049    46 1
    0  4050  2003 1
    0  4051    44 1
    0  4052  2005 1
    0  4053    42 1
    0  4054  2007 1
    0  4055    40 1
    0  4056  2009 1
    0  4057    38 1
    0  4058  2011 1
    0  4059    36 1
    0  4060  2013 1
    0  4061    34 1
    0  4062  2015 1
    0  4063    32 1
    0  4064  2017 1
    0  4065    30 1
    0  4066  2019 1
    0  4067    28 1
    0  4068  2021 1
    0  4069    26 1
    0  4070  2023 1
    0  4071    24 1
    0  4072  2025 1
    0  4073    22 1
    0  4074  2027 1
    0  4075    20 1
    0  4076  2029 1
    0  4077    18 1
    0  4078  2031 1
    0  4079    16 1
    0  4080  2033 1
    0  4081    14 1
    0  4082  2035 1
    0  4083    12 1
    0  4084  2037 1
    0  4085    10 1
    0  4086  2039 1
    0  4087     8 1
    0  4088  2041 1
    0  4089     6 1
    0  4090  2043 1
    0  4091     4 1
    0  4092  2045 1
    0  4093     2 1
    0  4094  2047 1
    0  4095     0 1
