1000
# Clk       1
# Dsts      1
# Data_Size 1
# Itvl_Flit 1000
# Itvl_Pkt  1000
# Npu       16
# Dimm      2
# Sgm       0
# Seed      1482914227
    0     0   255 1
    0     1   128 1
    0     2   253 1
    0     3   130 1
    0     4   251 1
    0     5   132 1
    0     6   249 1
    0     7   134 1
    0     8   247 1
    0     9   136 1
    0    10   245 1
    0    11   138 1
    0    12   243 1
    0    13   140 1
    0    14   241 1
    0    15   142 1
    0    16   239 1
    0    17   144 1
    0    18   237 1
    0    19   146 1
    0    20   235 1
    0    21   148 1
    0    22   233 1
    0    23   150 1
    0    24   231 1
    0    25   152 1
    0    26   229 1
    0    27   154 1
    0    28   227 1
    0    29   156 1
    0    30   225 1
    0    31   158 1
    0    32   223 1
    0    33   160 1
    0    34   221 1
    0    35   162 1
    0    36   219 1
    0    37   164 1
    0    38   217 1
    0    39   166 1
    0    40   215 1
    0    41   168 1
    0    42   213 1
    0    43   170 1
    0    44   211 1
    0    45   172 1
    0    46   209 1
    0    47   174 1
    0    48   207 1
    0    49   176 1
    0    50   205 1
    0    51   178 1
    0    52   203 1
    0    53   180 1
    0    54   201 1
    0    55   182 1
    0    56   199 1
    0    57   184 1
    0    58   197 1
    0    59   186 1
    0    60   195 1
    0    61   188 1
    0    62   193 1
    0    63   190 1
    0    64   191 1
    0    65   192 1
    0    66   189 1
    0    67   194 1
    0    68   187 1
    0    69   196 1
    0    70   185 1
    0    71   198 1
    0    72   183 1
    0    73   200 1
    0    74   181 1
    0    75   202 1
    0    76   179 1
    0    77   204 1
    0    78   177 1
    0    79   206 1
    0    80   175 1
    0    81   208 1
    0    82   173 1
    0    83   210 1
    0    84   171 1
    0    85   212 1
    0    86   169 1
    0    87   214 1
    0    88   167 1
    0    89   216 1
    0    90   165 1
    0    91   218 1
    0    92   163 1
    0    93   220 1
    0    94   161 1
    0    95   222 1
    0    96   159 1
    0    97   224 1
    0    98   157 1
    0    99   226 1
    0   100   155 1
    0   101   228 1
    0   102   153 1
    0   103   230 1
    0   104   151 1
    0   105   232 1
    0   106   149 1
    0   107   234 1
    0   108   147 1
    0   109   236 1
    0   110   145 1
    0   111   238 1
    0   112   143 1
    0   113   240 1
    0   114   141 1
    0   115   242 1
    0   116   139 1
    0   117   244 1
    0   118   137 1
    0   119   246 1
    0   120   135 1
    0   121   248 1
    0   122   133 1
    0   123   250 1
    0   124   131 1
    0   125   252 1
    0   126   129 1
    0   127   254 1
    0   128     1 1
    0   129   126 1
    0   130     3 1
    0   131   124 1
    0   132     5 1
    0   133   122 1
    0   134     7 1
    0   135   120 1
    0   136     9 1
    0   137   118 1
    0   138    11 1
    0   139   116 1
    0   140    13 1
    0   141   114 1
    0   142    15 1
    0   143   112 1
    0   144    17 1
    0   145   110 1
    0   146    19 1
    0   147   108 1
    0   148    21 1
    0   149   106 1
    0   150    23 1
    0   151   104 1
    0   152    25 1
    0   153   102 1
    0   154    27 1
    0   155   100 1
    0   156    29 1
    0   157    98 1
    0   158    31 1
    0   159    96 1
    0   160    33 1
    0   161    94 1
    0   162    35 1
    0   163    92 1
    0   164    37 1
    0   165    90 1
    0   166    39 1
    0   167    88 1
    0   168    41 1
    0   169    86 1
    0   170    43 1
    0   171    84 1
    0   172    45 1
    0   173    82 1
    0   174    47 1
    0   175    80 1
    0   176    49 1
    0   177    78 1
    0   178    51 1
    0   179    76 1
    0   180    53 1
    0   181    74 1
    0   182    55 1
    0   183    72 1
    0   184    57 1
    0   185    70 1
    0   186    59 1
    0   187    68 1
    0   188    61 1
    0   189    66 1
    0   190    63 1
    0   191    64 1
    0   192    65 1
    0   193    62 1
    0   194    67 1
    0   195    60 1
    0   196    69 1
    0   197    58 1
    0   198    71 1
    0   199    56 1
    0   200    73 1
    0   201    54 1
    0   202    75 1
    0   203    52 1
    0   204    77 1
    0   205    50 1
    0   206    79 1
    0   207    48 1
    0   208    81 1
    0   209    46 1
    0   210    83 1
    0   211    44 1
    0   212    85 1
    0   213    42 1
    0   214    87 1
    0   215    40 1
    0   216    89 1
    0   217    38 1
    0   218    91 1
    0   219    36 1
    0   220    93 1
    0   221    34 1
    0   222    95 1
    0   223    32 1
    0   224    97 1
    0   225    30 1
    0   226    99 1
    0   227    28 1
    0   228   101 1
    0   229    26 1
    0   230   103 1
    0   231    24 1
    0   232   105 1
    0   233    22 1
    0   234   107 1
    0   235    20 1
    0   236   109 1
    0   237    18 1
    0   238   111 1
    0   239    16 1
    0   240   113 1
    0   241    14 1
    0   242   115 1
    0   243    12 1
    0   244   117 1
    0   245    10 1
    0   246   119 1
    0   247     8 1
    0   248   121 1
    0   249     6 1
    0   250   123 1
    0   251     4 1
    0   252   125 1
    0   253     2 1
    0   254   127 1
    0   255     0 1
