1000
# Clk       1
# Dsts      1
# Data_Size 1
# Itvl_Flit 1000
# Itvl_Pkt  1000
# Npu       32
# Dimm      2
# Sgm       0
# Seed      1482914240
    0     0  1023 1
    0     1   512 1
    0     2  1021 1
    0     3   514 1
    0     4  1019 1
    0     5   516 1
    0     6  1017 1
    0     7   518 1
    0     8  1015 1
    0     9   520 1
    0    10  1013 1
    0    11   522 1
    0    12  1011 1
    0    13   524 1
    0    14  1009 1
    0    15   526 1
    0    16  1007 1
    0    17   528 1
    0    18  1005 1
    0    19   530 1
    0    20  1003 1
    0    21   532 1
    0    22  1001 1
    0    23   534 1
    0    24   999 1
    0    25   536 1
    0    26   997 1
    0    27   538 1
    0    28   995 1
    0    29   540 1
    0    30   993 1
    0    31   542 1
    0    32   991 1
    0    33   544 1
    0    34   989 1
    0    35   546 1
    0    36   987 1
    0    37   548 1
    0    38   985 1
    0    39   550 1
    0    40   983 1
    0    41   552 1
    0    42   981 1
    0    43   554 1
    0    44   979 1
    0    45   556 1
    0    46   977 1
    0    47   558 1
    0    48   975 1
    0    49   560 1
    0    50   973 1
    0    51   562 1
    0    52   971 1
    0    53   564 1
    0    54   969 1
    0    55   566 1
    0    56   967 1
    0    57   568 1
    0    58   965 1
    0    59   570 1
    0    60   963 1
    0    61   572 1
    0    62   961 1
    0    63   574 1
    0    64   959 1
    0    65   576 1
    0    66   957 1
    0    67   578 1
    0    68   955 1
    0    69   580 1
    0    70   953 1
    0    71   582 1
    0    72   951 1
    0    73   584 1
    0    74   949 1
    0    75   586 1
    0    76   947 1
    0    77   588 1
    0    78   945 1
    0    79   590 1
    0    80   943 1
    0    81   592 1
    0    82   941 1
    0    83   594 1
    0    84   939 1
    0    85   596 1
    0    86   937 1
    0    87   598 1
    0    88   935 1
    0    89   600 1
    0    90   933 1
    0    91   602 1
    0    92   931 1
    0    93   604 1
    0    94   929 1
    0    95   606 1
    0    96   927 1
    0    97   608 1
    0    98   925 1
    0    99   610 1
    0   100   923 1
    0   101   612 1
    0   102   921 1
    0   103   614 1
    0   104   919 1
    0   105   616 1
    0   106   917 1
    0   107   618 1
    0   108   915 1
    0   109   620 1
    0   110   913 1
    0   111   622 1
    0   112   911 1
    0   113   624 1
    0   114   909 1
    0   115   626 1
    0   116   907 1
    0   117   628 1
    0   118   905 1
    0   119   630 1
    0   120   903 1
    0   121   632 1
    0   122   901 1
    0   123   634 1
    0   124   899 1
    0   125   636 1
    0   126   897 1
    0   127   638 1
    0   128   895 1
    0   129   640 1
    0   130   893 1
    0   131   642 1
    0   132   891 1
    0   133   644 1
    0   134   889 1
    0   135   646 1
    0   136   887 1
    0   137   648 1
    0   138   885 1
    0   139   650 1
    0   140   883 1
    0   141   652 1
    0   142   881 1
    0   143   654 1
    0   144   879 1
    0   145   656 1
    0   146   877 1
    0   147   658 1
    0   148   875 1
    0   149   660 1
    0   150   873 1
    0   151   662 1
    0   152   871 1
    0   153   664 1
    0   154   869 1
    0   155   666 1
    0   156   867 1
    0   157   668 1
    0   158   865 1
    0   159   670 1
    0   160   863 1
    0   161   672 1
    0   162   861 1
    0   163   674 1
    0   164   859 1
    0   165   676 1
    0   166   857 1
    0   167   678 1
    0   168   855 1
    0   169   680 1
    0   170   853 1
    0   171   682 1
    0   172   851 1
    0   173   684 1
    0   174   849 1
    0   175   686 1
    0   176   847 1
    0   177   688 1
    0   178   845 1
    0   179   690 1
    0   180   843 1
    0   181   692 1
    0   182   841 1
    0   183   694 1
    0   184   839 1
    0   185   696 1
    0   186   837 1
    0   187   698 1
    0   188   835 1
    0   189   700 1
    0   190   833 1
    0   191   702 1
    0   192   831 1
    0   193   704 1
    0   194   829 1
    0   195   706 1
    0   196   827 1
    0   197   708 1
    0   198   825 1
    0   199   710 1
    0   200   823 1
    0   201   712 1
    0   202   821 1
    0   203   714 1
    0   204   819 1
    0   205   716 1
    0   206   817 1
    0   207   718 1
    0   208   815 1
    0   209   720 1
    0   210   813 1
    0   211   722 1
    0   212   811 1
    0   213   724 1
    0   214   809 1
    0   215   726 1
    0   216   807 1
    0   217   728 1
    0   218   805 1
    0   219   730 1
    0   220   803 1
    0   221   732 1
    0   222   801 1
    0   223   734 1
    0   224   799 1
    0   225   736 1
    0   226   797 1
    0   227   738 1
    0   228   795 1
    0   229   740 1
    0   230   793 1
    0   231   742 1
    0   232   791 1
    0   233   744 1
    0   234   789 1
    0   235   746 1
    0   236   787 1
    0   237   748 1
    0   238   785 1
    0   239   750 1
    0   240   783 1
    0   241   752 1
    0   242   781 1
    0   243   754 1
    0   244   779 1
    0   245   756 1
    0   246   777 1
    0   247   758 1
    0   248   775 1
    0   249   760 1
    0   250   773 1
    0   251   762 1
    0   252   771 1
    0   253   764 1
    0   254   769 1
    0   255   766 1
    0   256   767 1
    0   257   768 1
    0   258   765 1
    0   259   770 1
    0   260   763 1
    0   261   772 1
    0   262   761 1
    0   263   774 1
    0   264   759 1
    0   265   776 1
    0   266   757 1
    0   267   778 1
    0   268   755 1
    0   269   780 1
    0   270   753 1
    0   271   782 1
    0   272   751 1
    0   273   784 1
    0   274   749 1
    0   275   786 1
    0   276   747 1
    0   277   788 1
    0   278   745 1
    0   279   790 1
    0   280   743 1
    0   281   792 1
    0   282   741 1
    0   283   794 1
    0   284   739 1
    0   285   796 1
    0   286   737 1
    0   287   798 1
    0   288   735 1
    0   289   800 1
    0   290   733 1
    0   291   802 1
    0   292   731 1
    0   293   804 1
    0   294   729 1
    0   295   806 1
    0   296   727 1
    0   297   808 1
    0   298   725 1
    0   299   810 1
    0   300   723 1
    0   301   812 1
    0   302   721 1
    0   303   814 1
    0   304   719 1
    0   305   816 1
    0   306   717 1
    0   307   818 1
    0   308   715 1
    0   309   820 1
    0   310   713 1
    0   311   822 1
    0   312   711 1
    0   313   824 1
    0   314   709 1
    0   315   826 1
    0   316   707 1
    0   317   828 1
    0   318   705 1
    0   319   830 1
    0   320   703 1
    0   321   832 1
    0   322   701 1
    0   323   834 1
    0   324   699 1
    0   325   836 1
    0   326   697 1
    0   327   838 1
    0   328   695 1
    0   329   840 1
    0   330   693 1
    0   331   842 1
    0   332   691 1
    0   333   844 1
    0   334   689 1
    0   335   846 1
    0   336   687 1
    0   337   848 1
    0   338   685 1
    0   339   850 1
    0   340   683 1
    0   341   852 1
    0   342   681 1
    0   343   854 1
    0   344   679 1
    0   345   856 1
    0   346   677 1
    0   347   858 1
    0   348   675 1
    0   349   860 1
    0   350   673 1
    0   351   862 1
    0   352   671 1
    0   353   864 1
    0   354   669 1
    0   355   866 1
    0   356   667 1
    0   357   868 1
    0   358   665 1
    0   359   870 1
    0   360   663 1
    0   361   872 1
    0   362   661 1
    0   363   874 1
    0   364   659 1
    0   365   876 1
    0   366   657 1
    0   367   878 1
    0   368   655 1
    0   369   880 1
    0   370   653 1
    0   371   882 1
    0   372   651 1
    0   373   884 1
    0   374   649 1
    0   375   886 1
    0   376   647 1
    0   377   888 1
    0   378   645 1
    0   379   890 1
    0   380   643 1
    0   381   892 1
    0   382   641 1
    0   383   894 1
    0   384   639 1
    0   385   896 1
    0   386   637 1
    0   387   898 1
    0   388   635 1
    0   389   900 1
    0   390   633 1
    0   391   902 1
    0   392   631 1
    0   393   904 1
    0   394   629 1
    0   395   906 1
    0   396   627 1
    0   397   908 1
    0   398   625 1
    0   399   910 1
    0   400   623 1
    0   401   912 1
    0   402   621 1
    0   403   914 1
    0   404   619 1
    0   405   916 1
    0   406   617 1
    0   407   918 1
    0   408   615 1
    0   409   920 1
    0   410   613 1
    0   411   922 1
    0   412   611 1
    0   413   924 1
    0   414   609 1
    0   415   926 1
    0   416   607 1
    0   417   928 1
    0   418   605 1
    0   419   930 1
    0   420   603 1
    0   421   932 1
    0   422   601 1
    0   423   934 1
    0   424   599 1
    0   425   936 1
    0   426   597 1
    0   427   938 1
    0   428   595 1
    0   429   940 1
    0   430   593 1
    0   431   942 1
    0   432   591 1
    0   433   944 1
    0   434   589 1
    0   435   946 1
    0   436   587 1
    0   437   948 1
    0   438   585 1
    0   439   950 1
    0   440   583 1
    0   441   952 1
    0   442   581 1
    0   443   954 1
    0   444   579 1
    0   445   956 1
    0   446   577 1
    0   447   958 1
    0   448   575 1
    0   449   960 1
    0   450   573 1
    0   451   962 1
    0   452   571 1
    0   453   964 1
    0   454   569 1
    0   455   966 1
    0   456   567 1
    0   457   968 1
    0   458   565 1
    0   459   970 1
    0   460   563 1
    0   461   972 1
    0   462   561 1
    0   463   974 1
    0   464   559 1
    0   465   976 1
    0   466   557 1
    0   467   978 1
    0   468   555 1
    0   469   980 1
    0   470   553 1
    0   471   982 1
    0   472   551 1
    0   473   984 1
    0   474   549 1
    0   475   986 1
    0   476   547 1
    0   477   988 1
    0   478   545 1
    0   479   990 1
    0   480   543 1
    0   481   992 1
    0   482   541 1
    0   483   994 1
    0   484   539 1
    0   485   996 1
    0   486   537 1
    0   487   998 1
    0   488   535 1
    0   489  1000 1
    0   490   533 1
    0   491  1002 1
    0   492   531 1
    0   493  1004 1
    0   494   529 1
    0   495  1006 1
    0   496   527 1
    0   497  1008 1
    0   498   525 1
    0   499  1010 1
    0   500   523 1
    0   501  1012 1
    0   502   521 1
    0   503  1014 1
    0   504   519 1
    0   505  1016 1
    0   506   517 1
    0   507  1018 1
    0   508   515 1
    0   509  1020 1
    0   510   513 1
    0   511  1022 1
    0   512     1 1
    0   513   510 1
    0   514     3 1
    0   515   508 1
    0   516     5 1
    0   517   506 1
    0   518     7 1
    0   519   504 1
    0   520     9 1
    0   521   502 1
    0   522    11 1
    0   523   500 1
    0   524    13 1
    0   525   498 1
    0   526    15 1
    0   527   496 1
    0   528    17 1
    0   529   494 1
    0   530    19 1
    0   531   492 1
    0   532    21 1
    0   533   490 1
    0   534    23 1
    0   535   488 1
    0   536    25 1
    0   537   486 1
    0   538    27 1
    0   539   484 1
    0   540    29 1
    0   541   482 1
    0   542    31 1
    0   543   480 1
    0   544    33 1
    0   545   478 1
    0   546    35 1
    0   547   476 1
    0   548    37 1
    0   549   474 1
    0   550    39 1
    0   551   472 1
    0   552    41 1
    0   553   470 1
    0   554    43 1
    0   555   468 1
    0   556    45 1
    0   557   466 1
    0   558    47 1
    0   559   464 1
    0   560    49 1
    0   561   462 1
    0   562    51 1
    0   563   460 1
    0   564    53 1
    0   565   458 1
    0   566    55 1
    0   567   456 1
    0   568    57 1
    0   569   454 1
    0   570    59 1
    0   571   452 1
    0   572    61 1
    0   573   450 1
    0   574    63 1
    0   575   448 1
    0   576    65 1
    0   577   446 1
    0   578    67 1
    0   579   444 1
    0   580    69 1
    0   581   442 1
    0   582    71 1
    0   583   440 1
    0   584    73 1
    0   585   438 1
    0   586    75 1
    0   587   436 1
    0   588    77 1
    0   589   434 1
    0   590    79 1
    0   591   432 1
    0   592    81 1
    0   593   430 1
    0   594    83 1
    0   595   428 1
    0   596    85 1
    0   597   426 1
    0   598    87 1
    0   599   424 1
    0   600    89 1
    0   601   422 1
    0   602    91 1
    0   603   420 1
    0   604    93 1
    0   605   418 1
    0   606    95 1
    0   607   416 1
    0   608    97 1
    0   609   414 1
    0   610    99 1
    0   611   412 1
    0   612   101 1
    0   613   410 1
    0   614   103 1
    0   615   408 1
    0   616   105 1
    0   617   406 1
    0   618   107 1
    0   619   404 1
    0   620   109 1
    0   621   402 1
    0   622   111 1
    0   623   400 1
    0   624   113 1
    0   625   398 1
    0   626   115 1
    0   627   396 1
    0   628   117 1
    0   629   394 1
    0   630   119 1
    0   631   392 1
    0   632   121 1
    0   633   390 1
    0   634   123 1
    0   635   388 1
    0   636   125 1
    0   637   386 1
    0   638   127 1
    0   639   384 1
    0   640   129 1
    0   641   382 1
    0   642   131 1
    0   643   380 1
    0   644   133 1
    0   645   378 1
    0   646   135 1
    0   647   376 1
    0   648   137 1
    0   649   374 1
    0   650   139 1
    0   651   372 1
    0   652   141 1
    0   653   370 1
    0   654   143 1
    0   655   368 1
    0   656   145 1
    0   657   366 1
    0   658   147 1
    0   659   364 1
    0   660   149 1
    0   661   362 1
    0   662   151 1
    0   663   360 1
    0   664   153 1
    0   665   358 1
    0   666   155 1
    0   667   356 1
    0   668   157 1
    0   669   354 1
    0   670   159 1
    0   671   352 1
    0   672   161 1
    0   673   350 1
    0   674   163 1
    0   675   348 1
    0   676   165 1
    0   677   346 1
    0   678   167 1
    0   679   344 1
    0   680   169 1
    0   681   342 1
    0   682   171 1
    0   683   340 1
    0   684   173 1
    0   685   338 1
    0   686   175 1
    0   687   336 1
    0   688   177 1
    0   689   334 1
    0   690   179 1
    0   691   332 1
    0   692   181 1
    0   693   330 1
    0   694   183 1
    0   695   328 1
    0   696   185 1
    0   697   326 1
    0   698   187 1
    0   699   324 1
    0   700   189 1
    0   701   322 1
    0   702   191 1
    0   703   320 1
    0   704   193 1
    0   705   318 1
    0   706   195 1
    0   707   316 1
    0   708   197 1
    0   709   314 1
    0   710   199 1
    0   711   312 1
    0   712   201 1
    0   713   310 1
    0   714   203 1
    0   715   308 1
    0   716   205 1
    0   717   306 1
    0   718   207 1
    0   719   304 1
    0   720   209 1
    0   721   302 1
    0   722   211 1
    0   723   300 1
    0   724   213 1
    0   725   298 1
    0   726   215 1
    0   727   296 1
    0   728   217 1
    0   729   294 1
    0   730   219 1
    0   731   292 1
    0   732   221 1
    0   733   290 1
    0   734   223 1
    0   735   288 1
    0   736   225 1
    0   737   286 1
    0   738   227 1
    0   739   284 1
    0   740   229 1
    0   741   282 1
    0   742   231 1
    0   743   280 1
    0   744   233 1
    0   745   278 1
    0   746   235 1
    0   747   276 1
    0   748   237 1
    0   749   274 1
    0   750   239 1
    0   751   272 1
    0   752   241 1
    0   753   270 1
    0   754   243 1
    0   755   268 1
    0   756   245 1
    0   757   266 1
    0   758   247 1
    0   759   264 1
    0   760   249 1
    0   761   262 1
    0   762   251 1
    0   763   260 1
    0   764   253 1
    0   765   258 1
    0   766   255 1
    0   767   256 1
    0   768   257 1
    0   769   254 1
    0   770   259 1
    0   771   252 1
    0   772   261 1
    0   773   250 1
    0   774   263 1
    0   775   248 1
    0   776   265 1
    0   777   246 1
    0   778   267 1
    0   779   244 1
    0   780   269 1
    0   781   242 1
    0   782   271 1
    0   783   240 1
    0   784   273 1
    0   785   238 1
    0   786   275 1
    0   787   236 1
    0   788   277 1
    0   789   234 1
    0   790   279 1
    0   791   232 1
    0   792   281 1
    0   793   230 1
    0   794   283 1
    0   795   228 1
    0   796   285 1
    0   797   226 1
    0   798   287 1
    0   799   224 1
    0   800   289 1
    0   801   222 1
    0   802   291 1
    0   803   220 1
    0   804   293 1
    0   805   218 1
    0   806   295 1
    0   807   216 1
    0   808   297 1
    0   809   214 1
    0   810   299 1
    0   811   212 1
    0   812   301 1
    0   813   210 1
    0   814   303 1
    0   815   208 1
    0   816   305 1
    0   817   206 1
    0   818   307 1
    0   819   204 1
    0   820   309 1
    0   821   202 1
    0   822   311 1
    0   823   200 1
    0   824   313 1
    0   825   198 1
    0   826   315 1
    0   827   196 1
    0   828   317 1
    0   829   194 1
    0   830   319 1
    0   831   192 1
    0   832   321 1
    0   833   190 1
    0   834   323 1
    0   835   188 1
    0   836   325 1
    0   837   186 1
    0   838   327 1
    0   839   184 1
    0   840   329 1
    0   841   182 1
    0   842   331 1
    0   843   180 1
    0   844   333 1
    0   845   178 1
    0   846   335 1
    0   847   176 1
    0   848   337 1
    0   849   174 1
    0   850   339 1
    0   851   172 1
    0   852   341 1
    0   853   170 1
    0   854   343 1
    0   855   168 1
    0   856   345 1
    0   857   166 1
    0   858   347 1
    0   859   164 1
    0   860   349 1
    0   861   162 1
    0   862   351 1
    0   863   160 1
    0   864   353 1
    0   865   158 1
    0   866   355 1
    0   867   156 1
    0   868   357 1
    0   869   154 1
    0   870   359 1
    0   871   152 1
    0   872   361 1
    0   873   150 1
    0   874   363 1
    0   875   148 1
    0   876   365 1
    0   877   146 1
    0   878   367 1
    0   879   144 1
    0   880   369 1
    0   881   142 1
    0   882   371 1
    0   883   140 1
    0   884   373 1
    0   885   138 1
    0   886   375 1
    0   887   136 1
    0   888   377 1
    0   889   134 1
    0   890   379 1
    0   891   132 1
    0   892   381 1
    0   893   130 1
    0   894   383 1
    0   895   128 1
    0   896   385 1
    0   897   126 1
    0   898   387 1
    0   899   124 1
    0   900   389 1
    0   901   122 1
    0   902   391 1
    0   903   120 1
    0   904   393 1
    0   905   118 1
    0   906   395 1
    0   907   116 1
    0   908   397 1
    0   909   114 1
    0   910   399 1
    0   911   112 1
    0   912   401 1
    0   913   110 1
    0   914   403 1
    0   915   108 1
    0   916   405 1
    0   917   106 1
    0   918   407 1
    0   919   104 1
    0   920   409 1
    0   921   102 1
    0   922   411 1
    0   923   100 1
    0   924   413 1
    0   925    98 1
    0   926   415 1
    0   927    96 1
    0   928   417 1
    0   929    94 1
    0   930   419 1
    0   931    92 1
    0   932   421 1
    0   933    90 1
    0   934   423 1
    0   935    88 1
    0   936   425 1
    0   937    86 1
    0   938   427 1
    0   939    84 1
    0   940   429 1
    0   941    82 1
    0   942   431 1
    0   943    80 1
    0   944   433 1
    0   945    78 1
    0   946   435 1
    0   947    76 1
    0   948   437 1
    0   949    74 1
    0   950   439 1
    0   951    72 1
    0   952   441 1
    0   953    70 1
    0   954   443 1
    0   955    68 1
    0   956   445 1
    0   957    66 1
    0   958   447 1
    0   959    64 1
    0   960   449 1
    0   961    62 1
    0   962   451 1
    0   963    60 1
    0   964   453 1
    0   965    58 1
    0   966   455 1
    0   967    56 1
    0   968   457 1
    0   969    54 1
    0   970   459 1
    0   971    52 1
    0   972   461 1
    0   973    50 1
    0   974   463 1
    0   975    48 1
    0   976   465 1
    0   977    46 1
    0   978   467 1
    0   979    44 1
    0   980   469 1
    0   981    42 1
    0   982   471 1
    0   983    40 1
    0   984   473 1
    0   985    38 1
    0   986   475 1
    0   987    36 1
    0   988   477 1
    0   989    34 1
    0   990   479 1
    0   991    32 1
    0   992   481 1
    0   993    30 1
    0   994   483 1
    0   995    28 1
    0   996   485 1
    0   997    26 1
    0   998   487 1
    0   999    24 1
    0  1000   489 1
    0  1001    22 1
    0  1002   491 1
    0  1003    20 1
    0  1004   493 1
    0  1005    18 1
    0  1006   495 1
    0  1007    16 1
    0  1008   497 1
    0  1009    14 1
    0  1010   499 1
    0  1011    12 1
    0  1012   501 1
    0  1013    10 1
    0  1014   503 1
    0  1015     8 1
    0  1016   505 1
    0  1017     6 1
    0  1018   507 1
    0  1019     4 1
    0  1020   509 1
    0  1021     2 1
    0  1022   511 1
    0  1023     0 1
