    0     0    63 1
    0     1    62 1
    0     2    61 1
    0     3    60 1
    0     4    59 1
    0     5    58 1
    0     6    57 1
    0     7    56 1
    0     8    55 1
    0     9    54 1
    0    10    53 1
    0    11    52 1
    0    12    51 1
    0    13    50 1
    0    14    49 1
    0    15    48 1
    0    16    47 1
    0    17    46 1
    0    18    45 1
    0    19    44 1
    0    20    43 1
    0    21    42 1
    0    22    41 1
    0    23    40 1
    0    24    39 1
    0    25    38 1
    0    26    37 1
    0    27    36 1
    0    28    35 1
    0    29    34 1
    0    30    33 1
    0    31    32 1
    0    32    31 1
    0    33    30 1
    0    34    29 1
    0    35    28 1
    0    36    27 1
    0    37    26 1
    0    38    25 1
    0    39    24 1
    0    40    23 1
    0    41    22 1
    0    42    21 1
    0    43    20 1
    0    44    19 1
    0    45    18 1
    0    46    17 1
    0    47    16 1
    0    48    15 1
    0    49    14 1
    0    50    13 1
    0    51    12 1
    0    52    11 1
    0    53    10 1
    0    54     9 1
    0    55     8 1
    0    56     7 1
    0    57     6 1
    0    58     5 1
    0    59     4 1
    0    60     3 1
    0    61     2 1
    0    62     1 1
    0    63     0 1
