    0     0    63 1
    0     1    55 1
    0     2    47 1
    0     3    39 1
    0     4    31 1
    0     5    23 1
    0     6    15 1
    0     7    56 1
    0     8    62 1
    0     9    54 1
    0    10    46 1
    0    11    38 1
    0    12    30 1
    0    13    22 1
    0    14    49 1
    0    15     6 1
    0    16    61 1
    0    17    53 1
    0    18    45 1
    0    19    37 1
    0    20    29 1
    0    21    42 1
    0    22    13 1
    0    23     5 1
    0    24    60 1
    0    25    52 1
    0    26    44 1
    0    27    36 1
    0    28    35 1
    0    29    20 1
    0    30    12 1
    0    31     4 1
    0    32    59 1
    0    33    51 1
    0    34    43 1
    0    35    28 1
    0    36    27 1
    0    37    19 1
    0    38    11 1
    0    39     3 1
    0    40    58 1
    0    41    50 1
    0    42    21 1
    0    43    34 1
    0    44    26 1
    0    45    18 1
    0    46    10 1
    0    47     2 1
    0    48    57 1
    0    49    14 1
    0    50    41 1
    0    51    33 1
    0    52    25 1
    0    53    17 1
    0    54     9 1
    0    55     1 1
    0    56     7 1
    0    57    48 1
    0    58    40 1
    0    59    32 1
    0    60    24 1
    0    61    16 1
    0    62     8 1
    0    63     0 1
