1000
# Clk       1
# Dsts      1
# Data_Size 1
# Itvl_Flit 1000
# Itvl_Pkt  1000
# Npu       32
# Dimm      2
# Sgm       0
# Seed      1482847652
    0     0  1023 1
    0     1   991 1
    0     2   959 1
    0     3   927 1
    0     4   895 1
    0     5   863 1
    0     6   831 1
    0     7   799 1
    0     8   767 1
    0     9   735 1
    0    10   703 1
    0    11   671 1
    0    12   639 1
    0    13   607 1
    0    14   575 1
    0    15   543 1
    0    16   511 1
    0    17   479 1
    0    18   447 1
    0    19   415 1
    0    20   383 1
    0    21   351 1
    0    22   319 1
    0    23   287 1
    0    24   255 1
    0    25   223 1
    0    26   191 1
    0    27   159 1
    0    28   127 1
    0    29    95 1
    0    30    63 1
    0    31   992 1
    0    32  1022 1
    0    33   990 1
    0    34   958 1
    0    35   926 1
    0    36   894 1
    0    37   862 1
    0    38   830 1
    0    39   798 1
    0    40   766 1
    0    41   734 1
    0    42   702 1
    0    43   670 1
    0    44   638 1
    0    45   606 1
    0    46   574 1
    0    47   542 1
    0    48   510 1
    0    49   478 1
    0    50   446 1
    0    51   414 1
    0    52   382 1
    0    53   350 1
    0    54   318 1
    0    55   286 1
    0    56   254 1
    0    57   222 1
    0    58   190 1
    0    59   158 1
    0    60   126 1
    0    61    94 1
    0    62   961 1
    0    63    30 1
    0    64  1021 1
    0    65   989 1
    0    66   957 1
    0    67   925 1
    0    68   893 1
    0    69   861 1
    0    70   829 1
    0    71   797 1
    0    72   765 1
    0    73   733 1
    0    74   701 1
    0    75   669 1
    0    76   637 1
    0    77   605 1
    0    78   573 1
    0    79   541 1
    0    80   509 1
    0    81   477 1
    0    82   445 1
    0    83   413 1
    0    84   381 1
    0    85   349 1
    0    86   317 1
    0    87   285 1
    0    88   253 1
    0    89   221 1
    0    90   189 1
    0    91   157 1
    0    92   125 1
    0    93   930 1
    0    94    61 1
    0    95    29 1
    0    96  1020 1
    0    97   988 1
    0    98   956 1
    0    99   924 1
    0   100   892 1
    0   101   860 1
    0   102   828 1
    0   103   796 1
    0   104   764 1
    0   105   732 1
    0   106   700 1
    0   107   668 1
    0   108   636 1
    0   109   604 1
    0   110   572 1
    0   111   540 1
    0   112   508 1
    0   113   476 1
    0   114   444 1
    0   115   412 1
    0   116   380 1
    0   117   348 1
    0   118   316 1
    0   119   284 1
    0   120   252 1
    0   121   220 1
    0   122   188 1
    0   123   156 1
    0   124   899 1
    0   125    92 1
    0   126    60 1
    0   127    28 1
    0   128  1019 1
    0   129   987 1
    0   130   955 1
    0   131   923 1
    0   132   891 1
    0   133   859 1
    0   134   827 1
    0   135   795 1
    0   136   763 1
    0   137   731 1
    0   138   699 1
    0   139   667 1
    0   140   635 1
    0   141   603 1
    0   142   571 1
    0   143   539 1
    0   144   507 1
    0   145   475 1
    0   146   443 1
    0   147   411 1
    0   148   379 1
    0   149   347 1
    0   150   315 1
    0   151   283 1
    0   152   251 1
    0   153   219 1
    0   154   187 1
    0   155   868 1
    0   156   123 1
    0   157    91 1
    0   158    59 1
    0   159    27 1
    0   160  1018 1
    0   161   986 1
    0   162   954 1
    0   163   922 1
    0   164   890 1
    0   165   858 1
    0   166   826 1
    0   167   794 1
    0   168   762 1
    0   169   730 1
    0   170   698 1
    0   171   666 1
    0   172   634 1
    0   173   602 1
    0   174   570 1
    0   175   538 1
    0   176   506 1
    0   177   474 1
    0   178   442 1
    0   179   410 1
    0   180   378 1
    0   181   346 1
    0   182   314 1
    0   183   282 1
    0   184   250 1
    0   185   218 1
    0   186   837 1
    0   187   154 1
    0   188   122 1
    0   189    90 1
    0   190    58 1
    0   191    26 1
    0   192  1017 1
    0   193   985 1
    0   194   953 1
    0   195   921 1
    0   196   889 1
    0   197   857 1
    0   198   825 1
    0   199   793 1
    0   200   761 1
    0   201   729 1
    0   202   697 1
    0   203   665 1
    0   204   633 1
    0   205   601 1
    0   206   569 1
    0   207   537 1
    0   208   505 1
    0   209   473 1
    0   210   441 1
    0   211   409 1
    0   212   377 1
    0   213   345 1
    0   214   313 1
    0   215   281 1
    0   216   249 1
    0   217   806 1
    0   218   185 1
    0   219   153 1
    0   220   121 1
    0   221    89 1
    0   222    57 1
    0   223    25 1
    0   224  1016 1
    0   225   984 1
    0   226   952 1
    0   227   920 1
    0   228   888 1
    0   229   856 1
    0   230   824 1
    0   231   792 1
    0   232   760 1
    0   233   728 1
    0   234   696 1
    0   235   664 1
    0   236   632 1
    0   237   600 1
    0   238   568 1
    0   239   536 1
    0   240   504 1
    0   241   472 1
    0   242   440 1
    0   243   408 1
    0   244   376 1
    0   245   344 1
    0   246   312 1
    0   247   280 1
    0   248   775 1
    0   249   216 1
    0   250   184 1
    0   251   152 1
    0   252   120 1
    0   253    88 1
    0   254    56 1
    0   255    24 1
    0   256  1015 1
    0   257   983 1
    0   258   951 1
    0   259   919 1
    0   260   887 1
    0   261   855 1
    0   262   823 1
    0   263   791 1
    0   264   759 1
    0   265   727 1
    0   266   695 1
    0   267   663 1
    0   268   631 1
    0   269   599 1
    0   270   567 1
    0   271   535 1
    0   272   503 1
    0   273   471 1
    0   274   439 1
    0   275   407 1
    0   276   375 1
    0   277   343 1
    0   278   311 1
    0   279   744 1
    0   280   247 1
    0   281   215 1
    0   282   183 1
    0   283   151 1
    0   284   119 1
    0   285    87 1
    0   286    55 1
    0   287    23 1
    0   288  1014 1
    0   289   982 1
    0   290   950 1
    0   291   918 1
    0   292   886 1
    0   293   854 1
    0   294   822 1
    0   295   790 1
    0   296   758 1
    0   297   726 1
    0   298   694 1
    0   299   662 1
    0   300   630 1
    0   301   598 1
    0   302   566 1
    0   303   534 1
    0   304   502 1
    0   305   470 1
    0   306   438 1
    0   307   406 1
    0   308   374 1
    0   309   342 1
    0   310   713 1
    0   311   278 1
    0   312   246 1
    0   313   214 1
    0   314   182 1
    0   315   150 1
    0   316   118 1
    0   317    86 1
    0   318    54 1
    0   319    22 1
    0   320  1013 1
    0   321   981 1
    0   322   949 1
    0   323   917 1
    0   324   885 1
    0   325   853 1
    0   326   821 1
    0   327   789 1
    0   328   757 1
    0   329   725 1
    0   330   693 1
    0   331   661 1
    0   332   629 1
    0   333   597 1
    0   334   565 1
    0   335   533 1
    0   336   501 1
    0   337   469 1
    0   338   437 1
    0   339   405 1
    0   340   373 1
    0   341   682 1
    0   342   309 1
    0   343   277 1
    0   344   245 1
    0   345   213 1
    0   346   181 1
    0   347   149 1
    0   348   117 1
    0   349    85 1
    0   350    53 1
    0   351    21 1
    0   352  1012 1
    0   353   980 1
    0   354   948 1
    0   355   916 1
    0   356   884 1
    0   357   852 1
    0   358   820 1
    0   359   788 1
    0   360   756 1
    0   361   724 1
    0   362   692 1
    0   363   660 1
    0   364   628 1
    0   365   596 1
    0   366   564 1
    0   367   532 1
    0   368   500 1
    0   369   468 1
    0   370   436 1
    0   371   404 1
    0   372   651 1
    0   373   340 1
    0   374   308 1
    0   375   276 1
    0   376   244 1
    0   377   212 1
    0   378   180 1
    0   379   148 1
    0   380   116 1
    0   381    84 1
    0   382    52 1
    0   383    20 1
    0   384  1011 1
    0   385   979 1
    0   386   947 1
    0   387   915 1
    0   388   883 1
    0   389   851 1
    0   390   819 1
    0   391   787 1
    0   392   755 1
    0   393   723 1
    0   394   691 1
    0   395   659 1
    0   396   627 1
    0   397   595 1
    0   398   563 1
    0   399   531 1
    0   400   499 1
    0   401   467 1
    0   402   435 1
    0   403   620 1
    0   404   371 1
    0   405   339 1
    0   406   307 1
    0   407   275 1
    0   408   243 1
    0   409   211 1
    0   410   179 1
    0   411   147 1
    0   412   115 1
    0   413    83 1
    0   414    51 1
    0   415    19 1
    0   416  1010 1
    0   417   978 1
    0   418   946 1
    0   419   914 1
    0   420   882 1
    0   421   850 1
    0   422   818 1
    0   423   786 1
    0   424   754 1
    0   425   722 1
    0   426   690 1
    0   427   658 1
    0   428   626 1
    0   429   594 1
    0   430   562 1
    0   431   530 1
    0   432   498 1
    0   433   466 1
    0   434   589 1
    0   435   402 1
    0   436   370 1
    0   437   338 1
    0   438   306 1
    0   439   274 1
    0   440   242 1
    0   441   210 1
    0   442   178 1
    0   443   146 1
    0   444   114 1
    0   445    82 1
    0   446    50 1
    0   447    18 1
    0   448  1009 1
    0   449   977 1
    0   450   945 1
    0   451   913 1
    0   452   881 1
    0   453   849 1
    0   454   817 1
    0   455   785 1
    0   456   753 1
    0   457   721 1
    0   458   689 1
    0   459   657 1
    0   460   625 1
    0   461   593 1
    0   462   561 1
    0   463   529 1
    0   464   497 1
    0   465   558 1
    0   466   433 1
    0   467   401 1
    0   468   369 1
    0   469   337 1
    0   470   305 1
    0   471   273 1
    0   472   241 1
    0   473   209 1
    0   474   177 1
    0   475   145 1
    0   476   113 1
    0   477    81 1
    0   478    49 1
    0   479    17 1
    0   480  1008 1
    0   481   976 1
    0   482   944 1
    0   483   912 1
    0   484   880 1
    0   485   848 1
    0   486   816 1
    0   487   784 1
    0   488   752 1
    0   489   720 1
    0   490   688 1
    0   491   656 1
    0   492   624 1
    0   493   592 1
    0   494   560 1
    0   495   528 1
    0   496   527 1
    0   497   464 1
    0   498   432 1
    0   499   400 1
    0   500   368 1
    0   501   336 1
    0   502   304 1
    0   503   272 1
    0   504   240 1
    0   505   208 1
    0   506   176 1
    0   507   144 1
    0   508   112 1
    0   509    80 1
    0   510    48 1
    0   511    16 1
    0   512  1007 1
    0   513   975 1
    0   514   943 1
    0   515   911 1
    0   516   879 1
    0   517   847 1
    0   518   815 1
    0   519   783 1
    0   520   751 1
    0   521   719 1
    0   522   687 1
    0   523   655 1
    0   524   623 1
    0   525   591 1
    0   526   559 1
    0   527   496 1
    0   528   495 1
    0   529   463 1
    0   530   431 1
    0   531   399 1
    0   532   367 1
    0   533   335 1
    0   534   303 1
    0   535   271 1
    0   536   239 1
    0   537   207 1
    0   538   175 1
    0   539   143 1
    0   540   111 1
    0   541    79 1
    0   542    47 1
    0   543    15 1
    0   544  1006 1
    0   545   974 1
    0   546   942 1
    0   547   910 1
    0   548   878 1
    0   549   846 1
    0   550   814 1
    0   551   782 1
    0   552   750 1
    0   553   718 1
    0   554   686 1
    0   555   654 1
    0   556   622 1
    0   557   590 1
    0   558   465 1
    0   559   526 1
    0   560   494 1
    0   561   462 1
    0   562   430 1
    0   563   398 1
    0   564   366 1
    0   565   334 1
    0   566   302 1
    0   567   270 1
    0   568   238 1
    0   569   206 1
    0   570   174 1
    0   571   142 1
    0   572   110 1
    0   573    78 1
    0   574    46 1
    0   575    14 1
    0   576  1005 1
    0   577   973 1
    0   578   941 1
    0   579   909 1
    0   580   877 1
    0   581   845 1
    0   582   813 1
    0   583   781 1
    0   584   749 1
    0   585   717 1
    0   586   685 1
    0   587   653 1
    0   588   621 1
    0   589   434 1
    0   590   557 1
    0   591   525 1
    0   592   493 1
    0   593   461 1
    0   594   429 1
    0   595   397 1
    0   596   365 1
    0   597   333 1
    0   598   301 1
    0   599   269 1
    0   600   237 1
    0   601   205 1
    0   602   173 1
    0   603   141 1
    0   604   109 1
    0   605    77 1
    0   606    45 1
    0   607    13 1
    0   608  1004 1
    0   609   972 1
    0   610   940 1
    0   611   908 1
    0   612   876 1
    0   613   844 1
    0   614   812 1
    0   615   780 1
    0   616   748 1
    0   617   716 1
    0   618   684 1
    0   619   652 1
    0   620   403 1
    0   621   588 1
    0   622   556 1
    0   623   524 1
    0   624   492 1
    0   625   460 1
    0   626   428 1
    0   627   396 1
    0   628   364 1
    0   629   332 1
    0   630   300 1
    0   631   268 1
    0   632   236 1
    0   633   204 1
    0   634   172 1
    0   635   140 1
    0   636   108 1
    0   637    76 1
    0   638    44 1
    0   639    12 1
    0   640  1003 1
    0   641   971 1
    0   642   939 1
    0   643   907 1
    0   644   875 1
    0   645   843 1
    0   646   811 1
    0   647   779 1
    0   648   747 1
    0   649   715 1
    0   650   683 1
    0   651   372 1
    0   652   619 1
    0   653   587 1
    0   654   555 1
    0   655   523 1
    0   656   491 1
    0   657   459 1
    0   658   427 1
    0   659   395 1
    0   660   363 1
    0   661   331 1
    0   662   299 1
    0   663   267 1
    0   664   235 1
    0   665   203 1
    0   666   171 1
    0   667   139 1
    0   668   107 1
    0   669    75 1
    0   670    43 1
    0   671    11 1
    0   672  1002 1
    0   673   970 1
    0   674   938 1
    0   675   906 1
    0   676   874 1
    0   677   842 1
    0   678   810 1
    0   679   778 1
    0   680   746 1
    0   681   714 1
    0   682   341 1
    0   683   650 1
    0   684   618 1
    0   685   586 1
    0   686   554 1
    0   687   522 1
    0   688   490 1
    0   689   458 1
    0   690   426 1
    0   691   394 1
    0   692   362 1
    0   693   330 1
    0   694   298 1
    0   695   266 1
    0   696   234 1
    0   697   202 1
    0   698   170 1
    0   699   138 1
    0   700   106 1
    0   701    74 1
    0   702    42 1
    0   703    10 1
    0   704  1001 1
    0   705   969 1
    0   706   937 1
    0   707   905 1
    0   708   873 1
    0   709   841 1
    0   710   809 1
    0   711   777 1
    0   712   745 1
    0   713   310 1
    0   714   681 1
    0   715   649 1
    0   716   617 1
    0   717   585 1
    0   718   553 1
    0   719   521 1
    0   720   489 1
    0   721   457 1
    0   722   425 1
    0   723   393 1
    0   724   361 1
    0   725   329 1
    0   726   297 1
    0   727   265 1
    0   728   233 1
    0   729   201 1
    0   730   169 1
    0   731   137 1
    0   732   105 1
    0   733    73 1
    0   734    41 1
    0   735     9 1
    0   736  1000 1
    0   737   968 1
    0   738   936 1
    0   739   904 1
    0   740   872 1
    0   741   840 1
    0   742   808 1
    0   743   776 1
    0   744   279 1
    0   745   712 1
    0   746   680 1
    0   747   648 1
    0   748   616 1
    0   749   584 1
    0   750   552 1
    0   751   520 1
    0   752   488 1
    0   753   456 1
    0   754   424 1
    0   755   392 1
    0   756   360 1
    0   757   328 1
    0   758   296 1
    0   759   264 1
    0   760   232 1
    0   761   200 1
    0   762   168 1
    0   763   136 1
    0   764   104 1
    0   765    72 1
    0   766    40 1
    0   767     8 1
    0   768   999 1
    0   769   967 1
    0   770   935 1
    0   771   903 1
    0   772   871 1
    0   773   839 1
    0   774   807 1
    0   775   248 1
    0   776   743 1
    0   777   711 1
    0   778   679 1
    0   779   647 1
    0   780   615 1
    0   781   583 1
    0   782   551 1
    0   783   519 1
    0   784   487 1
    0   785   455 1
    0   786   423 1
    0   787   391 1
    0   788   359 1
    0   789   327 1
    0   790   295 1
    0   791   263 1
    0   792   231 1
    0   793   199 1
    0   794   167 1
    0   795   135 1
    0   796   103 1
    0   797    71 1
    0   798    39 1
    0   799     7 1
    0   800   998 1
    0   801   966 1
    0   802   934 1
    0   803   902 1
    0   804   870 1
    0   805   838 1
    0   806   217 1
    0   807   774 1
    0   808   742 1
    0   809   710 1
    0   810   678 1
    0   811   646 1
    0   812   614 1
    0   813   582 1
    0   814   550 1
    0   815   518 1
    0   816   486 1
    0   817   454 1
    0   818   422 1
    0   819   390 1
    0   820   358 1
    0   821   326 1
    0   822   294 1
    0   823   262 1
    0   824   230 1
    0   825   198 1
    0   826   166 1
    0   827   134 1
    0   828   102 1
    0   829    70 1
    0   830    38 1
    0   831     6 1
    0   832   997 1
    0   833   965 1
    0   834   933 1
    0   835   901 1
    0   836   869 1
    0   837   186 1
    0   838   805 1
    0   839   773 1
    0   840   741 1
    0   841   709 1
    0   842   677 1
    0   843   645 1
    0   844   613 1
    0   845   581 1
    0   846   549 1
    0   847   517 1
    0   848   485 1
    0   849   453 1
    0   850   421 1
    0   851   389 1
    0   852   357 1
    0   853   325 1
    0   854   293 1
    0   855   261 1
    0   856   229 1
    0   857   197 1
    0   858   165 1
    0   859   133 1
    0   860   101 1
    0   861    69 1
    0   862    37 1
    0   863     5 1
    0   864   996 1
    0   865   964 1
    0   866   932 1
    0   867   900 1
    0   868   155 1
    0   869   836 1
    0   870   804 1
    0   871   772 1
    0   872   740 1
    0   873   708 1
    0   874   676 1
    0   875   644 1
    0   876   612 1
    0   877   580 1
    0   878   548 1
    0   879   516 1
    0   880   484 1
    0   881   452 1
    0   882   420 1
    0   883   388 1
    0   884   356 1
    0   885   324 1
    0   886   292 1
    0   887   260 1
    0   888   228 1
    0   889   196 1
    0   890   164 1
    0   891   132 1
    0   892   100 1
    0   893    68 1
    0   894    36 1
    0   895     4 1
    0   896   995 1
    0   897   963 1
    0   898   931 1
    0   899   124 1
    0   900   867 1
    0   901   835 1
    0   902   803 1
    0   903   771 1
    0   904   739 1
    0   905   707 1
    0   906   675 1
    0   907   643 1
    0   908   611 1
    0   909   579 1
    0   910   547 1
    0   911   515 1
    0   912   483 1
    0   913   451 1
    0   914   419 1
    0   915   387 1
    0   916   355 1
    0   917   323 1
    0   918   291 1
    0   919   259 1
    0   920   227 1
    0   921   195 1
    0   922   163 1
    0   923   131 1
    0   924    99 1
    0   925    67 1
    0   926    35 1
    0   927     3 1
    0   928   994 1
    0   929   962 1
    0   930    93 1
    0   931   898 1
    0   932   866 1
    0   933   834 1
    0   934   802 1
    0   935   770 1
    0   936   738 1
    0   937   706 1
    0   938   674 1
    0   939   642 1
    0   940   610 1
    0   941   578 1
    0   942   546 1
    0   943   514 1
    0   944   482 1
    0   945   450 1
    0   946   418 1
    0   947   386 1
    0   948   354 1
    0   949   322 1
    0   950   290 1
    0   951   258 1
    0   952   226 1
    0   953   194 1
    0   954   162 1
    0   955   130 1
    0   956    98 1
    0   957    66 1
    0   958    34 1
    0   959     2 1
    0   960   993 1
    0   961    62 1
    0   962   929 1
    0   963   897 1
    0   964   865 1
    0   965   833 1
    0   966   801 1
    0   967   769 1
    0   968   737 1
    0   969   705 1
    0   970   673 1
    0   971   641 1
    0   972   609 1
    0   973   577 1
    0   974   545 1
    0   975   513 1
    0   976   481 1
    0   977   449 1
    0   978   417 1
    0   979   385 1
    0   980   353 1
    0   981   321 1
    0   982   289 1
    0   983   257 1
    0   984   225 1
    0   985   193 1
    0   986   161 1
    0   987   129 1
    0   988    97 1
    0   989    65 1
    0   990    33 1
    0   991     1 1
    0   992    31 1
    0   993   960 1
    0   994   928 1
    0   995   896 1
    0   996   864 1
    0   997   832 1
    0   998   800 1
    0   999   768 1
    0  1000   736 1
    0  1001   704 1
    0  1002   672 1
    0  1003   640 1
    0  1004   608 1
    0  1005   576 1
    0  1006   544 1
    0  1007   512 1
    0  1008   480 1
    0  1009   448 1
    0  1010   416 1
    0  1011   384 1
    0  1012   352 1
    0  1013   320 1
    0  1014   288 1
    0  1015   256 1
    0  1016   224 1
    0  1017   192 1
    0  1018   160 1
    0  1019   128 1
    0  1020    96 1
    0  1021    64 1
    0  1022    32 1
    0  1023     0 1
