    0     0   255 1
    0     1   239 1
    0     2   223 1
    0     3   207 1
    0     4   191 1
    0     5   175 1
    0     6   159 1
    0     7   143 1
    0     8   127 1
    0     9   111 1
    0    10    95 1
    0    11    79 1
    0    12    63 1
    0    13    47 1
    0    14    31 1
    0    15   240 1
    0    16   254 1
    0    17   238 1
    0    18   222 1
    0    19   206 1
    0    20   190 1
    0    21   174 1
    0    22   158 1
    0    23   142 1
    0    24   126 1
    0    25   110 1
    0    26    94 1
    0    27    78 1
    0    28    62 1
    0    29    46 1
    0    30   225 1
    0    31    14 1
    0    32   253 1
    0    33   237 1
    0    34   221 1
    0    35   205 1
    0    36   189 1
    0    37   173 1
    0    38   157 1
    0    39   141 1
    0    40   125 1
    0    41   109 1
    0    42    93 1
    0    43    77 1
    0    44    61 1
    0    45   210 1
    0    46    29 1
    0    47    13 1
    0    48   252 1
    0    49   236 1
    0    50   220 1
    0    51   204 1
    0    52   188 1
    0    53   172 1
    0    54   156 1
    0    55   140 1
    0    56   124 1
    0    57   108 1
    0    58    92 1
    0    59    76 1
    0    60   195 1
    0    61    44 1
    0    62    28 1
    0    63    12 1
    0    64   251 1
    0    65   235 1
    0    66   219 1
    0    67   203 1
    0    68   187 1
    0    69   171 1
    0    70   155 1
    0    71   139 1
    0    72   123 1
    0    73   107 1
    0    74    91 1
    0    75   180 1
    0    76    59 1
    0    77    43 1
    0    78    27 1
    0    79    11 1
    0    80   250 1
    0    81   234 1
    0    82   218 1
    0    83   202 1
    0    84   186 1
    0    85   170 1
    0    86   154 1
    0    87   138 1
    0    88   122 1
    0    89   106 1
    0    90   165 1
    0    91    74 1
    0    92    58 1
    0    93    42 1
    0    94    26 1
    0    95    10 1
    0    96   249 1
    0    97   233 1
    0    98   217 1
    0    99   201 1
    0   100   185 1
    0   101   169 1
    0   102   153 1
    0   103   137 1
    0   104   121 1
    0   105   150 1
    0   106    89 1
    0   107    73 1
    0   108    57 1
    0   109    41 1
    0   110    25 1
    0   111     9 1
    0   112   248 1
    0   113   232 1
    0   114   216 1
    0   115   200 1
    0   116   184 1
    0   117   168 1
    0   118   152 1
    0   119   136 1
    0   120   135 1
    0   121   104 1
    0   122    88 1
    0   123    72 1
    0   124    56 1
    0   125    40 1
    0   126    24 1
    0   127     8 1
    0   128   247 1
    0   129   231 1
    0   130   215 1
    0   131   199 1
    0   132   183 1
    0   133   167 1
    0   134   151 1
    0   135   120 1
    0   136   119 1
    0   137   103 1
    0   138    87 1
    0   139    71 1
    0   140    55 1
    0   141    39 1
    0   142    23 1
    0   143     7 1
    0   144   246 1
    0   145   230 1
    0   146   214 1
    0   147   198 1
    0   148   182 1
    0   149   166 1
    0   150   105 1
    0   151   134 1
    0   152   118 1
    0   153   102 1
    0   154    86 1
    0   155    70 1
    0   156    54 1
    0   157    38 1
    0   158    22 1
    0   159     6 1
    0   160   245 1
    0   161   229 1
    0   162   213 1
    0   163   197 1
    0   164   181 1
    0   165    90 1
    0   166   149 1
    0   167   133 1
    0   168   117 1
    0   169   101 1
    0   170    85 1
    0   171    69 1
    0   172    53 1
    0   173    37 1
    0   174    21 1
    0   175     5 1
    0   176   244 1
    0   177   228 1
    0   178   212 1
    0   179   196 1
    0   180    75 1
    0   181   164 1
    0   182   148 1
    0   183   132 1
    0   184   116 1
    0   185   100 1
    0   186    84 1
    0   187    68 1
    0   188    52 1
    0   189    36 1
    0   190    20 1
    0   191     4 1
    0   192   243 1
    0   193   227 1
    0   194   211 1
    0   195    60 1
    0   196   179 1
    0   197   163 1
    0   198   147 1
    0   199   131 1
    0   200   115 1
    0   201    99 1
    0   202    83 1
    0   203    67 1
    0   204    51 1
    0   205    35 1
    0   206    19 1
    0   207     3 1
    0   208   242 1
    0   209   226 1
    0   210    45 1
    0   211   194 1
    0   212   178 1
    0   213   162 1
    0   214   146 1
    0   215   130 1
    0   216   114 1
    0   217    98 1
    0   218    82 1
    0   219    66 1
    0   220    50 1
    0   221    34 1
    0   222    18 1
    0   223     2 1
    0   224   241 1
    0   225    30 1
    0   226   209 1
    0   227   193 1
    0   228   177 1
    0   229   161 1
    0   230   145 1
    0   231   129 1
    0   232   113 1
    0   233    97 1
    0   234    81 1
    0   235    65 1
    0   236    49 1
    0   237    33 1
    0   238    17 1
    0   239     1 1
    0   240    15 1
    0   241   224 1
    0   242   208 1
    0   243   192 1
    0   244   176 1
    0   245   160 1
    0   246   144 1
    0   247   128 1
    0   248   112 1
    0   249    96 1
    0   250    80 1
    0   251    64 1
    0   252    48 1
    0   253    32 1
    0   254    16 1
    0   255     0 1
