    0     0    32 1
    0     1     0 1
    0     2     1 1
    0     3     2 1
    0     4     5 1
    0     5    37 1
    0     6     7 1
    0     7     8 1
    0     8     9 1
    0     9    41 1
    0    10    42 1
    0    11   101 1
    0    12    44 1
    0    13    14 1
    0    14   975 1
    0    15    47 1
    0    16    17 1
    0    17    16 1
    0    18    50 1
    0    19    18 1
    0    20    52 1
    0    21    53 1
    0    22    21 1
    0    23    22 1
    0    24    25 1
    0    25    24 1
    0    26    16 1
    0    27    59 1
    0    28    60 1
    0    29    61 1
    0    30    31 1
    0    31    30 1
    0    32    64 1
    0    33     1 1
    0    34    33 1
    0    35    67 1
    0    36     4 1
    0    37    36 1
    0    38    70 1
    0    39    71 1
    0    40     8 1
    0    41   720 1
    0    42    41 1
    0    43    44 1
    0    44    43 1
    0    45    46 1
    0    46    78 1
    0    47    46 1
    0    48    49 1
    0    49    50 1
    0    50   421 1
    0    51   534 1
    0    52    51 1
    0    53    85 1
    0    54   250 1
    0    55    87 1
    0    56    55 1
    0    57    56 1
    0    58   662 1
    0    59    58 1
    0    60    92 1
    0    61    93 1
    0    62    63 1
    0    63    62 1
    0    64    32 1
    0    65    33 1
    0    66   708 1
    0    67    66 1
    0    68    36 1
    0    69    68 1
    0    70   423 1
    0    71    39 1
    0    72    73 1
    0    73    72 1
    0    74   106 1
    0    75    77 1
    0    76    44 1
    0    77    78 1
    0    78    77 1
    0    79    47 1
    0    80    79 1
    0    81   113 1
    0    82    83 1
    0    83    84 1
    0    84    83 1
    0    85    84 1
    0    86   718 1
    0    87    86 1
    0    88    56 1
    0    89   121 1
    0    90    89 1
    0    91    90 1
    0    92    60 1
    0    93    92 1
    0    94    62 1
    0    95    94 1
    0    96    97 1
    0    97    65 1
    0    98    99 1
    0    99   131 1
    0   100    99 1
    0   101   312 1
    0   102   134 1
    0   103   104 1
    0   104   136 1
    0   105   106 1
    0   106   105 1
    0   107    75 1
    0   108   140 1
    0   109   110 1
    0   110   142 1
    0   111   112 1
    0   112   111 1
    0   113   112 1
    0   114   113 1
    0   115   147 1
    0   116   117 1
    0   117    85 1
    0   118    86 1
    0   119    87 1
    0   120   119 1
    0   121   153 1
    0   122    90 1
    0   123   122 1
    0   124   156 1
    0   125    93 1
    0   126    94 1
    0   127   159 1
    0   128   129 1
    0   129   130 1
    0   130   162 1
    0   131   163 1
    0   132   164 1
    0   133   134 1
    0   134   166 1
    0   135   136 1
    0   136   135 1
    0   137   881 1
    0   138   984 1
    0   139   140 1
    0   140   108 1
    0   141   109 1
    0   142    96 1
    0   143   175 1
    0   144     9 1
    0   145   146 1
    0   146   147 1
    0   147   146 1
    0   148   180 1
    0   149   148 1
    0   150   118 1
    0   151   183 1
    0   152   120 1
    0   153   635 1
    0   154   155 1
    0   155   187 1
    0   156   490 1
    0   157   156 1
    0   158   190 1
    0   159   127 1
    0   160   376 1
    0   161   160 1
    0   162   897 1
    0   163   195 1
    0   164   163 1
    0   165   166 1
    0   166   134 1
    0   167   168 1
    0   168   169 1
    0   169   170 1
    0   170   202 1
    0   171   139 1
    0   172   171 1
    0   173   168 1
    0   174   142 1
    0   175   143 1
    0   176   208 1
    0   177   178 1
    0   178   177 1
    0   179   211 1
    0   180   181 1
    0   181   213 1
    0   182   183 1
    0   183   117 1
    0   184   216 1
    0   185   153 1
    0   186   187 1
    0   187   188 1
    0   188   189 1
    0   189   188 1
    0   190   222 1
    0   191   159 1
    0   192   224 1
    0   193   161 1
    0   194   162 1
    0   195   227 1
    0   196   228 1
    0   197   165 1
    0   198   166 1
    0   199   198 1
    0   200   168 1
    0   201   202 1
    0   202   170 1
    0   203   235 1
    0   204   203 1
    0   205   173 1
    0   206   174 1
    0   207   699 1
    0   208   207 1
    0   209   241 1
    0   210   211 1
    0   211   212 1
    0   212   213 1
    0   213   212 1
    0   214   246 1
    0   215   183 1
    0   216   215 1
    0   217   216 1
    0   218   219 1
    0   219   218 1
    0   220   188 1
    0   221   189 1
    0   222   710 1
    0   223   222 1
    0   224   192 1
    0   225   224 1
    0   226   227 1
    0   227   228 1
    0   228   229 1
    0   229   197 1
    0   230   231 1
    0   231   263 1
    0   232   264 1
    0   233   201 1
    0   234   202 1
    0   235   203 1
    0   236   235 1
    0   237   238 1
    0   238   239 1
    0   239   238 1
    0   240   559 1
    0   241   242 1
    0   242   274 1
    0   243   275 1
    0   244   243 1
    0   245   244 1
    0   246   214 1
    0   247   986 1
    0   248   249 1
    0   249   248 1
    0   250   251 1
    0   251   250 1
    0   252   251 1
    0   253    67 1
    0   254   286 1
    0   255   254 1
    0   256   288 1
    0   257   258 1
    0   258   257 1
    0   259   258 1
    0   260   228 1
    0   261   772 1
    0   262   263 1
    0   263   262 1
    0   264   263 1
    0   265   264 1
    0   266   234 1
    0   267   299 1
    0   268   236 1
    0   269     9 1
    0   270   302 1
    0   271   270 1
    0   272   273 1
    0   273   305 1
    0   274   273 1
    0   275   307 1
    0   276   308 1
    0   277   245 1
    0   278   310 1
    0   279   278 1
    0   280   279 1
    0   281   949 1
    0   282   281 1
    0   283   315 1
    0   284   316 1
    0   285   317 1
    0   286   285 1
    0   287   319 1
    0   288   289 1
    0   289   288 1
    0   290   289 1
    0   291   259 1
    0   292   291 1
    0   293   261 1
    0   294   262 1
    0   295   296 1
    0   296   264 1
    0   297   298 1
    0   298   266 1
    0   299   331 1
    0   300   268 1
    0   301   300 1
    0   302   303 1
    0   303   271 1
    0   304   197 1
    0   305   337 1
    0   306   305 1
    0   307   275 1
    0   308   309 1
    0   309   999 1
    0   310   311 1
    0   311   343 1
    0   312   313 1
    0   313   314 1
    0   314   282 1
    0   315   283 1
    0   316   348 1
    0   317   285 1
    0   318   286 1
    0   319   318 1
    0   320   321 1
    0   321   353 1
    0   322   354 1
    0   323   291 1
    0   324   690 1
    0   325   293 1
    0   326   358 1
    0   327   295 1
    0   328   379 1
    0   329   330 1
    0   330   362 1
    0   331   299 1
    0   332   754 1
    0   333   332 1
    0   334   335 1
    0   335   303 1
    0   336   368 1
    0   337   338 1
    0   338   339 1
    0   339   340 1
    0   340   308 1
    0   341   309 1
    0   342   180 1
    0   343   344 1
    0   344   376 1
    0   345   346 1
    0   346   983 1
    0   347   770 1
    0   348   347 1
    0   349   317 1
    0   350   349 1
    0   351   383 1
    0   352   384 1
    0   353   352 1
    0   354   386 1
    0   355   356 1
    0   356   357 1
    0   357   356 1
    0   358   390 1
    0   359   360 1
    0   360   232 1
    0   361   360 1
    0   362   330 1
    0   363   364 1
    0   364   396 1
    0   365   364 1
    0   366   334 1
    0   367   368 1
    0   368   336 1
    0   369   368 1
    0   370   371 1
    0   371   370 1
    0   372   340 1
    0   373   405 1
    0   374   406 1
    0   375   407 1
    0   376   377 1
    0   377   409 1
    0   378   410 1
    0   379   378 1
    0   380   348 1
    0   381   349 1
    0   382   381 1
    0   383   351 1
    0   384   352 1
    0   385   386 1
    0   386   354 1
    0   387   419 1
    0   388   595 1
    0   389   388 1
    0   390   358 1
    0   391   423 1
    0   392   391 1
    0   393   394 1
    0   394   362 1
    0   395   394 1
    0   396   395 1
    0   397   429 1
    0   398   430 1
    0   399   400 1
    0   400   399 1
    0   401   433 1
    0   402   370 1
    0   403    24 1
    0   404   403 1
    0   405   437 1
    0   406   405 1
    0   407   408 1
    0   408   407 1
    0   409   377 1
    0   410   411 1
    0   411   412 1
    0   412   413 1
    0   413   414 1
    0   414   415 1
    0   415   447 1
    0   416   448 1
    0   417   385 1
    0   418   386 1
    0   419   420 1
    0   420   419 1
    0   421   422 1
    0   422   390 1
    0   423   391 1
    0   424   392 1
    0   425   457 1
    0   426   425 1
    0   427   459 1
    0   428   396 1
    0   429   397 1
    0   430   462 1
    0   431   463 1
    0   432   433 1
    0   433   432 1
    0   434   402 1
    0   435   434 1
    0   436   435 1
    0   437   405 1
    0   438   470 1
    0   439   407 1
    0   440   441 1
    0   441   328 1
    0   442   441 1
    0   443   444 1
    0   444   144 1
    0   445   446 1
    0   446   445 1
    0   447   446 1
    0   448   480 1
    0   449   417 1
    0   450   449 1
    0   451   483 1
    0   452   557 1
    0   453   452 1
    0   454   453 1
    0   455   456 1
    0   456   457 1
    0   457   425 1
    0   458   490 1
    0   459   427 1
    0   460   428 1
    0   461   429 1
    0   462   461 1
    0   463   464 1
    0   464   432 1
    0   465   497 1
    0   466   498 1
    0   467   468 1
    0   468   467 1
    0   469   437 1
    0   470   469 1
    0   471   470 1
    0   472   504 1
    0   473   441 1
    0   474   473 1
    0   475   476 1
    0   476    65 1
    0   477   476 1
    0   478   510 1
    0   479   511 1
    0   480   481 1
    0   481   513 1
    0   482   483 1
    0   483   744 1
    0   484   483 1
    0   485   484 1
    0   486   487 1
    0   487   486 1
    0   488   489 1
    0   489   521 1
    0   490   522 1
    0   491   492 1
    0   492   524 1
    0   493   494 1
    0   494   462 1
    0   495   527 1
    0   496    28 1
    0   497   465 1
    0   498   530 1
    0   499   500 1
    0   500   468 1
    0   501   469 1
    0   502   534 1
    0   503   994 1
    0   504   505 1
    0   505   934 1
    0   506   507 1
    0   507   539 1
    0   508   509 1
    0   509   508 1
    0   510   542 1
    0   511   510 1
    0   512   480 1
    0   513   512 1
    0   514   546 1
    0   515   723 1
    0   516   484 1
    0   517   518 1
    0   518   486 1
    0   519   518 1
    0   520   521 1
    0   521   522 1
    0   522   490 1
    0   523   987 1
    0   524   556 1
    0   525   526 1
    0   526   525 1
    0   527   559 1
    0   528   527 1
    0   529   497 1
    0   530   531 1
    0   531   499 1
    0   532   500 1
    0   533   532 1
    0   534   502 1
    0   535   707 1
    0   536   504 1
    0   537   538 1
    0   538   570 1
    0   539   507 1
    0   540   572 1
    0   541   540 1
    0   542   510 1
    0   543   511 1
    0   544   512 1
    0   545   577 1
    0   546   514 1
    0   547   548 1
    0   548   959 1
    0   549   517 1
    0   550   549 1
    0   551   519 1
    0   552   553 1
    0   553   369 1
    0   554   586 1
    0   555   587 1
    0   556   555 1
    0   557   525 1
    0   558   526 1
    0   559   527 1
    0   560   561 1
    0   561   593 1
    0   562   910 1
    0   563   564 1
    0   564   532 1
    0   565   564 1
    0   566   750 1
    0   567   568 1
    0   568   536 1
    0   569   537 1
    0   570   569 1
    0   571   570 1
    0   572   573 1
    0   573   605 1
    0   574   575 1
    0   575   574 1
    0   576   544 1
    0   577   545 1
    0   578   275 1
    0   579   547 1
    0   580   612 1
    0   581   580 1
    0   582   583 1
    0   583   584 1
    0   584   552 1
    0   585   953 1
    0   586   585 1
    0   587   555 1
    0   588   620 1
    0   589   621 1
    0   590   591 1
    0   591  1013 1
    0   592   591 1
    0   593   592 1
    0   594   595 1
    0   595   596 1
    0   596   564 1
    0   597   565 1
    0   598   630 1
    0   599   519 1
    0   600   632 1
    0   601   271 1
    0   602   570 1
    0   603   602 1
    0   604   605 1
    0   605   573 1
    0   606   638 1
    0   607   606 1
    0   608   640 1
    0   609   608 1
    0   610   611 1
    0   611   643 1
    0   612   611 1
    0   613   612 1
    0   614   615 1
    0   615   614 1
    0   616   648 1
    0   617   649 1
    0   618   619 1
    0   619   620 1
    0   620   588 1
    0   621   622 1
    0   622   621 1
    0   623   624 1
    0   624   592 1
    0   625   624 1
    0   626   625 1
    0   627   595 1
    0   628   660 1
    0   629   661 1
    0   630   662 1
    0   631   663 1
    0   632   664 1
    0   633   665 1
    0   634   635 1
    0   635   636 1
    0   636   668 1
    0   637   669 1
    0   638   606 1
    0   639   607 1
    0   640   641 1
    0   641   673 1
    0   642   643 1
    0   643   611 1
    0   644   325 1
    0   645   644 1
    0   646   645 1
    0   647   615 1
    0   648   680 1
    0   649   681 1
    0   650   618 1
    0   651   650 1
    0   652   620 1
    0   653   685 1
    0   654   653 1
    0   655   623 1
    0   656   655 1
    0   657   625 1
    0   658   657 1
    0   659   691 1
    0   660   661 1
    0   661   662 1
    0   662   630 1
    0   663   631 1
    0   664   665 1
    0   665   251 1
    0   666   634 1
    0   667   668 1
    0   668   669 1
    0   669   701 1
    0   670   702 1
    0   671   703 1
    0   672   640 1
    0   673   672 1
    0   674   642 1
    0   675   643 1
    0   676   675 1
    0   677   735 1
    0   678   179 1
    0   679   680 1
    0   680   679 1
    0   681   649 1
    0   682   681 1
    0   683   684 1
    0   684   652 1
    0   685   684 1
    0   686   685 1
    0   687   719 1
    0   688   720 1
    0   689   690 1
    0   690   658 1
    0   691   690 1
    0   692   693 1
    0   693   661 1
    0   694   726 1
    0   695   694 1
    0   696   695 1
    0   697   729 1
    0   698   697 1
    0   699   731 1
    0   700   668 1
    0   701   733 1
    0   702   526 1
    0   703   702 1
    0   704   705 1
    0   705   521 1
    0   706   707 1
    0   707   706 1
    0   708   740 1
    0   709   741 1
    0   710   742 1
    0   711    47 1
    0   712   680 1
    0   713   722 1
    0   714   682 1
    0   715   683 1
    0   716   684 1
    0   717   716 1
    0   718   717 1
    0   719   751 1
    0   720   207 1
    0   721   689 1
    0   722   475 1
    0   723   722 1
    0   724   692 1
    0   725   693 1
    0   726   727 1
    0   727   728 1
    0   728   727 1
    0   729   761 1
    0   730   762 1
    0   731   732 1
    0   732   731 1
    0   733   734 1
    0   734   735 1
    0   735   703 1
    0   736   768 1
    0   737   705 1
    0   738   706 1
    0   739   738 1
    0   740   739 1
    0   741   742 1
    0   742   710 1
    0   743   744 1
    0   744   745 1
    0   745   777 1
    0   746   778 1
    0   747   746 1
    0   748   749 1
    0   749   750 1
    0   750   749 1
    0   751   719 1
    0   752   751 1
    0   753   785 1
    0   754   786 1
    0   755   315 1
    0   756   757 1
    0   757   756 1
    0   758   726 1
    0   759   727 1
    0   760   106 1
    0   761   729 1
    0   762   761 1
    0   763   764 1
    0   764   763 1
    0   765   733 1
    0   766   734 1
    0   767   799 1
    0   768   800 1
    0   769   383 1
    0   770   771 1
    0   771   803 1
    0   772   773 1
    0   773   805 1
    0   774   806 1
    0   775   807 1
    0   776   777 1
    0   777   778 1
    0   778   777 1
    0   779   778 1
    0   780   779 1
    0   781   749 1
    0   782   781 1
    0   783   751 1
    0   784   816 1
    0   785   817 1
    0   786   754 1
    0   787   755 1
    0   788   820 1
    0   789   821 1
    0   790   791 1
    0   791   792 1
    0   792   780 1
    0   793   761 1
    0   794   826 1
    0   795   794 1
    0   796   764 1
    0   797   798 1
    0   798   830 1
    0   799   831 1
    0   800   832 1
    0   801   802 1
    0   802   801 1
    0   803   804 1
    0   804   836 1
    0   805    92 1
    0   806   774 1
    0   807   839 1
    0   808   840 1
    0   809   808 1
    0   810   842 1
    0   811   843 1
    0   812   813 1
    0   813   845 1
    0   814   782 1
    0   815   816 1
    0   816   817 1
    0   817   818 1
    0   818   786 1
    0   819   851 1
    0   820   788 1
    0   821   820 1
    0   822   854 1
    0   823   824 1
    0   824   792 1
    0   825   857 1
    0   826   858 1
    0   827   795 1
    0   828   827 1
    0   829   861 1
    0   830   862 1
    0   831   830 1
    0   832   833 1
    0   833   865 1
    0   834   835 1
    0   835   867 1
    0   836   804 1
    0   837   869 1
    0   838   839 1
    0   839   840 1
    0   840   839 1
    0   841   809 1
    0   842   841 1
    0   843   844 1
    0   844   876 1
    0   845   813 1
    0   846   814 1
    0   847   848 1
    0   848   816 1
    0   849   850 1
    0   850   889 1
    0   851   819 1
    0   852   820 1
    0   853   852 1
    0   854   886 1
    0   855   823 1
    0   856   824 1
    0   857   889 1
    0   858  1006 1
    0   859   891 1
    0   860   859 1
    0   861   862 1
    0   862   830 1
    0   863   895 1
    0   864   896 1
    0   865   864 1
    0   866   865 1
    0   867   868 1
    0   868   869 1
    0   869   901 1
    0   870   871 1
    0   871   839 1
    0   872   904 1
    0   873   905 1
    0   874   725 1
    0   875   876 1
    0   876   844 1
    0   877   876 1
    0   878   879 1
    0   879   878 1
    0   880   912 1
    0   881   882 1
    0   882   881 1
    0   883   915 1
    0   884   883 1
    0   885   886 1
    0   886   918 1
    0   887   120 1
    0   888   889 1
    0   889   890 1
    0   890   922 1
    0   891   890 1
    0   892   924 1
    0   893   925 1
    0   894   926 1
    0   895   863 1
    0   896   864 1
    0   897   865 1
    0   898   897 1
    0   899   931 1
    0   900   899 1
    0   901   933 1
    0   902   870 1
    0   903   902 1
    0   904   872 1
    0   905   904 1
    0   906   938 1
    0   907   908 1
    0   908   940 1
    0   909   877 1
    0   910   909 1
    0   911   879 1
    0   912   944 1
    0   913   914 1
    0   914   913 1
    0   915   947 1
    0   916   727 1
    0   917   918 1
    0   918   886 1
    0   919   109 1
    0   920   952 1
    0   921   953 1
    0   922   954 1
    0   923   891 1
    0   924   923 1
    0   925   926 1
    0   926   958 1
    0   927   895 1
    0   928   960 1
    0   929   897 1
    0   930   898 1
    0   931   899 1
    0   932   931 1
    0   933   965 1
    0   934   933 1
    0   935   903 1
    0   936   937 1
    0   937   938 1
    0   938   937 1
    0   939   971 1
    0   940   939 1
    0   941   909 1
    0   942   910 1
    0   943   911 1
    0   944   945 1
    0   945   946 1
    0   946   914 1
    0   947   948 1
    0   948   853 1
    0   949   948 1
    0   950   949 1
    0   951   950 1
    0   952   920 1
    0   953   921 1
    0   954   986 1
    0   955   987 1
    0   956   957 1
    0   957   554 1
    0   958   990 1
    0   959   958 1
    0   960   933 1
    0   961   929 1
    0   962   930 1
    0   963   962 1
    0   964   965 1
    0   965   964 1
    0   966   965 1
    0   967   999 1
    0   968   936 1
    0   969   970 1
    0   970   971 1
    0   971   970 1
    0   972   940 1
    0   973   523 1
    0   974   975 1
    0   975   974 1
    0   976   977 1
    0   977   945 1
    0   978   977 1
    0   979   978 1
    0   980   948 1
    0   981  1013 1
    0   982   983 1
    0   983   984 1
    0   984   983 1
    0   985   986 1
    0   986  1018 1
    0   987   955 1
    0   988   956 1
    0   989   990 1
    0   990    49 1
    0   991   990 1
    0   992   960 1
    0   993   992 1
    0   994   995 1
    0   995   994 1
    0   996   997 1
    0   997   996 1
    0   998   997 1
    0   999  1000 1
    0  1000   999 1
    0  1001  1000 1
    0  1002  1003 1
    0  1003   971 1
    0  1004   972 1
    0  1005   441 1
    0  1006  1007 1
    0  1007  1008 1
    0  1008  1007 1
    0  1009  1008 1
    0  1010  1009 1
    0  1011  1010 1
    0  1012  1013 1
    0  1013  1014 1
    0  1014   982 1
    0  1015   506 1
    0  1016  1017 1
    0  1017  1016 1
    0  1018   986 1
    0  1019   987 1
    0  1020  1019 1
    0  1021  1022 1
    0  1022   990 1
    0  1023  1022 1
