    0     0     1 1
    0     1     0 1
    0     2     1 1
    0     3    19 1
    0     4   133 1
    0     5     6 1
    0     6     7 1
    0     7    23 1
    0     8     7 1
    0     9    25 1
    0    10     9 1
    0    11    10 1
    0    12    11 1
    0    13    12 1
    0    14    13 1
    0    15    31 1
    0    16   163 1
    0    17    16 1
    0    18     2 1
    0    19     3 1
    0    20    21 1
    0    21    20 1
    0    22    38 1
    0    23     7 1
    0    24    95 1
    0    25    41 1
    0    26    25 1
    0    27    11 1
    0    28    13 1
    0    29    28 1
    0    30    29 1
    0    31    47 1
    0    32    33 1
    0    33    34 1
    0    34    33 1
    0    35    19 1
    0    36    52 1
    0    37    38 1
    0    38    22 1
    0    39    23 1
    0    40    39 1
    0    41    25 1
    0    42    58 1
    0    43    42 1
    0    44    28 1
    0    45    29 1
    0    46    62 1
    0    47    63 1
    0    48    49 1
    0    49    48 1
    0    50    34 1
    0    51    52 1
    0    52    68 1
    0    53    37 1
    0    54    70 1
    0    55    71 1
    0    56    72 1
    0    57    56 1
    0    58    53 1
    0    59    43 1
    0    60    44 1
    0    61    60 1
    0    62    63 1
    0    63    79 1
    0    64    80 1
    0    65    81 1
    0    66    67 1
    0    67    66 1
    0    68    84 1
    0    69    53 1
    0    70    69 1
    0    71    72 1
    0    72   131 1
    0    73    74 1
    0    74    73 1
    0    75    74 1
    0    76    60 1
    0    77    76 1
    0    78    77 1
    0    79    63 1
    0    80    81 1
    0    81    82 1
    0    82   130 1
    0    83    82 1
    0    84    85 1
    0    85    36 1
    0    86    85 1
    0    87    71 1
    0    88    87 1
    0    89    73 1
    0    90   106 1
    0    91    92 1
    0    92   108 1
    0    93    92 1
    0    94    95 1
    0    95    94 1
    0    96   112 1
    0    97    98 1
    0    98   114 1
    0    99   100 1
    0   100   114 1
    0   101   100 1
    0   102   202 1
    0   103   225 1
    0   104    88 1
    0   105    89 1
    0   106   105 1
    0   107    91 1
    0   108   109 1
    0   109   108 1
    0   110   237 1
    0   111   110 1
    0   112   128 1
    0   113   114 1
    0   114   113 1
    0   115   116 1
    0   116   132 1
    0   117   116 1
    0   118   117 1
    0   119   103 1
    0   120   136 1
    0   121   120 1
    0   122   123 1
    0   123   139 1
    0   124   125 1
    0   125   124 1
    0   126   125 1
    0   127   143 1
    0   128   129 1
    0   129   128 1
    0   130   129 1
    0   131   115 1
    0   132   148 1
    0   133   117 1
    0   134   133 1
    0   135   119 1
    0   136   135 1
    0   137   229 1
    0   138   137 1
    0   139   138 1
    0   140   139 1
    0   141    80 1
    0   142   156 1
    0   143   127 1
    0   144   160 1
    0   145   144 1
    0   146   147 1
    0   147   148 1
    0   148   132 1
    0   149   165 1
    0   150   149 1
    0   151   152 1
    0   152   153 1
    0   153   154 1
    0   154   170 1
    0   155   171 1
    0   156   172 1
    0   157   141 1
    0   158   174 1
    0   159   158 1
    0   160   161 1
    0   161    50 1
    0   162   146 1
    0   163   147 1
    0   164   165 1
    0   165   181 1
    0   166   167 1
    0   167   151 1
    0   168   167 1
    0   169   168 1
    0   170   186 1
    0   171   187 1
    0   172   241 1
    0   173   174 1
    0   174   175 1
    0   175   159 1
    0   176   192 1
    0   177   255 1
    0   178   179 1
    0   179   163 1
    0   180   164 1
    0   181   182 1
    0   182   183 1
    0   183   182 1
    0   184   200 1
    0   185   186 1
    0   186   170 1
    0   187   171 1
    0   188   187 1
    0   189   250 1
    0   190   189 1
    0   191   207 1
    0   192   193 1
    0   193   209 1
    0   194    29 1
    0   195   196 1
    0   196   197 1
    0   197   198 1
    0   198   197 1
    0   199   198 1
    0   200   184 1
    0   201   217 1
    0   202   201 1
    0   203   187 1
    0   204   205 1
    0   205   206 1
    0   206   207 1
    0   207   223 1
    0   208   192 1
    0   209   210 1
    0   210   209 1
    0   211   212 1
    0   212   211 1
    0   213   212 1
    0   214   230 1
    0   215   216 1
    0   216   183 1
    0   217   201 1
    0   218   234 1
    0   219   180 1
    0   220   236 1
    0   221   220 1
    0   222   206 1
    0   223   239 1
    0   224   225 1
    0   225   209 1
    0   226   242 1
    0   227   228 1
    0   228   229 1
    0   229   213 1
    0   230   229 1
    0   231   247 1
    0   232   216 1
    0   233   232 1
    0   234   250 1
    0   235   219 1
    0   236   237 1
    0   237   221 1
    0   238   237 1
    0   239   238 1
    0   240   241 1
    0   241   225 1
    0   242   243 1
    0   243   244 1
    0   244   245 1
    0   245   246 1
    0   246   245 1
    0   247   248 1
    0   248   147 1
    0   249   248 1
    0   250   251 1
    0   251   235 1
    0   252   128 1
    0   253   254 1
    0   254   255 1
    0   255   239 1
