    0     0     1 1
    0     1     2 1
    0     2     3 1
    0     3     4 1
    0     4    68 1
    0     5    69 1
    0     6     7 1
    0     7     6 1
    0     8     9 1
    0     9     8 1
    0    10    11 1
    0    11    12 1
    0    12    11 1
    0    13    12 1
    0    14  1985 1
    0    15    14 1
    0    16    15 1
    0    17  2003 1
    0    18    82 1
    0    19    20 1
    0    20    84 1
    0    21    22 1
    0    22    86 1
    0    23    22 1
    0    24    88 1
    0    25    89 1
    0    26    27 1
    0    27    26 1
    0    28    29 1
    0    29    93 1
    0    30    29 1
    0    31    30 1
    0    32    96 1
    0    33    32 1
    0    34    98 1
    0    35    99 1
    0    36    37 1
    0    37   101 1
    0    38    39 1
    0    39    40 1
    0    40   104 1
    0    41    40 1
    0    42  2202 1
    0    43    42 1
    0    44    43 1
    0    45    46 1
    0    46   110 1
    0    47    48 1
    0    48    49 1
    0    49    48 1
    0    50    51 1
    0    51    50 1
    0    52    53 1
    0    53    52 1
    0    54   118 1
    0    55    56 1
    0    56    57 1
    0    57    58 1
    0    58    59 1
    0    59    60 1
    0    60    61 1
    0    61  2949 1
    0    62    61 1
    0    63    62 1
    0    64   128 1
    0    65     1 1
    0    66     2 1
    0    67    68 1
    0    68     4 1
    0    69    68 1
    0    70    69 1
    0    71    70 1
    0    72     8 1
    0    73    74 1
    0    74    75 1
    0    75   139 1
    0    76    77 1
    0    77    76 1
    0    78    14 1
    0    79    80 1
    0    80   144 1
    0    81    82 1
    0    82    18 1
    0    83    84 1
    0    84   148 1
    0    85   149 1
    0    86    85 1
    0    87    23 1
    0    88    24 1
    0    89   153 1
    0    90    91 1
    0    91    92 1
    0    92   156 1
    0    93    92 1
    0    94   158 1
    0    95   159 1
    0    96   160 1
    0    97    33 1
    0    98   162 1
    0    99   100 1
    0   100    99 1
    0   101   100 1
    0   102   166 1
    0   103   167 1
    0   104    40 1
    0   105   169 1
    0   106   105 1
    0   107  3160 1
    0   108   172 1
    0   109   110 1
    0   110    46 1
    0   111   175 1
    0   112   113 1
    0   113   177 1
    0   114  3753 1
    0   115   116 1
    0   116   117 1
    0   117   118 1
    0   118  1860 1
    0   119   118 1
    0   120   121 1
    0   121   120 1
    0   122   186 1
    0   123   124 1
    0   124   125 1
    0   125    61 1
    0   126   190 1
    0   127    63 1
    0   128   192 1
    0   129  3415 1
    0   130   129 1
    0   131   130 1
    0   132   196 1
    0   133   132 1
    0   134   133 1
    0   135   136 1
    0   136   137 1
    0   137   138 1
    0   138  3439 1
    0   139   140 1
    0   140   139 1
    0   141   205 1
    0   142   206 1
    0   143   144 1
    0   144   145 1
    0   145   146 1
    0   146   145 1
    0   147   146 1
    0   148   212 1
    0   149    85 1
    0   150    86 1
    0   151   150 1
    0   152    88 1
    0   153    89 1
    0   154    90 1
    0   155  1381 1
    0   156    92 1
    0   157   221 1
    0   158    94 1
    0   159    95 1
    0   160   159 1
    0   161   225 1
    0   162   161 1
    0   163    99 1
    0   164   165 1
    0   165  2604 1
    0   166   230 1
    0   167   168 1
    0   168   169 1
    0   169   233 1
    0   170   169 1
    0   171   235 1
    0   172   108 1
    0   173   109 1
    0   174   706 1
    0   175   239 1
    0   176  3988 1
    0   177   113 1
    0   178   114 1
    0   179   115 1
    0   180   181 1
    0   181   245 1
    0   182   183 1
    0   183   184 1
    0   184   185 1
    0   185   121 1
    0   186   187 1
    0   187    48 1
    0   188   187 1
    0   189   125 1
    0   190   191 1
    0   191   571 1
    0   192  1759 1
    0   193   257 1
    0   194   193 1
    0   195   194 1
    0   196   260 1
    0   197   196 1
    0   198   134 1
    0   199   200 1
    0   200   199 1
    0   201   137 1
    0   202   138 1
    0   203   202 1
    0   204   205 1
    0   205   206 1
    0   206   142 1
    0   207   206 1
    0   208   144 1
    0   209   208 1
    0   210   209 1
    0   211   275 1
    0   212   276 1
    0   213   212 1
    0   214   213 1
    0   215   214 1
    0   216   152 1
    0   217   218 1
    0   218   154 1
    0   219   218 1
    0   220   284 1
    0   221   285 1
    0   222   286 1
    0   223   224 1
    0   224   288 1
    0   225   161 1
    0   226   227 1
    0   227   226 1
    0   228   229 1
    0   229   165 1
    0   230   166 1
    0   231   230 1
    0   232   231 1
    0   233  1956 1
    0   234   233 1
    0   235   236 1
    0   236   172 1
    0   237   236 1
    0   238   174 1
    0   239   240 1
    0   240   304 1
    0   241   242 1
    0   242   306 1
    0   243   242 1
    0   244   243 1
    0   245  1079 1
    0   246   182 1
    0   247   311 1
    0   248   249 1
    0   249   185 1
    0   250  1153 1
    0   251   187 1
    0   252   188 1
    0   253   252 1
    0   254   190 1
    0   255   254 1
    0   256   192 1
    0   257   193 1
    0   258   194 1
    0   259   195 1
    0   260  3457 1
    0   261   197 1
    0   262   198 1
    0   263   262 1
    0   264   265 1
    0   265   329 1
    0   266   202 1
    0   267   266 1
    0   268   269 1
    0   269   205 1
    0   270   269 1
    0   271   207 1
    0   272   336 1
    0   273   272 1
    0   274   210 1
    0   275   276 1
    0   276   275 1
    0   277  3655 1
    0   278   214 1
    0   279   280 1
    0   280   216 1
    0   281   345 1
    0   282   281 1
    0   283   347 1
    0   284  3650 1
    0   285   349 1
    0   286   222 1
    0   287   286 1
    0   288   287 1
    0   289   353 1
    0   290   291 1
    0   291   290 1
    0   292   228 1
    0   293   229 1
    0   294   295 1
    0   295   359 1
    0   296   232 1
    0   297   296 1
    0   298   234 1
    0   299   300 1
    0   300   236 1
    0   301   365 1
    0   302   301 1
    0   303   304 1
    0   304   368 1
    0   305   692 1
    0   306   242 1
    0   307  2313 1
    0   308   244 1
    0   309   245 1
    0   310   311 1
    0   311   312 1
    0   312   313 1
    0   313   314 1
    0   314   313 1
    0   315   379 1
    0   316   252 1
    0   317   318 1
    0   318   317 1
    0   319  3507 1
    0   320   179 1
    0   321   257 1
    0   322   258 1
    0   323   259 1
    0   324   323 1
    0   325   324 1
    0   326   390 1
    0   327   263 1
    0   328   327 1
    0   329   393 1
    0   330   329 1
    0   331  1612 1
    0   332  2100 1
    0   333   332 1
    0   334   335 1
    0   335   336 1
    0   336   337 1
    0   337   338 1
    0   338  2690 1
    0   339   338 1
    0   340   404 1
    0   341   340 1
    0   342   278 1
    0   343   407 1
    0   344   408 1
    0   345   409 1
    0   346   282 1
    0   347   348 1
    0   348   349 1
    0   349   285 1
    0   350   286 1
    0   351   415 1
    0   352   353 1
    0   353   289 1
    0   354  2848 1
    0   355   291 1
    0   356  3559 1
    0   357   293 1
    0   358   359 1
    0   359   295 1
    0   360   424 1
    0   361   297 1
    0   362  3171 1
    0   363   299 1
    0   364   300 1
    0   365   429 1
    0   366   430 1
    0   367   431 1
    0   368   432 1
    0   369   433 1
    0   370   306 1
    0   371   372 1
    0   372   308 1
    0   373   309 1
    0   374   310 1
    0   375   376 1
    0   376   375 1
    0   377   313 1
    0   378   377 1
    0   379   380 1
    0   380   379 1
    0   381   382 1
    0   382   446 1
    0   383   319 1
    0   384   320 1
    0   385   386 1
    0   386   450 1
    0   387   451 1
    0   388   389 1
    0   389   388 1
    0   390   326 1
    0   391   455 1
    0   392   393 1
    0   393   833 1
    0   394   458 1
    0   395   331 1
    0   396   395 1
    0   397   398 1
    0   398   397 1
    0   399   463 1
    0   400   336 1
    0   401   337 1
    0   402   401 1
    0   403   467 1
    0   404   468 1
    0   405   406 1
    0   406   407 1
    0   407   471 1
    0   408   344 1
    0   409   345 1
    0   410   411 1
    0   411   347 1
    0   412   348 1
    0   413   412 1
    0   414   478 1
    0   415   416 1
    0   416   417 1
    0   417   481 1
    0   418   482 1
    0   419   420 1
    0   420   421 1
    0   421   485 1
    0   422   358 1
    0   423   359 1
    0   424   425 1
    0   425   489 1
    0   426   490 1
    0   427   428 1
    0   428   492 1
    0   429   493 1
    0   430   429 1
    0   431   432 1
    0   432   496 1
    0   433   432 1
    0   434   370 1
    0   435   434 1
    0   436   437 1
    0   437  3678 1
    0   438   437 1
    0   439   503 1
    0   440   504 1
    0   441   377 1
    0   442   443 1
    0   443   444 1
    0   444   445 1
    0   445   381 1
    0   446   382 1
    0   447   383 1
    0   448   449 1
    0   449   448 1
    0   450   449 1
    0   451  1026 1
    0   452   516 1
    0   453   454 1
    0   454   455 1
    0   455   456 1
    0   456   520 1
    0   457   458 1
    0   458  3217 1
    0   459   458 1
    0   460   396 1
    0   461  1698 1
    0   462   461 1
    0   463   464 1
    0   464   465 1
    0   465   401 1
    0   466   467 1
    0   467   531 1
    0   468   532 1
    0   469   405 1
    0   470   471 1
    0   471   535 1
    0   472   471 1
    0   473   409 1
    0   474   473 1
    0   475   539 1
    0   476   540 1
    0   477   541 1
    0   478   479 1
    0   479   543 1
    0   480   416 1
    0   481   480 1
    0   482   546 1
    0   483   482 1
    0   484   420 1
    0   485   421 1
    0   486   422 1
    0   487   423 1
    0   488   552 1
    0   489   488 1
    0   490   426 1
    0   491   555 1
    0   492   491 1
    0   493  3406 1
    0   494   923 1
    0   495   559 1
    0   496   497 1
    0   497   496 1
    0   498   499 1
    0   499   498 1
    0   500   436 1
    0   501   502 1
    0   502   503 1
    0   503   439 1
    0   504   440 1
    0   505   236 1
    0   506  2616 1
    0   507   443 1
    0   508   572 1
    0   509   508 1
    0   510   509 1
    0   511   447 1
    0   512   448 1
    0   513   512 1
    0   514   450 1
    0   515   451 1
    0   516   580 1
    0   517   518 1
    0   518   519 1
    0   519   583 1
    0   520  2794 1
    0   521   520 1
    0   522   521 1
    0   523   524 1
    0   524   588 1
    0   525   461 1
    0   526   525 1
    0   527   463 1
    0   528   592 1
    0   529   593 1
    0   530   466 1
    0   531  2132 1
    0   532   596 1
    0   533   469 1
    0   534   535 1
    0   535  2095 1
    0   536   571 1
    0   537   536 1
    0   538   539 1
    0   539   538 1
    0   540   476 1
    0   541   477 1
    0   542   543 1
    0   543   718 1
    0   544   545 1
    0   545   546 1
    0   546   545 1
    0   547   611 1
    0   548   484 1
    0   549   485 1
    0   550   549 1
    0   551   615 1
    0   552   488 1
    0   553   554 1
    0   554   553 1
    0   555   556 1
    0   556   555 1
    0   557   556 1
    0   558   557 1
    0   559   558 1
    0   560   496 1
    0   561   497 1
    0   562   561 1
    0   563   562 1
    0   564   563 1
    0   565   501 1
    0   566   567 1
    0   567  3596 1
    0   568   567 1
    0   569   633 1
    0   570   569 1
    0   571   572 1
    0   572   636 1
    0   573   572 1
    0   574   638 1
    0   575   639 1
    0   576   512 1
    0   577   513 1
    0   578   579 1
    0   579   643 1
    0   580   516 1
    0   581   517 1
    0   582   646 1
    0   583   582 1
    0   584   585 1
    0   585   649 1
    0   586   585 1
    0   587   586 1
    0   588   587 1
    0   589  1380 1
    0   590   591 1
    0   591   655 1
    0   592   528 1
    0   593   594 1
    0   594   595 1
    0   595   594 1
    0   596   595 1
    0   597   661 1
    0   598   534 1
    0   599   600 1
    0   600   664 1
    0   601   602 1
    0   602   666 1
    0   603   667 1
    0   604   605 1
    0   605   541 1
    0   606   605 1
    0   607   606 1
    0   608   607 1
    0   609   608 1
    0   610   609 1
    0   611   612 1
    0   612  1281 1
    0   613   614 1
    0   614   550 1
    0   615   551 1
    0   616   615 1
    0   617   553 1
    0   618   554 1
    0   619   620 1
    0   620   621 1
    0   621   620 1
    0   622   621 1
    0   623   559 1
    0   624   625 1
    0   625   626 1
    0   626   690 1
    0   627   691 1
    0   628   627 1
    0   629   630 1
    0   630   631 1
    0   631   632 1
    0   632   568 1
    0   633   697 1
    0   634   570 1
    0   635   636 1
    0   636   970 1
    0   637   638 1
    0   638   639 1
    0   639   575 1
    0   640   704 1
    0   641   640 1
    0   642   706 1
    0   643   579 1
    0   644  3455 1
    0   645   581 1
    0   646   645 1
    0   647   646 1
    0   648   649 1
    0   649   648 1
    0   650   266 1
    0   651  3353 1
    0   652   651 1
    0   653   652 1
    0   654   590 1
    0   655   654 1
    0   656   655 1
    0   657   656 1
    0   658   657 1
    0   659   660 1
    0   660   596 1
    0   661   660 1
    0   662   726 1
    0   663   599 1
    0   664   663 1
    0   665   664 1
    0   666   602 1
    0   667   666 1
    0   668   732 1
    0   669   605 1
    0   670   734 1
    0   671   672 1
    0   672   736 1
    0   673   737 1
    0   674   673 1
    0   675  1885 1
    0   676   612 1
    0   677   678 1
    0   678   614 1
    0   679   678 1
    0   680   679 1
    0   681   745 1
    0   682   681 1
    0   683   619 1
    0   684   683 1
    0   685   686 1
    0   686   622 1
    0   687   623 1
    0   688   752 1
    0   689   233 1
    0   690   754 1
    0   691   692 1
    0   692   628 1
    0   693   694 1
    0   694  3262 1
    0   695   631 1
    0   696   697 1
    0   697   761 1
    0   698   697 1
    0   699   763 1
    0   700   764 1
    0   701   702 1
    0   702   703 1
    0   703   767 1
    0   704   768 1
    0   705   706 1
    0   706   707 1
    0   707   708 1
    0   708   709 1
    0   709   710 1
    0   710   711 1
    0   711   710 1
    0   712   776 1
    0   713  2561 1
    0   714   778 1
    0   715   716 1
    0   716   717 1
    0   717   718 1
    0   718   782 1
    0   719   783 1
    0   720   784 1
    0   721   657 1
    0   722   786 1
    0   723   724 1
    0   724   660 1
    0   725   726 1
    0   726   662 1
    0   727   791 1
    0   728   729 1
    0   729   730 1
    0   730   731 1
    0   731   795 1
    0   732   668 1
    0   733   732 1
    0   734  1640 1
    0   735  4019 1
    0   736   737 1
    0   737   673 1
    0   738   737 1
    0   739   740 1
    0   740   804 1
    0   741   805 1
    0   742   806 1
    0   743   744 1
    0   744   745 1
    0   745   809 1
    0   746   682 1
    0   747  2108 1
    0   748   812 1
    0   749   685 1
    0   750   749 1
    0   751   815 1
    0   752   688 1
    0   753   689 1
    0   754   753 1
    0   755   691 1
    0   756   755 1
    0   757   693 1
    0   758   757 1
    0   759   760 1
    0   760   824 1
    0   761   760 1
    0   762   763 1
    0   763   762 1
    0   764   828 1
    0   765   764 1
    0   766   765 1
    0   767   831 1
    0   768   832 1
    0   769   768 1
    0   770   771 1
    0   771   707 1
    0   772   771 1
    0   773   709 1
    0   774   710 1
    0   775   774 1
    0   776   712 1
    0   777   713 1
    0   778  1059 1
    0   779   778 1
    0   780   779 1
    0   781   717 1
    0   782   781 1
    0   783   784 1
    0   784   720 1
    0   785   849 1
    0   786   787 1
    0   787   723 1
    0   788   724 1
    0   789  2297 1
    0   790   854 1
    0   791   790 1
    0   792   793 1
    0   793   729 1
    0   794   795 1
    0   795   731 1
    0   796   795 1
    0   797   798 1
    0   798   862 1
    0   799   735 1
    0   800   736 1
    0   801   800 1
    0   802   738 1
    0   803   804 1
    0   804   803 1
    0   805   804 1
    0   806   805 1
    0   807   806 1
    0   808   744 1
    0   809   808 1
    0   810  2346 1
    0   811  3987 1
    0   812   876 1
    0   813   877 1
    0   814   878 1
    0   815   814 1
    0   816   201 1
    0   817   818 1
    0   818  3507 1
    0   819   818 1
    0   820   884 1
    0   821   885 1
    0   822   758 1
    0   823   887 1
    0   824   760 1
    0   825   889 1
    0   826   762 1
    0   827   828 1
    0   828   829 1
    0   829   830 1
    0   830   214 1
    0   831   767 1
    0   832   833 1
    0   833   832 1
    0   834  2684 1
    0   835   899 1
    0   836  3548 1
    0   837   773 1
    0   838   837 1
    0   839   775 1
    0   840   839 1
    0   841   840 1
    0   842   843 1
    0   843   779 1
    0   844   908 1
    0   845   909 1
    0   846   782 1
    0   847   911 1
    0   848   784 1
    0   849   913 1
    0   850  1097 1
    0   851   915 1
    0   852   916 1
    0   853  3081 1
    0   854   490 1
    0   855   791 1
    0   856   792 1
    0   857   856 1
    0   858   859 1
    0   859   795 1
    0   860   859 1
    0   861  1630 1
    0   862   798 1
    0   863   799 1
    0   864   928 1
    0   865   801 1
    0   866   930 1
    0   867   868 1
    0   868   804 1
    0   869   868 1
    0   870   806 1
    0   871   935 1
    0   872   871 1
    0   873   937 1
    0   874   875 1
    0   875   876 1
    0   876   877 1
    0   877   878 1
    0   878   942 1
    0   879  2187 1
    0   880   944 1
    0   881   817 1
    0   882   818 1
    0   883   819 1
    0   884   883 1
    0   885   886 1
    0   886  2340 1
    0   887   888 1
    0   888   887 1
    0   889   825 1
    0   890   891 1
    0   891   827 1
    0   892  3733 1
    0   893   957 1
    0   894   895 1
    0   895   831 1
    0   896   960 1
    0   897  3505 1
    0   898  3403 1
    0   899  1057 1
    0   900   964 1
    0   901   965 1
    0   902   966 1
    0   903   967 1
    0   904  3268 1
    0   905   841 1
    0   906   907 1
    0   907  1364 1
    0   908   844 1
    0   909   908 1
    0   910   974 1
    0   911   975 1
    0   912   911 1
    0   913   912 1
    0   914   913 1
    0   915   914 1
    0   916   980 1
    0   917   916 1
    0   918   917 1
    0   919   855 1
    0   920   919 1
    0   921   985 1
    0   922   921 1
    0   923   859 1
    0   924  3998 1
    0   925   861 1
    0   926   925 1
    0   927   991 1
    0   928   927 1
    0   929   865 1
    0   930   994 1
    0   931   995 1
    0   932   996 1
    0   933   934 1
    0   934   998 1
    0   935   871 1
    0   936   937 1
    0   937   873 1
    0   938   874 1
    0   939  1003 1
    0   940   941 1
    0   941   877 1
    0   942  2607 1
    0   943   879 1
    0   944   945 1
    0   945   944 1
    0   946   945 1
    0   947  1011 1
    0   948  1012 1
    0   949   948 1
    0   950  1014 1
    0   951   950 1
    0   952   888 1
    0   953   952 1
    0   954   890 1
    0   955   956 1
    0   956  1359 1
    0   957   956 1
    0   958  1022 1
    0   959   895 1
    0   960   896 1
    0   961   897 1
    0   962   898 1
    0   963   962 1
    0   964  1587 1
    0   965   733 1
    0   966   902 1
    0   967   968 1
    0   968   904 1
    0   969   905 1
    0   970   906 1
    0   971   970 1
    0   972  1036 1
    0   973  3264 1
    0   974   975 1
    0   975   976 1
    0   976   977 1
    0   977   913 1
    0   978  2405 1
    0   979  1747 1
    0   980   979 1
    0   981   917 1
    0   982   981 1
    0   983  1047 1
    0   984   983 1
    0   985   984 1
    0   986   985 1
    0   987  1051 1
    0   988   989 1
    0   989  1053 1
    0   990   991 1
    0   991   927 1
    0   992   991 1
    0   993   994 1
    0   994   930 1
    0   995   994 1
    0   996  3444 1
    0   997  2959 1
    0   998   934 1
    0   999  1063 1
    0  1000   936 1
    0  1001  1002 1
    0  1002  1003 1
    0  1003  1002 1
    0  1004  1005 1
    0  1005  2679 1
    0  1006  1005 1
    0  1007   943 1
    0  1008   944 1
    0  1009  3499 1
    0  1010  1011 1
    0  1011  1010 1
    0  1012  1011 1
    0  1013  1014 1
    0  1014  1078 1
    0  1015  1079 1
    0  1016  1015 1
    0  1017  1081 1
    0  1018  1019 1
    0  1019  1083 1
    0  1020  1021 1
    0  1021  1085 1
    0  1022  1086 1
    0  1023   959 1
    0  1024   960 1
    0  1025   961 1
    0  1026  1027 1
    0  1027  3251 1
    0  1028  1027 1
    0  1029  1030 1
    0  1030  1029 1
    0  1031  1095 1
    0  1032  1096 1
    0  1033  1034 1
    0  1034  1098 1
    0  1035  1034 1
    0  1036  1035 1
    0  1037   973 1
    0  1038  1039 1
    0  1039  1103 1
    0  1040  1039 1
    0  1041  1042 1
    0  1042  3572 1
    0  1043  2771 1
    0  1044  1108 1
    0  1045  1109 1
    0  1046  2552 1
    0  1047  1048 1
    0  1048  1049 1
    0  1049  1048 1
    0  1050  1049 1
    0  1051  1052 1
    0  1052  1053 1
    0  1053   989 1
    0  1054   990 1
    0  1055  1119 1
    0  1056  1120 1
    0  1057   993 1
    0  1058   994 1
    0  1059  1123 1
    0  1060   996 1
    0  1061  1062 1
    0  1062  1061 1
    0  1063   999 1
    0  1064  1000 1
    0  1065  1001 1
    0  1066  1002 1
    0  1067  1068 1
    0  1068  1132 1
    0  1069  1068 1
    0  1070  1956 1
    0  1071  1135 1
    0  1072  4095 1
    0  1073  1074 1
    0  1074  1073 1
    0  1075  1074 1
    0  1076  1140 1
    0  1077   704 1
    0  1078  1079 1
    0  1079  1080 1
    0  1080  1081 1
    0  1081  1017 1
    0  1082  1083 1
    0  1083  1019 1
    0  1084  2015 1
    0  1085  1086 1
    0  1086  1087 1
    0  1087  3662 1
    0  1088  1152 1
    0  1089  1088 1
    0  1090  1154 1
    0  1091  1090 1
    0  1092  1091 1
    0  1093  1094 1
    0  1094  1093 1
    0  1095  1159 1
    0  1096  1032 1
    0  1097  1161 1
    0  1098  1099 1
    0  1099  1163 1
    0  1100  1036 1
    0  1101  1100 1
    0  1102  1166 1
    0  1103  1102 1
    0  1104  1103 1
    0  1105  1104 1
    0  1106  1170 1
    0  1107  1171 1
    0  1108  1109 1
    0  1109  1173 1
    0  1110  1174 1
    0  1111  1110 1
    0  1112  1113 1
    0  1113  1114 1
    0  1114  1178 1
    0  1115  1489 1
    0  1116  1117 1
    0  1117  2376 1
    0  1118  1119 1
    0  1119  1120 1
    0  1120  1119 1
    0  1121  1185 1
    0  1122  3493 1
    0  1123  1124 1
    0  1124  1060 1
    0  1125  1061 1
    0  1126  1190 1
    0  1127   800 1
    0  1128  1127 1
    0  1129  1130 1
    0  1130  1194 1
    0  1131  1604 1
    0  1132  1133 1
    0  1133  1134 1
    0  1134  1070 1
    0  1135  1136 1
    0  1136  1200 1
    0  1137  1073 1
    0  1138  1139 1
    0  1139  1075 1
    0  1140  1141 1
    0  1141  1205 1
    0  1142  1078 1
    0  1143  1079 1
    0  1144  2536 1
    0  1145  1144 1
    0  1146  1145 1
    0  1147  1148 1
    0  1148   946 1
    0  1149  2388 1
    0  1150  2398 1
    0  1151  1215 1
    0  1152  1153 1
    0  1153   145 1
    0  1154  1218 1
    0  1155  1091 1
    0  1156  1155 1
    0  1157  1221 1
    0  1158  1159 1
    0  1159  1095 1
    0  1160  1161 1
    0  1161  1162 1
    0  1162  1098 1
    0  1163  1099 1
    0  1164  1228 1
    0  1165  1101 1
    0  1166  1102 1
    0  1167  1168 1
    0  1168  1104 1
    0  1169  1168 1
    0  1170  1106 1
    0  1171  1235 1
    0  1172  1236 1
    0  1173  1172 1
    0  1174  1173 1
    0  1175  1176 1
    0  1176  1184 1
    0  1177  1178 1
    0  1178  1177 1
    0  1179  1243 1
    0  1180  1116 1
    0  1181  1182 1
    0  1182  1183 1
    0  1183  1247 1
    0  1184  1183 1
    0  1185  3477 1
    0  1186  1185 1
    0  1187  1251 1
    0  1188  1124 1
    0  1189  1125 1
    0  1190  1191 1
    0  1191  1190 1
    0  1192  1191 1
    0  1193  1192 1
    0  1194  1130 1
    0  1195  1194 1
    0  1196  1260 1
    0  1197  1198 1
    0  1198  1134 1
    0  1199  1200 1
    0  1200  1201 1
    0  1201  1137 1
    0  1202  1467 1
    0  1203  1204 1
    0  1204  1203 1
    0  1205  1382 1
    0  1206  1142 1
    0  1207  1143 1
    0  1208  1272 1
    0  1209  2943 1
    0  1210  1211 1
    0  1211  1147 1
    0  1212  1213 1
    0  1213  1277 1
    0  1214  1278 1
    0  1215  1151 1
    0  1216  1829 1
    0  1217  1281 1
    0  1218  1282 1
    0  1219  1220 1
    0  1220   535 1
    0  1221  1157 1
    0  1222  1158 1
    0  1223  1159 1
    0  1224  1225 1
    0  1225  1224 1
    0  1226  1162 1
    0  1227  1163 1
    0  1228  1227 1
    0  1229  1230 1
    0  1230  1229 1
    0  1231  1795 1
    0  1232  1296 1
    0  1233  1232 1
    0  1234  1569 1
    0  1235  1299 1
    0  1236  1172 1
    0  1237  1301 1
    0  1238  1302 1
    0  1239  1175 1
    0  1240  1239 1
    0  1241  1242 1
    0  1242   964 1
    0  1243  2708 1
    0  1244  1243 1
    0  1245  1309 1
    0  1246  1310 1
    0  1247  1311 1
    0  1248  1249 1
    0  1249  1313 1
    0  1250  1251 1
    0  1251  1187 1
    0  1252   401 1
    0  1253  1252 1
    0  1254  1255 1
    0  1255  1191 1
    0  1256  3441 1
    0  1257  1256 1
    0  1258  1257 1
    0  1259  1260 1
    0  1260  1261 1
    0  1261  2881 1
    0  1262  1198 1
    0  1263  1327 1
    0  1264  1200 1
    0  1265  1264 1
    0  1266  1202 1
    0  1267  1331 1
    0  1268  1332 1
    0  1269  1268 1
    0  1270  2247 1
    0  1271  1270 1
    0  1272  1336 1
    0  1273  1272 1
    0  1274  1273 1
    0  1275  1211 1
    0  1276  1340 1
    0  1277  1278 1
    0  1278  1279 1
    0  1279  1215 1
    0  1280  1216 1
    0  1281  1217 1
    0  1282  1283 1
    0  1283  1219 1
    0  1284  1283 1
    0  1285  1286 1
    0  1286  1350 1
    0  1287  1351 1
    0  1288  1289 1
    0  1289  1290 1
    0  1290  2012 1
    0  1291  4031 1
    0  1292  1293 1
    0  1293  1294 1
    0  1294  1295 1
    0  1295  1359 1
    0  1296  1297 1
    0  1297  1361 1
    0  1298  1297 1
    0  1299  1298 1
    0  1300  1301 1
    0  1301  1302 1
    0  1302  1303 1
    0  1303  1304 1
    0  1304  1368 1
    0  1305  1306 1
    0  1306  1305 1
    0  1307  1306 1
    0  1308  1372 1
    0  1309  1310 1
    0  1310  1374 1
    0  1311  1247 1
    0  1312  1311 1
    0  1313  1312 1
    0  1314  1250 1
    0  1315  1251 1
    0  1316  1315 1
    0  1317  1318 1
    0  1318  1254 1
    0  1319  1255 1
    0  1320  1321 1
    0  1321  1257 1
    0  1322  1258 1
    0  1323  3405 1
    0  1324  1388 1
    0  1325  1720 1
    0  1326  1390 1
    0  1327  1391 1
    0  1328  1392 1
    0  1329  1265 1
    0  1330  1331 1
    0  1331  1332 1
    0  1332  1396 1
    0  1333  2720 1
    0  1334  1398 1
    0  1335  1271 1
    0  1336  1337 1
    0  1337  1273 1
    0  1338  3735 1
    0  1339  1275 1
    0  1340  1341 1
    0  1341  1340 1
    0  1342  1406 1
    0  1343  1342 1
    0  1344  1345 1
    0  1345  1346 1
    0  1346  1410 1
    0  1347  1411 1
    0  1348  1412 1
    0  1349  1285 1
    0  1350  1351 1
    0  1351  1287 1
    0  1352  1288 1
    0  1353  1289 1
    0  1354  1290 1
    0  1355  1354 1
    0  1356  1355 1
    0  1357  3214 1
    0  1358  1359 1
    0  1359  1295 1
    0  1360  1359 1
    0  1361  1297 1
    0  1362  1361 1
    0  1363  1364 1
    0  1364  1365 1
    0  1365  1366 1
    0  1366  1367 1
    0  1367  1303 1
    0  1368    61 1
    0  1369  1368 1
    0  1370  1371 1
    0  1371  1435 1
    0  1372  1308 1
    0  1373  1437 1
    0  1374  1375 1
    0  1375  1311 1
    0  1376   993 1
    0  1377  1313 1
    0  1378  1314 1
    0  1379  1380 1
    0  1380  4045 1
    0  1381  1380 1
    0  1382  1318 1
    0  1383  2343 1
    0  1384  1320 1
    0  1385  1384 1
    0  1386  1450 1
    0  1387  1386 1
    0  1388  1389 1
    0  1389  1390 1
    0  1390  1391 1
    0  1391  1455 1
    0  1392  1328 1
    0  1393  1394 1
    0  1394  1393 1
    0  1395  1459 1
    0  1396  1332 1
    0  1397  1461 1
    0  1398  1334 1
    0  1399  1400 1
    0  1400  1336 1
    0  1401  1337 1
    0  1402  1403 1
    0  1403  1339 1
    0  1404  1403 1
    0  1405  1406 1
    0  1406  1342 1
    0  1407  1406 1
    0  1408  1409 1
    0  1409  1408 1
    0  1410  1409 1
    0  1411  1410 1
    0  1412  1413 1
    0  1413  1349 1
    0  1414  1478 1
    0  1415  1414 1
    0  1416    62 1
    0  1417  1353 1
    0  1418  1417 1
    0  1419  1483 1
    0  1420  3348 1
    0  1421  1422 1
    0  1422  1486 1
    0  1423  1424 1
    0  1424  1488 1
    0  1425  1361 1
    0  1426  1425 1
    0  1427  1363 1
    0  1428  1427 1
    0  1429  1493 1
    0  1430  1429 1
    0  1431  1432 1
    0  1432  1496 1
    0  1433  1432 1
    0  1434  1433 1
    0  1435  1371 1
    0  1436  1500 1
    0  1437  1501 1
    0  1438  1502 1
    0  1439  1440 1
    0  1440  3503 1
    0  1441  1442 1
    0  1442  1378 1
    0  1443  1444 1
    0  1444  1380 1
    0  1445  1444 1
    0  1446  1382 1
    0  1447  2288 1
    0  1448  1447 1
    0  1449  1513 1
    0  1450  1514 1
    0  1451  1452 1
    0  1452  1451 1
    0  1453  1452 1
    0  1454  1401 1
    0  1455  1391 1
    0  1456  1455 1
    0  1457  1393 1
    0  1458  1459 1
    0  1459  1395 1
    0  1460  3433 1
    0  1461  1397 1
    0  1462  1463 1
    0  1463  1527 1
    0  1464  2212 1
    0  1465  1401 1
    0  1466  1467 1
    0  1467  1468 1
    0  1468  1532 1
    0  1469  1468 1
    0  1470  1534 1
    0  1471  1407 1
    0  1472  1473 1
    0  1473  1474 1
    0  1474  1473 1
    0  1475  1411 1
    0  1476   910 1
    0  1477  1413 1
    0  1478  1414 1
    0  1479  1480 1
    0  1480  1479 1
    0  1481  1545 1
    0  1482  1483 1
    0  1483  1419 1
    0  1484  1548 1
    0  1485  1484 1
    0  1486  1550 1
    0  1487  3105 1
    0  1488  1552 1
    0  1489  1425 1
    0  1490  1489 1
    0  1491  1490 1
    0  1492  1428 1
    0  1493  1429 1
    0  1494  1558 1
    0  1495  1494 1
    0  1496  1495 1
    0  1497  1433 1
    0  1498  1497 1
    0  1499  1500 1
    0  1500  1499 1
    0  1501  1500 1
    0  1502  1438 1
    0  1503  1439 1
    0  1504  1503 1
    0  1505  1569 1
    0  1506  1570 1
    0  1507  1571 1
    0  1508  1507 1
    0  1509  1573 1
    0  1510  1509 1
    0  1511  1575 1
    0  1512  1576 1
    0  1513  1512 1
    0  1514  1578 1
    0  1515  1579 1
    0  1516  1515 1
    0  1517   689 1
    0  1518  1582 1
    0  1519  1518 1
    0  1520  1456 1
    0  1521  2703 1
    0  1522  1521 1
    0  1523  3891 1
    0  1524  1523 1
    0  1525  1526 1
    0  1526   850 1
    0  1527  3182 1
    0  1528  1592 1
    0  1529  1593 1
    0  1530  1594 1
    0  1531  1532 1
    0  1532  1596 1
    0  1533  1469 1
    0  1534  1533 1
    0  1535  1534 1
    0  1536  1472 1
    0  1537  1473 1
    0  1538  1602 1
    0  1539  2911 1
    0  1540  1604 1
    0  1541  1540 1
    0  1542  1543 1
    0  1543  1544 1
    0  1544  1608 1
    0  1545  1546 1
    0  1546  1545 1
    0  1547  1611 1
    0  1548  3016 1
    0  1549  1485 1
    0  1550  1551 1
    0  1551  1552 1
    0  1552  1616 1
    0  1553  1617 1
    0  1554  1490 1
    0  1555  1619 1
    0  1556  1555 1
    0  1557  1556 1
    0  1558  1559 1
    0  1559  1495 1
    0  1560  1496 1
    0  1561  1562 1
    0  1562  1498 1
    0  1563  1564 1
    0  1564  1628 1
    0  1565  1566 1
    0  1566  1502 1
    0  1567  1566 1
    0  1568  1632 1
    0  1569  1633 1
    0  1570  1569 1
    0  1571  1570 1
    0  1572  1571 1
    0  1573  1572 1
    0  1574  1575 1
    0  1575  1574 1
    0  1576  1577 1
    0  1577  1576 1
    0  1578  1514 1
    0  1579  1515 1
    0  1580   640 1
    0  1581  1517 1
    0  1582  1646 1
    0  1583  1582 1
    0  1584  1648 1
    0  1585  1586 1
    0  1586  1650 1
    0  1587  2066 1
    0  1588  1652 1
    0  1589  1588 1
    0  1590  1526 1
    0  1591  3807 1
    0  1592  1593 1
    0  1593  1657 1
    0  1594  1593 1
    0  1595  1596 1
    0  1596  1532 1
    0  1597  1661 1
    0  1598  1534 1
    0  1599  1535 1
    0  1600  1536 1
    0  1601  1537 1
    0  1602  1538 1
    0  1603  1667 1
    0  1604  1540 1
    0  1605   617 1
    0  1606  1605 1
    0  1607  1608 1
    0  1608  1672 1
    0  1609  1610 1
    0  1610  1674 1
    0  1611  1612 1
    0  1612  1611 1
    0  1613  1612 1
    0  1614  1678 1
    0  1615  1616 1
    0  1616  1552 1
    0  1617  1681 1
    0  1618  1617 1
    0  1619  3257 1
    0  1620  1556 1
    0  1621  1557 1
    0  1622  1623 1
    0  1623  1559 1
    0  1624  1688 1
    0  1625  1561 1
    0  1626  1627 1
    0  1627  1626 1
    0  1628  1629 1
    0  1629  1565 1
    0  1630  1631 1
    0  1631  1630 1
    0  1632  1696 1
    0  1633  1634 1
    0  1634     7 1
    0  1635  1571 1
    0  1636  1572 1
    0  1637  1636 1
    0  1638  1639 1
    0  1639  1640 1
    0  1640  1704 1
    0  1641  1577 1
    0  1642  1371 1
    0  1643  1644 1
    0  1644  1643 1
    0  1645  1709 1
    0  1646  1647 1
    0  1647  1646 1
    0  1648  3475 1
    0  1649  1713 1
    0  1650  3256 1
    0  1651  1652 1
    0  1652  1716 1
    0  1653  1589 1
    0  1654  1718 1
    0  1655  1591 1
    0  1656  1592 1
    0  1657  1658 1
    0  1658  1722 1
    0  1659  1658 1
    0  1660  1724 1
    0  1661  1660 1
    0  1662  1661 1
    0  1663  1599 1
    0  1664  1665 1
    0  1665  1729 1
    0  1666  1665 1
    0  1667  1731 1
    0  1668  1669 1
    0  1669  1605 1
    0  1670  1734 1
    0  1671  1670 1
    0  1672  1673 1
    0  1673  1674 1
    0  1674  1673 1
    0  1675  1611 1
    0  1676  1677 1
    0  1677  1613 1
    0  1678  1679 1
    0  1679  1680 1
    0  1680  1616 1
    0  1681  1682 1
    0  1682  2260 1
    0  1683  1682 1
    0  1684  1685 1
    0  1685  1621 1
    0  1686  1685 1
    0  1687  1688 1
    0  1688  1689 1
    0  1689  1625 1
    0  1690  1754 1
    0  1691  1668 1
    0  1692  1691 1
    0  1693  1629 1
    0  1694  1695 1
    0  1695  1696 1
    0  1696  2764 1
    0  1697  1696 1
    0  1698  1699 1
    0  1699  1763 1
    0  1700  1699 1
    0  1701  1637 1
    0  1702  1766 1
    0  1703  1767 1
    0  1704  3894 1
    0  1705  1769 1
    0  1706  2741 1
    0  1707  1708 1
    0  1708  1709 1
    0  1709  1710 1
    0  1710  1774 1
    0  1711  1647 1
    0  1712  1776 1
    0  1713  1712 1
    0  1714  1778 1
    0  1715  1716 1
    0  1716  1652 1
    0  1717  2227 1
    0  1718  1782 1
    0  1719  1783 1
    0  1720  1721 1
    0  1721  1722 1
    0  1722  1658 1
    0  1723  1787 1
    0  1724  1723 1
    0  1725  1789 1
    0  1726  1790 1
    0  1727  1726 1
    0  1728  1792 1
    0  1729  1728 1
    0  1730  1729 1
    0  1731  1732 1
    0  1732  1731 1
    0  1733  1734 1
    0  1734  1733 1
    0  1735  4005 1
    0  1736  1672 1
    0  1737  1736 1
    0  1738  1674 1
    0  1739  1803 1
    0  1740  1804 1
    0  1741  1740 1
    0  1742  1806 1
    0  1743  1744 1
    0  1744  1743 1
    0  1745  1809 1
    0  1746  1682 1
    0  1747  1748 1
    0  1748  1747 1
    0  1749  1748 1
    0  1750  1751 1
    0  1751  1752 1
    0  1752  1816 1
    0  1753  1754 1
    0  1754  1755 1
    0  1755  1691 1
    0  1756  1757 1
    0  1757  1524 1
    0  1758  1822 1
    0  1759  1823 1
    0  1760  1824 1
    0  1761  1762 1
    0  1762  1698 1
    0  1763  1762 1
    0  1764  1700 1
    0  1765  1766 1
    0  1766  1702 1
    0  1767  1703 1
    0  1768  1704 1
    0  1769  1833 1
    0  1770  1769 1
    0  1771  1770 1
    0  1772  1771 1
    0  1773  1837 1
    0  1774  1838 1
    0  1775  2086 1
    0  1776  1712 1
    0  1777  1841 1
    0  1778  1779 1
    0  1779  1780 1
    0  1780  1716 1
    0  1781  1780 1
    0  1782  1718 1
    0  1783  1782 1
    0  1784  1720 1
    0  1785  1784 1
    0  1786  1785 1
    0  1787  1851 1
    0  1788  1789 1
    0  1789  1725 1
    0  1790  1854 1
    0  1791  1855 1
    0  1792  1793 1
    0  1793   722 1
    0  1794  1793 1
    0  1795  2203 1
    0  1796  1797 1
    0  1797  1861 1
    0  1798  1862 1
    0  1799  1800 1
    0  1800  1736 1
    0  1801   898 1
    0  1802  1738 1
    0  1803  1202 1
    0  1804  1805 1
    0  1805  1741 1
    0  1806  1742 1
    0  1807  1806 1
    0  1808  1807 1
    0  1809  1873 1
    0  1810  1811 1
    0  1811  1875 1
    0  1812  1811 1
    0  1813  1877 1
    0  1814  1750 1
    0  1815  1814 1
    0  1816  1110 1
    0  1817  1881 1
    0  1818  1754 1
    0  1819  1755 1
    0  1820  1821 1
    0  1821  1822 1
    0  1822  1886 1
    0  1823  1822 1
    0  1824  1888 1
    0  1825  1826 1
    0  1826  1827 1
    0  1827  1763 1
    0  1828  1892 1
    0  1829  1830 1
    0  1830  1831 1
    0  1831  1895 1
    0  1832  1831 1
    0  1833  1832 1
    0  1834  1770 1
    0  1835  1834 1
    0  1836  1837 1
    0  1837  1901 1
    0  1838   520 1
    0  1839  1775 1
    0  1840   300 1
    0  1841  1905 1
    0  1842  3429 1
    0  1843  1907 1
    0  1844  1780 1
    0  1845  1846 1
    0  1846  1782 1
    0  1847  1783 1
    0  1848  1784 1
    0  1849  1785 1
    0  1850  1849 1
    0  1851  1850 1
    0  1852  1851 1
    0  1853  1917 1
    0  1854  1918 1
    0  1855  1791 1
    0  1856  1857 1
    0  1857  1858 1
    0  1858  1857 1
    0  1859  1860 1
    0  1860  1861 1
    0  1861  1860 1
    0  1862  1798 1
    0  1863  1799 1
    0  1864  1865 1
    0  1865  1866 1
    0  1866  1930 1
    0  1867  1931 1
    0  1868  1867 1
    0  1869  1870 1
    0  1870  1934 1
    0  1871  1807 1
    0  1872  1873 1
    0  1873  1937 1
    0  1874  1875 1
    0  1875  1811 1
    0  1876  1875 1
    0  1877  1941 1
    0  1878  1879 1
    0  1879   149 1
    0  1880  1816 1
    0  1881  1945 1
    0  1882  1881 1
    0  1883  1884 1
    0  1884  1948 1
    0  1885  1949 1
    0  1886   784 1
    0  1887  1888 1
    0  1888  1889 1
    0  1889  1825 1
    0  1890  1891 1
    0  1891  1890 1
    0  1892  1893 1
    0  1893  1957 1
    0  1894  1893 1
    0  1895  1831 1
    0  1896  1897 1
    0  1897  1898 1
    0  1898  1962 1
    0  1899  1898 1
    0  1900  1901 1
    0  1901  1837 1
    0  1902  1318 1
    0  1903  1904 1
    0  1904   294 1
    0  1905  1969 1
    0  1906  1842 1
    0  1907  3795 1
    0  1908  1972 1
    0  1909  1910 1
    0  1910  1909 1
    0  1911  1847 1
    0  1912  1913 1
    0  1913  2334 1
    0  1914  1915 1
    0  1915  1916 1
    0  1916  1915 1
    0  1917  1918 1
    0  1918  1006 1
    0  1919  3738 1
    0  1920  3118 1
    0  1921  4000 1
    0  1922  1986 1
    0  1923  1987 1
    0  1924  1988 1
    0  1925  1989 1
    0  1926  1862 1
    0  1927  1574 1
    0  1928  1929 1
    0  1929  1930 1
    0  1930  3009 1
    0  1931  1932 1
    0  1932  1996 1
    0  1933   143 1
    0  1934  1998 1
    0  1935  1934 1
    0  1936  1937 1
    0  1937  1873 1
    0  1938  1874 1
    0  1939  1938 1
    0  1940  1939 1
    0  1941  1877 1
    0  1942  2714 1
    0  1943  1942 1
    0  1944  1943 1
    0  1945  1944 1
    0  1946  2010 1
    0  1947  2011 1
    0  1948  1949 1
    0  1949  1948 1
    0  1950  1886 1
    0  1951  1950 1
    0  1952  1953 1
    0  1953  1889 1
    0  1954  1953 1
    0  1955  2019 1
    0  1956  1892 1
    0  1957  1958 1
    0  1958  1959 1
    0  1959  1331 1
    0  1960  1959 1
    0  1961  1960 1
    0  1962  1961 1
    0  1963  1899 1
    0  1964  1963 1
    0  1965  2029 1
    0  1966  1902 1
    0  1967  1968 1
    0  1968  1904 1
    0  1969  1968 1
    0  1970  1969 1
    0  1971  2035 1
    0  1972  1971 1
    0  1973   272 1
    0  1974  1973 1
    0  1975  3372 1
    0  1976  1977 1
    0  1977  1913 1
    0  1978  2042 1
    0  1979  2043 1
    0  1980  2044 1
    0  1981  1917 1
    0  1982  1918 1
    0  1983  1919 1
    0  1984  1920 1
    0  1985  1986 1
    0  1986  1922 1
    0  1987  2560 1
    0  1988  1987 1
    0  1989  1990 1
    0  1990  1991 1
    0  1991  2055 1
    0  1992  2325 1
    0  1993  1929 1
    0  1994   919 1
    0  1995  2059 1
    0  1996  2060 1
    0  1997  3225 1
    0  1998  2062 1
    0  1999  2000 1
    0  2000  1999 1
    0  2001    87 1
    0  2002  2066 1
    0  2003  1939 1
    0  2004  1940 1
    0  2005  2006 1
    0  2006  2005 1
    0  2007  1943 1
    0  2008  2009 1
    0  2009  2010 1
    0  2010  2009 1
    0  2011  2075 1
    0  2012  2076 1
    0  2013  2012 1
    0  2014  2015 1
    0  2015  1951 1
    0  2016  2015 1
    0  2017  4031 1
    0  2018  2019 1
    0  2019  1955 1
    0  2020  1956 1
    0  2021  2022 1
    0  2022  2086 1
    0  2023  1959 1
    0  2024   547 1
    0  2025  1547 1
    0  2026  2025 1
    0  2027  1963 1
    0  2028  1964 1
    0  2029  2028 1
    0  2030  2031 1
    0  2031  2032 1
    0  2032  1968 1
    0  2033  1969 1
    0  2034  2033 1
    0  2035  2034 1
    0  2036  2100 1
    0  2037  2101 1
    0  2038  2039 1
    0  2039  2040 1
    0  2040  2041 1
    0  2041  2105 1
    0  2042  2041 1
    0  2043  1979 1
    0  2044  2043 1
    0  2045  2046 1
    0  2046  2047 1
    0  2047  2111 1
    0  2048  2049 1
    0  2049  2113 1
    0  2050  1986 1
    0  2051  1987 1
    0  2052  2051 1
    0  2053  2054 1
    0  2054  2118 1
    0  2055  2523 1
    0  2056  1992 1
    0  2057  2056 1
    0  2058  2057 1
    0  2059  2060 1
    0  2060  2059 1
    0  2061  2329 1
    0  2062  2063 1
    0  2063  2127 1
    0  2064  2128 1
    0  2065  2129 1
    0  2066  2130 1
    0  2067  2066 1
    0  2068  2067 1
    0  2069  2005 1
    0  2070  2006 1
    0  2071  2135 1
    0  2072  2073 1
    0  2073  2009 1
    0  2074  2138 1
    0  2075  2139 1
    0  2076  2140 1
    0  2077  2076 1
    0  2078  2077 1
    0  2079  2015 1
    0  2080  2081 1
    0  2081   525 1
    0  2082  2083 1
    0  2083  2147 1
    0  2084  2083 1
    0  2085  2086 1
    0  2086  2022 1
    0  2087  2088 1
    0  2088  2024 1
    0  2089  2153 1
    0  2090  2154 1
    0  2091  2155 1
    0  2092  2091 1
    0  2093  2092 1
    0  2094  2093 1
    0  2095  2094 1
    0  2096  1777 1
    0  2097  1459 1
    0  2098  2162 1
    0  2099  2100 1
    0  2100  2036 1
    0  2101  2102 1
    0  2102  2103 1
    0  2103  2039 1
    0  2104  2040 1
    0  2105  2041 1
    0  2106  2105 1
    0  2107  2171 1
    0  2108  2172 1
    0  2109  2173 1
    0  2110  2245 1
    0  2111  2175 1
    0  2112  2048 1
    0  2113  2112 1
    0  2114  2178 1
    0  2115  2051 1
    0  2116  2962 1
    0  2117  2181 1
    0  2118  2119 1
    0  2119  2893 1
    0  2120  2056 1
    0  2121  2057 1
    0  2122  2123 1
    0  2123  2122 1
    0  2124  1995 1
    0  2125  3884 1
    0  2126  2127 1
    0  2127  2191 1
    0  2128  2064 1
    0  2129  2193 1
    0  2130  2131 1
    0  2131  2132 1
    0  2132  2196 1
    0  2133  2134 1
    0  2134  2133 1
    0  2135  2199 1
    0  2136  2200 1
    0  2137  2138 1
    0  2138  2139 1
    0  2139  2203 1
    0  2140  2204 1
    0  2141  2142 1
    0  2142  2143 1
    0  2143  2142 1
    0  2144  2145 1
    0  2145  2146 1
    0  2146  2423 1
    0  2147  2211 1
    0  2148   713 1
    0  2149  2150 1
    0  2150  2086 1
    0  2151  2087 1
    0  2152  2153 1
    0  2153  2217 1
    0  2154  2153 1
    0  2155  2154 1
    0  2156  2155 1
    0  2157  2158 1
    0  2158  2157 1
    0  2159  2223 1
    0  2160  2159 1
    0  2161  2225 1
    0  2162  2161 1
    0  2163  2099 1
    0  2164  2100 1
    0  2165  2164 1
    0  2166  2102 1
    0  2167  2168 1
    0  2168  2104 1
    0  2169  1190 1
    0  2170  2171 1
    0  2171  2235 1
    0  2172  2173 1
    0  2173  2237 1
    0  2174  2238 1
    0  2175  2111 1
    0  2176  2112 1
    0  2177  2113 1
    0  2178  4090 1
    0  2179  2180 1
    0  2180  2179 1
    0  2181  2117 1
    0  2182  2181 1
    0  2183  2184 1
    0  2184  2120 1
    0  2185  2121 1
    0  2186  2185 1
    0  2187  2186 1
    0  2188  2187 1
    0  2189  2188 1
    0  2190  3167 1
    0  2191  2127 1
    0  2192  2191 1
    0  2193  2194 1
    0  2194  2195 1
    0  2195  2194 1
    0  2196  2197 1
    0  2197  2198 1
    0  2198  2197 1
    0  2199  2135 1
    0  2200  2136 1
    0  2201  2202 1
    0  2202  2203 1
    0  2203  2267 1
    0  2204  2203 1
    0  2205  2206 1
    0  2206  2142 1
    0  2207  2206 1
    0  2208  2272 1
    0  2209  2208 1
    0  2210  2764 1
    0  2211  2210 1
    0  2212  2213 1
    0  2213     7 1
    0  2214  2278 1
    0  2215  2216 1
    0  2216   825 1
    0  2217  2281 1
    0  2218  2217 1
    0  2219  2283 1
    0  2220  2219 1
    0  2221  2157 1
    0  2222  2221 1
    0  2223  2159 1
    0  2224  2225 1
    0  2225  2226 1
    0  2226  2227 1
    0  2227  2163 1
    0  2228   874 1
    0  2229  2230 1
    0  2230  2166 1
    0  2231  2230 1
    0  2232  2168 1
    0  2233  1523 1
    0  2234  2298 1
    0  2235  2299 1
    0  2236  3504 1
    0  2237  2236 1
    0  2238  2239 1
    0  2239  2303 1
    0  2240  2983 1
    0  2241  2177 1
    0  2242  2243 1
    0  2243  2242 1
    0  2244  3435 1
    0  2245  2244 1
    0  2246  2182 1
    0  2247  2311 1
    0  2248  2312 1
    0  2249  1036 1
    0  2250  2314 1
    0  2251  2250 1
    0  2252  2188 1
    0  2253  2254 1
    0  2254  2255 1
    0  2255  2256 1
    0  2256  2320 1
    0  2257  2256 1
    0  2258  2322 1
    0  2259  2323 1
    0  2260  2324 1
    0  2261  2325 1
    0  2262  2263 1
    0  2263  2264 1
    0  2264  2265 1
    0  2265  3051 1
    0  2266  2265 1
    0  2267  2331 1
    0  2268  2267 1
    0  2269  2333 1
    0  2270  2334 1
    0  2271  1225 1
    0  2272  2208 1
    0  2273  1068 1
    0  2274  2273 1
    0  2275  2339 1
    0  2276  2277 1
    0  2277  2276 1
    0  2278  2214 1
    0  2279  2215 1
    0  2280  2216 1
    0  2281  2217 1
    0  2282  2281 1
    0  2283  2219 1
    0  2284  2283 1
    0  2285  2349 1
    0  2286  2285 1
    0  2287  2351 1
    0  2288  2287 1
    0  2289  3895 1
    0  2290  2226 1
    0  2291  2290 1
    0  2292  2291 1
    0  2293  2229 1
    0  2294  2293 1
    0  2295  2231 1
    0  2296  2295 1
    0  2297  2941 1
    0  2298  2234 1
    0  2299  2235 1
    0  2300  2364 1
    0  2301  2368 1
    0  2302  2303 1
    0  2303  2367 1
    0  2304  2240 1
    0  2305  2369 1
    0  2306  2370 1
    0  2307  2371 1
    0  2308  2309 1
    0  2309   297 1
    0  2310  2246 1
    0  2311  2247 1
    0  2312  2376 1
    0  2313  2312 1
    0  2314  2250 1
    0  2315  2316 1
    0  2316  2315 1
    0  2317  2316 1
    0  2318  2317 1
    0  2319  2255 1
    0  2320  2321 1
    0  2321  2257 1
    0  2322  2386 1
    0  2323  2324 1
    0  2324  2325 1
    0  2325  2261 1
    0  2326  2390 1
    0  2327  2263 1
    0  2328  2327 1
    0  2329  2328 1
    0  2330  2331 1
    0  2331  2267 1
    0  2332  2331 1
    0  2333  2332 1
    0  2334  1925 1
    0  2335  2399 1
    0  2336  2272 1
    0  2337  2338 1
    0  2338  2339 1
    0  2339  2275 1
    0  2340  2404 1
    0  2341  2832 1
    0  2342  2278 1
    0  2343  2342 1
    0  2344  2280 1
    0  2345  2344 1
    0  2346  2282 1
    0  2347  2346 1
    0  2348  2284 1
    0  2349  2413 1
    0  2350  2286 1
    0  2351  2350 1
    0  2352  2353 1
    0  2353  3122 1
    0  2354  2353 1
    0  2355  2356 1
    0  2356  2420 1
    0  2357  2356 1
    0  2358  2357 1
    0  2359  2499 1
    0  2360  2296 1
    0  2361  2425 1
    0  2362  2426 1
    0  2363  2427 1
    0  2364  2363 1
    0  2365  2301 1
    0  2366  2430 1
    0  2367  2431 1
    0  2368  2432 1
    0  2369  2433 1
    0  2370  2371 1
    0  2371  2435 1
    0  2372  2308 1
    0  2373  2372 1
    0  2374  2438 1
    0  2375  2439 1
    0  2376  2375 1
    0  2377  2376 1
    0  2378  2377 1
    0  2379  2315 1
    0  2380  2444 1
    0  2381  2445 1
    0  2382  2383 1
    0  2383  2447 1
    0  2384  2320 1
    0  2385  2386 1
    0  2386  2322 1
    0  2387  2451 1
    0  2388  2452 1
    0  2389  2325 1
    0  2390  2389 1
    0  2391  2390 1
    0  2392  2328 1
    0  2393  2392 1
    0  2394  2395 1
    0  2395  2459 1
    0  2396  2395 1
    0  2397  2333 1
    0  2398  2462 1
    0  2399  2463 1
    0  2400  2399 1
    0  2401  2400 1
    0  2402  2466 1
    0  2403  2467 1
    0  2404  2483 1
    0  2405  2341 1
    0  2406  2405 1
    0  2407  2343 1
    0  2408  2472 1
    0  2409  2345 1
    0  2410  2346 1
    0  2411  2410 1
    0  2412  2348 1
    0  2413  2414 1
    0  2414  2478 1
    0  2415  2414 1
    0  2416  2417 1
    0  2417  2353 1
    0  2418  2419 1
    0  2419  3633 1
    0  2420  2356 1
    0  2421   253 1
    0  2422  2358 1
    0  2423  2487 1
    0  2424  2423 1
    0  2425  3320 1
    0  2426  2427 1
    0  2427  2491 1
    0  2428  2429 1
    0  2429  2428 1
    0  2430  2366 1
    0  2431  2495 1
    0  2432  2496 1
    0  2433  2497 1
    0  2434  2498 1
    0  2435  2434 1
    0  2436  1580 1
    0  2437  2373 1
    0  2438  2374 1
    0  2439  3198 1
    0  2440  2504 1
    0  2441  2505 1
    0  2442  3283 1
    0  2443  2442 1
    0  2444  2445 1
    0  2445  2509 1
    0  2446  2447 1
    0  2447  2511 1
    0  2448  2512 1
    0  2449  2385 1
    0  2450  2386 1
    0  2451  2452 1
    0  2452  2516 1
    0  2453  2389 1
    0  2454  2455 1
    0  2455  2519 1
    0  2456  2392 1
    0  2457  2521 1
    0  2458  2459 1
    0  2459  2523 1
    0  2460  2524 1
    0  2461  2460 1
    0  2462  2398 1
    0  2463  2462 1
    0  2464  2465 1
    0  2465  2464 1
    0  2466  2465 1
    0  2467  2403 1
    0  2468  2532 1
    0  2469  1033 1
    0  2470  2406 1
    0  2471  2407 1
    0  2472  2536 1
    0  2473  2537 1
    0  2474  2473 1
    0  2475  2539 1
    0  2476  2477 1
    0  2477  2541 1
    0  2478  2477 1
    0  2479  2415 1
    0  2480  2544 1
    0  2481  2545 1
    0  2482  2481 1
    0  2483  2484 1
    0  2484  2483 1
    0  2485  2484 1
    0  2486  2487 1
    0  2487  2488 1
    0  2488  2487 1
    0  2489  2488 1
    0  2490  2426 1
    0  2491  2492 1
    0  2492  3204 1
    0  2493  2557 1
    0  2494  2558 1
    0  2495   180 1
    0  2496  2497 1
    0  2497  2496 1
    0  2498  2562 1
    0  2499  2563 1
    0  2500  2564 1
    0  2501  2565 1
    0  2502  2566 1
    0  2503  2504 1
    0  2504  2503 1
    0  2505  2504 1
    0  2506  2442 1
    0  2507  2506 1
    0  2508  2509 1
    0  2509  2573 1
    0  2510  2509 1
    0  2511  2447 1
    0  2512  2576 1
    0  2513  2757 1
    0  2514  2450 1
    0  2515  2451 1
    0  2516  2515 1
    0  2517  2516 1
    0  2518  2517 1
    0  2519  2583 1
    0  2520   100 1
    0  2521  2457 1
    0  2522  3888 1
    0  2523  2522 1
    0  2524  2525 1
    0  2525  2589 1
    0  2526  2527 1
    0  2527  2463 1
    0  2528  2592 1
    0  2529  2593 1
    0  2530  2466 1
    0  2531  2532 1
    0  2532  2533 1
    0  2533  2597 1
    0  2534  1662 1
    0  2535  2471 1
    0  2536  2535 1
    0  2537  2473 1
    0  2538  2539 1
    0  2539  2538 1
    0  2540  2539 1
    0  2541  2540 1
    0  2542  2478 1
    0  2543  2607 1
    0  2544  2543 1
    0  2545  2546 1
    0  2546  2547 1
    0  2547  2611 1
    0  2548  2484 1
    0  2549  2485 1
    0  2550  2486 1
    0  2551  2552 1
    0  2552  2553 1
    0  2553  2489 1
    0  2554  2553 1
    0  2555  2556 1
    0  2556  2740 1
    0  2557  2556 1
    0  2558  2559 1
    0  2559  2558 1
    0  2560  2624 1
    0  2561  2560 1
    0  2562  2561 1
    0  2563  2564 1
    0  2564  2565 1
    0  2565  2629 1
    0  2566  2630 1
    0  2567  2631 1
    0  2568  2632 1
    0  2569  2505 1
    0  2570  2571 1
    0  2571  2570 1
    0  2572  2571 1
    0  2573  2637 1
    0  2574  2573 1
    0  2575  2639 1
    0  2576  2575 1
    0  2577  2641 1
    0  2578  2579 1
    0  2579  2643 1
    0  2580  2581 1
    0  2581    18 1
    0  2582  2583 1
    0  2583  2582 1
    0  2584  2520 1
    0  2585  2584 1
    0  2586  2587 1
    0  2587  2651 1
    0  2588  2589 1
    0  2589  2525 1
    0  2590  2654 1
    0  2591  2527 1
    0  2592  2591 1
    0  2593  2657 1
    0  2594  2658 1
    0  2595  2659 1
    0  2596  2532 1
    0  2597  1704 1
    0  2598  2662 1
    0  2599  2598 1
    0  2600  2599 1
    0  2601  2537 1
    0  2602  2603 1
    0  2603  2539 1
    0  2604  2540 1
    0  2605  2204 1
    0  2606  2670 1
    0  2607  2543 1
    0  2608  2607 1
    0  2609  2673 1
    0  2610  2609 1
    0  2611  2547 1
    0  2612  2548 1
    0  2613  2549 1
    0  2614  2550 1
    0  2615  2614 1
    0  2616  2615 1
    0  2617  2553 1
    0  2618  2554 1
    0  2619  2683 1
    0  2620  2684 1
    0  2621  2685 1
    0  2622   750 1
    0  2623  1039 1
    0  2624  2625 1
    0  2625  2626 1
    0  2626  2562 1
    0  2627  2626 1
    0  2628  2564 1
    0  2629  2693 1
    0  2630  2629 1
    0  2631  1371 1
    0  2632  2631 1
    0  2633  2632 1
    0  2634  2633 1
    0  2635  2571 1
    0  2636  2572 1
    0  2637  1152 1
    0  2638  2702 1
    0  2639  2575 1
    0  2640  2576 1
    0  2641  2577 1
    0  2642  2706 1
    0  2643  2707 1
    0  2644  3572 1
    0  2645  2581 1
    0  2646  2645 1
    0  2647  2583 1
    0  2648  2647 1
    0  2649  2713 1
    0  2650   608 1
    0  2651  2519 1
    0  2652  2651 1
    0  2653  2589 1
    0  2654  2718 1
    0  2655  2656 1
    0  2656  2720 1
    0  2657  2656 1
    0  2658  2722 1
    0  2659  2658 1
    0  2660  2659 1
    0  2661  2597 1
    0  2662  2663 1
    0  2663  2599 1
    0  2664  2663 1
    0  2665  2601 1
    0  2666  2665 1
    0  2667  2731 1
    0  2668  2669 1
    0  2669  2668 1
    0  2670  2671 1
    0  2671  2670 1
    0  2672  2608 1
    0  2673  2609 1
    0  2674  2673 1
    0  2675  2611 1
    0  2676  2612 1
    0  2677  2741 1
    0  2678  2614 1
    0  2679  2680 1
    0  2680  1990 1
    0  2681  2682 1
    0  2682  2681 1
    0  2683  2747 1
    0  2684  2683 1
    0  2685  2686 1
    0  2686  3923 1
    0  2687  2751 1
    0  2688  2752 1
    0  2689  2625 1
    0  2690  3201 1
    0  2691  2627 1
    0  2692  2693 1
    0  2693  2757 1
    0  2694  2758 1
    0  2695  2631 1
    0  2696  2697 1
    0  2697  2696 1
    0  2698  2699 1
    0  2699  2700 1
    0  2700  2701 1
    0  2701  1932 1
    0  2702  2703 1
    0  2703  2704 1
    0  2704  2768 1
    0  2705  3707 1
    0  2706  2705 1
    0  2707  2706 1
    0  2708  2644 1
    0  2709  2645 1
    0  2710  2774 1
    0  2711  2712 1
    0  2712  2776 1
    0  2713  2712 1
    0  2714  2713 1
    0  2715  2779 1
    0  2716  2652 1
    0  2717  2055 1
    0  2718  2782 1
    0  2719  2655 1
    0  2720  2784 1
    0  2721  2657 1
    0  2722  2658 1
    0  2723  2787 1
    0  2724  2660 1
    0  2725  2789 1
    0  2726  2790 1
    0  2727  2663 1
    0  2728  2664 1
    0  2729  2793 1
    0  2730  2666 1
    0  2731  2732 1
    0  2732  2724 1
    0  2733  2732 1
    0  2734  2733 1
    0  2735  2734 1
    0  2736  2672 1
    0  2737  2801 1
    0  2738  2802 1
    0  2739  2738 1
    0  2740  2739 1
    0  2741  2677 1
    0  2742  2741 1
    0  2743  2744 1
    0  2744  2808 1
    0  2745  2744 1
    0  2746  2682 1
    0  2747   114 1
    0  2748  2747 1
    0  2749  2750 1
    0  2750  2686 1
    0  2751  2687 1
    0  2752  2688 1
    0  2753  2752 1
    0  2754  2755 1
    0  2755  2754 1
    0  2756  2692 1
    0  2757  1274 1
    0  2758  2822 1
    0  2759  2695 1
    0  2760  2696 1
    0  2761  2762 1
    0  2762  2698 1
    0  2763  2764 1
    0  2764  2765 1
    0  2765  2766 1
    0  2766  2830 1
    0  2767  2831 1
    0  2768  2769 1
    0  2769  2833 1
    0  2770  2706 1
    0  2771  2835 1
    0  2772  2773 1
    0  2773  2772 1
    0  2774  2838 1
    0  2775  2776 1
    0  2776  2712 1
    0  2777  2841 1
    0  2778  2842 1
    0  2779  2780 1
    0  2780  2781 1
    0  2781  1154 1
    0  2782  2718 1
    0  2783  2784 1
    0  2784  2848 1
    0  2785  2786 1
    0  2786  2722 1
    0  2787  2786 1
    0  2788  2787 1
    0  2789  2725 1
    0  2790  2726 1
    0  2791  2727 1
    0  2792  2793 1
    0  2793  2729 1
    0  2794  2858 1
    0  2795  2859 1
    0  2796  2732 1
    0  2797  2861 1
    0  2798  2039 1
    0  2799  3135 1
    0  2800  2801 1
    0  2801  2800 1
    0  2802  2801 1
    0  2803  2802 1
    0  2804  2803 1
    0  2805  2869 1
    0  2806  2870 1
    0  2807  2871 1
    0  2808  2872 1
    0  2809  1496 1
    0  2810  2809 1
    0  2811    76 1
    0  2812  2811 1
    0  2813  2812 1
    0  2814  3471 1
    0  2815  2814 1
    0  2816  2880 1
    0  2817  2816 1
    0  2818  2882 1
    0  2819  2883 1
    0  2820  2756 1
    0  2821  2885 1
    0  2822  2758 1
    0  2823  2822 1
    0  2824  2760 1
    0  2825  2824 1
    0  2826  2825 1
    0  2827  2891 1
    0  2828  2892 1
    0  2829  2765 1
    0  2830  2829 1
    0  2831  2767 1
    0  2832  2768 1
    0  2833  2897 1
    0  2834  2770 1
    0  2835    82 1
    0  2836  2835 1
    0  2837  2901 1
    0  2838  2837 1
    0  2839  2903 1
    0  2840  2904 1
    0  2841  2842 1
    0  2842  2843 1
    0  2843  2779 1
    0  2844  3517 1
    0  2845  2909 1
    0  2846  2782 1
    0  2847  2783 1
    0  2848  2912 1
    0  2849  2850 1
    0  2850  2786 1
    0  2851  2852 1
    0  2852  2193 1
    0  2853  2789 1
    0  2854   321 1
    0  2855  3043 1
    0  2856  2920 1
    0  2857  2858 1
    0  2858  2922 1
    0  2859  2858 1
    0  2860  2796 1
    0  2861  3024 1
    0  2862  2926 1
    0  2863  2864 1
    0  2864  2865 1
    0  2865  2864 1
    0  2866  4015 1
    0  2867  2803 1
    0  2868  2867 1
    0  2869  2933 1
    0  2870   566 1
    0  2871   432 1
    0  2872  2808 1
    0  2873  2872 1
    0  2874  2875 1
    0  2875  2876 1
    0  2876  2875 1
    0  2877  2813 1
    0  2878  2877 1
    0  2879  2878 1
    0  2880  2717 1
    0  2881  2882 1
    0  2882  2881 1
    0  2883  2884 1
    0  2884  2948 1
    0  2885  2886 1
    0  2886  2885 1
    0  2887  2618 1
    0  2888  2889 1
    0  2889  2953 1
    0  2890  2891 1
    0  2891  2827 1
    0  2892  2893 1
    0  2893   256 1
    0  2894  2893 1
    0  2895  2831 1
    0  2896  2960 1
    0  2897  2896 1
    0  2898  2834 1
    0  2899  2835 1
    0  2900    55 1
    0  2901  3115 1
    0  2902  2838 1
    0  2903   841 1
    0  2904  2903 1
    0  2905  2841 1
    0  2906  2842 1
    0  2907  2971 1
    0  2908  2972 1
    0  2909  2910 1
    0  2910  2911 1
    0  2911  3347 1
    0  2912  2913 1
    0  2913  2977 1
    0  2914  2913 1
    0  2915  2914 1
    0  2916  2917 1
    0  2917  2916 1
    0  2918  2917 1
    0  2919  2920 1
    0  2920  2984 1
    0  2921  2922 1
    0  2922  2986 1
    0  2923  2987 1
    0  2924  2925 1
    0  2925  2861 1
    0  2926  2990 1
    0  2927  2926 1
    0  2928  2929 1
    0  2929  2993 1
    0  2930  2929 1
    0  2931  2995 1
    0  2932  2933 1
    0  2933  2869 1
    0  2934  2998 1
    0  2935  2871 1
    0  2936  2872 1
    0  2937  3562 1
    0  2938  2939 1
    0  2939  2875 1
    0  2940  2939 1
    0  2941  2877 1
    0  2942  2943 1
    0  2943  2942 1
    0  2944  2880 1
    0  2945  2946 1
    0  2946    74 1
    0  2947  2948 1
    0  2948  3012 1
    0  2949  3013 1
    0  2950  3014 1
    0  2951  2952 1
    0  2952  2953 1
    0  2953  2889 1
    0  2954  2953 1
    0  2955  2954 1
    0  2956  2955 1
    0  2957  1137 1
    0  2958  2894 1
    0  2959  2895 1
    0  2960  3906 1
    0  2961  4023 1
    0  2962  1753 1
    0  2963  2150 1
    0  2964  2965 1
    0  2965  2964 1
    0  2966  3030 1
    0  2967  2372 1
    0  2968  3032 1
    0  2969  2970 1
    0  2970  2971 1
    0  2971  2972 1
    0  2972  2973 1
    0  2973  2974 1
    0  2974  2975 1
    0  2975  2974 1
    0  2976   133 1
    0  2977  2978 1
    0  2978  3042 1
    0  2979  2915 1
    0  2980  2916 1
    0  2981  2982 1
    0  2982  2983 1
    0  2983  1707 1
    0  2984  2985 1
    0  2985  2984 1
    0  2986  2987 1
    0  2987  3051 1
    0  2988  2987 1
    0  2989  2988 1
    0  2990  3947 1
    0  2991  2990 1
    0  2992   893 1
    0  2993  3057 1
    0  2994  2993 1
    0  2995  2996 1
    0  2996  2932 1
    0  2997  2996 1
    0  2998  3062 1
    0  2999  3000 1
    0  3000  3001 1
    0  3001  3153 1
    0  3002  2938 1
    0  3003  3004 1
    0  3004  3003 1
    0  3005  3069 1
    0  3006  3070 1
    0  3007  3006 1
    0  3008  2944 1
    0  3009  2945 1
    0  3010  3011 1
    0  3011  3012 1
    0  3012  3013 1
    0  3013  3077 1
    0  3014  3015 1
    0  3015  3079 1
    0  3016  3080 1
    0  3017  3016 1
    0  3018  2954 1
    0  3019  3020 1
    0  3020  3019 1
    0  3021  3903 1
    0  3022  3086 1
    0  3023  2959 1
    0  3024  3023 1
    0  3025  3024 1
    0  3026  2192 1
    0  3027   869 1
    0  3028  2964 1
    0  3029  3030 1
    0  3030  3029 1
    0  3031  3095 1
    0  3032  3033 1
    0  3033  3032 1
    0  3034  3033 1
    0  3035  3036 1
    0  3036  3100 1
    0  3037  3036 1
    0  3038  2974 1
    0  3039  2975 1
    0  3040  3041 1
    0  3041  2977 1
    0  3042  3043 1
    0  3043  3042 1
    0  3044  3045 1
    0  3045  2981 1
    0  3046  3110 1
    0  3047  3111 1
    0  3048   498 1
    0  3049  3048 1
    0  3050  2986 1
    0  3051  3115 1
    0  3052  3051 1
    0  3053  3054 1
    0  3054  2990 1
    0  3055  3054 1
    0  3056  3057 1
    0  3057  2993 1
    0  3058  3057 1
    0  3059  3058 1
    0  3060  3059 1
    0  3061  3062 1
    0  3062  3063 1
    0  3063  3612 1
    0  3064  2256 1
    0  3065  3066 1
    0  3066  3130 1
    0  3067  3131 1
    0  3068  3004 1
    0  3069  3070 1
    0  3070  3069 1
    0  3071  3135 1
    0  3072  2182 1
    0  3073  3137 1
    0  3074  3073 1
    0  3075  3139 1
    0  3076  3075 1
    0  3077  3076 1
    0  3078  3014 1
    0  3079  3078 1
    0  3080  3144 1
    0  3081  3017 1
    0  3082  3081 1
    0  3083  3082 1
    0  3084  3148 1
    0  3085  3086 1
    0  3086  1762 1
    0  3087  3088 1
    0  3088  3087 1
    0  3089  3090 1
    0  3090  3154 1
    0  3091  3027 1
    0  3092  3028 1
    0  3093  3094 1
    0  3094  3030 1
    0  3095  3031 1
    0  3096  3032 1
    0  3097  3033 1
    0  3098  3034 1
    0  3099  3100 1
    0  3100  3099 1
    0  3101  3100 1
    0  3102  1507 1
    0  3103  3635 1
    0  3104  3168 1
    0  3105  3169 1
    0  3106  3107 1
    0  3107  3171 1
    0  3108  3044 1
    0  3109  3108 1
    0  3110  3111 1
    0  3111  3175 1
    0  3112  3048 1
    0  3113  3114 1
    0  3114  3178 1
    0  3115  3175 1
    0  3116  3180 1
    0  3117  3116 1
    0  3118  3054 1
    0  3119  3118 1
    0  3120  3119 1
    0  3121  3057 1
    0  3122  3058 1
    0  3123  3122 1
    0  3124  3060 1
    0  3125  3126 1
    0  3126  3125 1
    0  3127  3063 1
    0  3128  3192 1
    0  3129  3130 1
    0  3130  3131 1
    0  3131  3130 1
    0  3132  3133 1
    0  3133  3197 1
    0  3134  3135 1
    0  3135  3134 1
    0  3136  3200 1
    0  3137  2820 1
    0  3138  3139 1
    0  3139  3138 1
    0  3140  3139 1
    0  3141  3077 1
    0  3142  3141 1
    0  3143  3144 1
    0  3144  3080 1
    0  3145  3081 1
    0  3146  3145 1
    0  3147  3146 1
    0  3148  3084 1
    0  3149  3148 1
    0  3150  3086 1
    0  3151  3087 1
    0  3152  3088 1
    0  3153  3089 1
    0  3154  3090 1
    0  3155  3154 1
    0  3156  3220 1
    0  3157  3221 1
    0  3158  3157 1
    0  3159  3158 1
    0  3160  3096 1
    0  3161  3160 1
    0  3162  3098 1
    0  3163  3164 1
    0  3164  3228 1
    0  3165  3164 1
    0  3166  3230 1
    0  3167  3166 1
    0  3168  3167 1
    0  3169  3170 1
    0  3170  3106 1
    0  3171  3172 1
    0  3172  3726 1
    0  3173  3237 1
    0  3174  3110 1
    0  3175  3174 1
    0  3176  3177 1
    0  3177  3113 1
    0  3178  3177 1
    0  3179  3178 1
    0  3180  3116 1
    0  3181  2797 1
    0  3182  2810 1
    0  3183  3119 1
    0  3184  3120 1
    0  3185  3249 1
    0  3186  3187 1
    0  3187  3188 1
    0  3188  3189 1
    0  3189  3190 1
    0  3190  3126 1
    0  3191  3255 1
    0  3192  3256 1
    0  3193  3257 1
    0  3194  3193 1
    0  3195  2272 1
    0  3196  3260 1
    0  3197  3198 1
    0  3198  3262 1
    0  3199  3263 1
    0  3200  3201 1
    0  3201  3200 1
    0  3202  3266 1
    0  3203  3204 1
    0  3204  3205 1
    0  3205  3141 1
    0  3206  3207 1
    0  3207  1764 1
    0  3208  3272 1
    0  3209  3210 1
    0  3210  3209 1
    0  3211  3210 1
    0  3212    93 1
    0  3213  3149 1
    0  3214  3150 1
    0  3215  3216 1
    0  3216  3280 1
    0  3217  3216 1
    0  3218  3282 1
    0  3219  3218 1
    0  3220  3219 1
    0  3221  3285 1
    0  3222  3223 1
    0  3223  3222 1
    0  3224  3160 1
    0  3225  3289 1
    0  3226   292 1
    0  3227  3226 1
    0  3228  3164 1
    0  3229  3165 1
    0  3230  3229 1
    0  3231  3232 1
    0  3232  3233 1
    0  3233  3232 1
    0  3234  3233 1
    0  3235  3171 1
    0  3236  3237 1
    0  3237  3236 1
    0  3238  3239 1
    0  3239  3303 1
    0  3240  3241 1
    0  3241  3177 1
    0  3242  3241 1
    0  3243  3244 1
    0  3244  3180 1
    0  3245  3246 1
    0  3246  3310 1
    0  3247  3246 1
    0  3248  3247 1
    0  3249  3248 1
    0  3250  3001 1
    0  3251  3187 1
    0  3252  3316 1
    0  3253  3254 1
    0  3254  3318 1
    0  3255  3191 1
    0  3256  3192 1
    0  3257  3256 1
    0  3258  3322 1
    0  3259  3195 1
    0  3260  3259 1
    0  3261   935 1
    0  3262  3263 1
    0  3263  3199 1
    0  3264  3200 1
    0  3265  3201 1
    0  3266  3202 1
    0  3267  3331 1
    0  3268  3269 1
    0  3269  3268 1
    0  3270  3334 1
    0  3271  3335 1
    0  3272  3336 1
    0  3273  3337 1
    0  3274   751 1
    0  3275  3276 1
    0  3276  3212 1
    0  3277  3341 1
    0  3278  3277 1
    0  3279  3215 1
    0  3280  3344 1
    0  3281  3282 1
    0  3282  3283 1
    0  3283  3282 1
    0  3284  3220 1
    0  3285  3284 1
    0  3286  3287 1
    0  3287  3351 1
    0  3288  1072 1
    0  3289  3225 1
    0  3290  3226 1
    0  3291  3227 1
    0  3292  3356 1
    0  3293  3357 1
    0  3294  3295 1
    0  3295  3296 1
    0  3296  3295 1
    0  3297  3296 1
    0  3298  3299 1
    0  3299  3363 1
    0  3300  3301 1
    0  3301  3302 1
    0  3302  3303 1
    0  3303  3367 1
    0  3304  3240 1
    0  3305  3369 1
    0  3306  3307 1
    0  3307  3306 1
    0  3308  3244 1
    0  3309  3308 1
    0  3310  3246 1
    0  3311  3247 1
    0  3312    55 1
    0  3313  3314 1
    0  3314  3313 1
    0  3315  3316 1
    0  3316  3380 1
    0  3317  3253 1
    0  3318  3319 1
    0  3319  3255 1
    0  3320  3256 1
    0  3321  3257 1
    0  3322  3323 1
    0  3323  1964 1
    0  3324   495 1
    0  3325  3326 1
    0  3326  3327 1
    0  3327  3391 1
    0  3328  3264 1
    0  3329  3393 1
    0  3330  3266 1
    0  3331  3330 1
    0  3332  3396 1
    0  3333  3397 1
    0  3334  3333 1
    0  3335  3334 1
    0  3336  3400 1
    0  3337  2174 1
    0  3338  1222 1
    0  3339  3338 1
    0  3340  3404 1
    0  3341  3405 1
    0  3342  3343 1
    0  3343  3344 1
    0  3344  3280 1
    0  3345  3363 1
    0  3346  3345 1
    0  3347  3411 1
    0  3348  1480 1
    0  3349  3350 1
    0  3350  3286 1
    0  3351  1397 1
    0  3352  3416 1
    0  3353  3417 1
    0  3354  3418 1
    0  3355  3356 1
    0  3356  3355 1
    0  3357  3421 1
    0  3358  3359 1
    0  3359  3358 1
    0  3360  3296 1
    0  3361  3425 1
    0  3362  3361 1
    0  3363  3362 1
    0  3364   529 1
    0  3365  3364 1
    0  3366  3430 1
    0  3367  3431 1
    0  3368  3304 1
    0  3369  3370 1
    0  3370  3306 1
    0  3371  2611 1
    0  3372  1227 1
    0  3373  1736 1
    0  3374  3375 1
    0  3375  3376 1
    0  3376  3312 1
    0  3377  3441 1
    0  3378  3377 1
    0  3379  3315 1
    0  3380  3316 1
    0  3381  3445 1
    0  3382  3446 1
    0  3383  3447 1
    0  3384  3448 1
    0  3385  3449 1
    0  3386  3450 1
    0  3387  3451 1
    0  3388  2459 1
    0  3389  3388 1
    0  3390  3326 1
    0  3391  3455 1
    0  3392  3393 1
    0  3393  3392 1
    0  3394  3395 1
    0  3395  3459 1
    0  3396  3397 1
    0  3397  3461 1
    0  3398  3399 1
    0  3399  3335 1
    0  3400  3401 1
    0  3401  3465 1
    0  3402  3338 1
    0  3403  3339 1
    0  3404  3340 1
    0  3405  3341 1
    0  3406  3470 1
    0  3407  3343 1
    0  3408  3409 1
    0  3409  3345 1
    0  3410  3409 1
    0  3411  3412 1
    0  3412  3411 1
    0  3413   824 1
    0  3414  3350 1
    0  3415  3351 1
    0  3416  3415 1
    0  3417  3481 1
    0  3418   534 1
    0  3419  2784 1
    0  3420  3466 1
    0  3421  3422 1
    0  3422  3358 1
    0  3423  3424 1
    0  3424  3423 1
    0  3425  3361 1
    0  3426  3490 1
    0  3427  3428 1
    0  3428  3429 1
    0  3429  3365 1
    0  3430   979 1
    0  3431  3495 1
    0  3432  3368 1
    0  3433  3538 1
    0  3434  3498 1
    0  3435  3434 1
    0  3436  3500 1
    0  3437  3373 1
    0  3438  3439 1
    0  3439  3375 1
    0  3440  3376 1
    0  3441  3505 1
    0  3442  3443 1
    0  3443  2010 1
    0  3444  3380 1
    0  3445  3446 1
    0  3446  3382 1
    0  3447  3448 1
    0  3448  3384 1
    0  3449  3450 1
    0  3450  3514 1
    0  3451  3387 1
    0  3452  3516 1
    0  3453  3454 1
    0  3454  3453 1
    0  3455  3519 1
    0  3456  3520 1
    0  3457  3458 1
    0  3458  3459 1
    0  3459  3523 1
    0  3460  3524 1
    0  3461  3462 1
    0  3462  3463 1
    0  3463  3464 1
    0  3464  3463 1
    0  3465  3464 1
    0  3466  3465 1
    0  3467  3531 1
    0  3468  3469 1
    0  3469  3470 1
    0  3470  3406 1
    0  3471  3470 1
    0  3472  3473 1
    0  3473   376 1
    0  3474  3475 1
    0  3475  3476 1
    0  3476  3540 1
    0  3477  3413 1
    0  3478  3414 1
    0  3479  3415 1
    0  3480  2074 1
    0  3481  3417 1
    0  3482  3418 1
    0  3483  3482 1
    0  3484  3485 1
    0  3485  3484 1
    0  3486  3422 1
    0  3487  3423 1
    0  3488  3552 1
    0  3489  1965 1
    0  3490  3554 1
    0  3491  3427 1
    0  3492  3556 1
    0  3493  3492 1
    0  3494  3014 1
    0  3495  3559 1
    0  3496  3432 1
    0  3497  3498 1
    0  3498  3499 1
    0  3499  3500 1
    0  3500  3499 1
    0  3501  3437 1
    0  3502  3438 1
    0  3503  3439 1
    0  3504  3568 1
    0  3505  3504 1
    0  3506  3505 1
    0  3507  3506 1
    0  3508  3572 1
    0  3509  3510 1
    0  3510  3511 1
    0  3511  3510 1
    0  3512  3513 1
    0  3513  3449 1
    0  3514  3515 1
    0  3515  3327 1
    0  3516  3517 1
    0  3517  3453 1
    0  3518  3454 1
    0  3519  3583 1
    0  3520  3456 1
    0  3521  1183 1
    0  3522  2388 1
    0  3523  3459 1
    0  3524  3588 1
    0  3525  3461 1
    0  3526  3462 1
    0  3527  3526 1
    0  3528  3529 1
    0  3529  3528 1
    0  3530  3529 1
    0  3531  3532 1
    0  3532  3531 1
    0  3533  3534 1
    0  3534  3535 1
    0  3535  3599 1
    0  3536  3600 1
    0  3537  3473 1
    0  3538  2015 1
    0  3539  3475 1
    0  3540  3541 1
    0  3541  3540 1
    0  3542  3606 1
    0  3543  3544 1
    0  3544  3608 1
    0  3545  3481 1
    0  3546  3482 1
    0  3547  3548 1
    0  3548  3612 1
    0  3549  3485 1
    0  3550  3551 1
    0  3551  3487 1
    0  3552  3616 1
    0  3553  3489 1
    0  3554  2033 1
    0  3555  3556 1
    0  3556  3492 1
    0  3557  3556 1
    0  3558  3557 1
    0  3559  3558 1
    0  3560  3624 1
    0  3561  3625 1
    0  3562  3498 1
    0  3563  3562 1
    0  3564  3563 1
    0  3565  3564 1
    0  3566  3567 1
    0  3567  3631 1
    0  3568  3504 1
    0  3569  3570 1
    0  3570  3506 1
    0  3571  3507 1
    0  3572  3573 1
    0  3573  3509 1
    0  3574  3981 1
    0  3575  3576 1
    0  3576  3512 1
    0  3577  3641 1
    0  3578  3577 1
    0  3579  3580 1
    0  3580  3579 1
    0  3581  3580 1
    0  3582  3646 1
    0  3583  3519 1
    0  3584  3520 1
    0  3585  3521 1
    0  3586  3587 1
    0  3587  3586 1
    0  3588  3524 1
    0  3589  3588 1
    0  3590  3654 1
    0  3591  3655 1
    0  3592  3528 1
    0  3593  3594 1
    0  3594  3595 1
    0  3595  3659 1
    0  3596  3853 1
    0  3597  1634 1
    0  3598  3662 1
    0  3599  3598 1
    0  3600  3536 1
    0  3601  3600 1
    0  3602  3601 1
    0  3603  3667 1
    0  3604  3540 1
    0  3605  3391 1
    0  3606  3607 1
    0  3607  2254 1
    0  3608  3672 1
    0  3609  3610 1
    0  3610  3674 1
    0  3611  3610 1
    0  3612  3676 1
    0  3613  3549 1
    0  3614  3615 1
    0  3615  3679 1
    0  3616  3680 1
    0  3617  3681 1
    0  3618  3619 1
    0  3619  3618 1
    0  3620  3621 1
    0  3621  3620 1
    0  3622  3623 1
    0  3623  3622 1
    0  3624  3625 1
    0  3625  3561 1
    0  3626  3625 1
    0  3627  3626 1
    0  3628     6 1
    0  3629  3628 1
    0  3630  3629 1
    0  3631  3630 1
    0  3632  3696 1
    0  3633  3632 1
    0  3634  3633 1
    0  3635  3699 1
    0  3636   845 1
    0  3637  1563 1
    0  3638  3702 1
    0  3639  3640 1
    0  3640  3641 1
    0  3641  3640 1
    0  3642  3643 1
    0  3643  3707 1
    0  3644  3645 1
    0  3645  3581 1
    0  3646  3582 1
    0  3647  3306 1
    0  3648  3649 1
    0  3649  3713 1
    0  3650  3714 1
    0  3651  3650 1
    0  3652  3651 1
    0  3653  3589 1
    0  3654  3590 1
    0  3655  3719 1
    0  3656  3592 1
    0  3657  3721 1
    0  3658  3657 1
    0  3659  3595 1
    0  3660  3596 1
    0  3661  3597 1
    0  3662   330 1
    0  3663  3727 1
    0  3664  3600 1
    0  3665  3601 1
    0  3666  3667 1
    0  3667  2359 1
    0  3668  3669 1
    0  3669  3733 1
    0  3670  3671 1
    0  3671  3735 1
    0  3672  3736 1
    0  3673  3674 1
    0  3674  3610 1
    0  3675  3611 1
    0  3676  3675 1
    0  3677  3741 1
    0  3678  3614 1
    0  3679  3680 1
    0  3680  3744 1
    0  3681  3680 1
    0  3682  3746 1
    0  3683  3747 1
    0  3684  3847 1
    0  3685  3621 1
    0  3686  3687 1
    0  3687  3686 1
    0  3688  3687 1
    0  3689  3995 1
    0  3690  3689 1
    0  3691  3690 1
    0  3692  3756 1
    0  3693  3694 1
    0  3694  2360 1
    0  3695  3759 1
    0  3696  3632 1
    0  3697  3633 1
    0  3698  3699 1
    0  3699  3700 1
    0  3700  3699 1
    0  3701  3637 1
    0  3702  3766 1
    0  3703  3702 1
    0  3704  3768 1
    0  3705  3769 1
    0  3706  3770 1
    0  3707  3706 1
    0  3708  3772 1
    0  3709  3645 1
    0  3710  3711 1
    0  3711  3647 1
    0  3712   290 1
    0  3713  3649 1
    0  3714  3713 1
    0  3715  1935 1
    0  3716   150 1
    0  3717  3778 1
    0  3718  3717 1
    0  3719  3783 1
    0  3720  1329 1
    0  3721  3720 1
    0  3722  3723 1
    0  3723  3724 1
    0  3724  3723 1
    0  3725  3724 1
    0  3726  3725 1
    0  3727  1828 1
    0  3728  3664 1
    0  3729  3793 1
    0  3730  3794 1
    0  3731  3730 1
    0  3732  3731 1
    0  3733  3797 1
    0  3734  3670 1
    0  3735  3671 1
    0  3736  3735 1
    0  3737  3801 1
    0  3738  3802 1
    0  3739  3740 1
    0  3740  3739 1
    0  3741  3740 1
    0  3742  3806 1
    0  3743  3807 1
    0  3744  3680 1
    0  3745  3681 1
    0  3746  3810 1
    0  3747  3811 1
    0  3748  3747 1
    0  3749  3748 1
    0  3750  3686 1
    0  3751  3750 1
    0  3752  3751 1
    0  3753  3817 1
    0  3754  3755 1
    0  3755  3691 1
    0  3756  3692 1
    0  3757  3758 1
    0  3758  3822 1
    0  3759  3695 1
    0  3760  3759 1
    0  3761  3760 1
    0  3762  3761 1
    0  3763  3827 1
    0  3764  3828 1
    0  3765  3701 1
    0  3766  3702 1
    0  3767  3703 1
    0  3768  3832 1
    0  3769  3705 1
    0  3770  3771 1
    0  3771  3772 1
    0  3772  3836 1
    0  3773  3837 1
    0  3774  3775 1
    0  3775  3774 1
    0  3776  3712 1
    0  3777  3776 1
    0  3778  3714 1
    0  3779  3780 1
    0  3780  1508 1
    0  3781  1315 1
    0  3782  3783 1
    0  3783  3782 1
    0  3784  3720 1
    0  3785  3849 1
    0  3786  3787 1
    0  3787  3851 1
    0  3788  1616 1
    0  3789  3725 1
    0  3790  3854 1
    0  3791  3792 1
    0  3792  3793 1
    0  3793  3794 1
    0  3794  3795 1
    0  3795  3796 1
    0  3796  3797 1
    0  3797  3796 1
    0  3798  3734 1
    0  3799  3800 1
    0  3800  3736 1
    0  3801  3802 1
    0  3802  3738 1
    0  3803  3739 1
    0  3804  3805 1
    0  3805  3806 1
    0  3806  3805 1
    0  3807  3871 1
    0  3808  2946 1
    0  3809  3745 1
    0  3810  3746 1
    0  3811  3180 1
    0  3812  3876 1
    0  3813  3812 1
    0  3814  3815 1
    0  3815  3879 1
    0  3816  3815 1
    0  3817  3881 1
    0  3818  3817 1
    0  3819  3883 1
    0  3820   552 1
    0  3821  3757 1
    0  3822  3821 1
    0  3823  3822 1
    0  3824  3888 1
    0  3825  3889 1
    0  3826  3827 1
    0  3827  3826 1
    0  3828  3892 1
    0  3829  3893 1
    0  3830  3894 1
    0  3831  3830 1
    0  3832  3833 1
    0  3833  3834 1
    0  3834  3770 1
    0  3835  3836 1
    0  3836  3900 1
    0  3837  3773 1
    0  3838  3839 1
    0  3839  3903 1
    0  3840   406 1
    0  3841  1317 1
    0  3842  3841 1
    0  3843  3196 1
    0  3844  3845 1
    0  3845  3846 1
    0  3846  3845 1
    0  3847  3848 1
    0  3848  3849 1
    0  3849  3848 1
    0  3850  3786 1
    0  3851  3850 1
    0  3852  3788 1
    0  3853  3852 1
    0  3854  3790 1
    0  3855  3841 1
    0  3856  3920 1
    0  3857  3793 1
    0  3858  3794 1
    0  3859  3858 1
    0  3860  3796 1
    0  3861  3797 1
    0  3862  2239 1
    0  3863  3862 1
    0  3864  3800 1
    0  3865  3929 1
    0  3866  3802 1
    0  3867  3868 1
    0  3868  3869 1
    0  3869  3868 1
    0  3870  3871 1
    0  3871  3935 1
    0  3872  3873 1
    0  3873  3937 1
    0  3874  3873 1
    0  3875  3939 1
    0  3876  3812 1
    0  3877  3941 1
    0  3878  3877 1
    0  3879  3943 1
    0  3880  3816 1
    0  3881  3817 1
    0  3882  3946 1
    0  3883  3882 1
    0  3884  3885 1
    0  3885  3949 1
    0  3886  3950 1
    0  3887  3888 1
    0  3888  3887 1
    0  3889  3890 1
    0  3890  3891 1
    0  3891  3890 1
    0  3892  3822 1
    0  3893  3957 1
    0  3894  3893 1
    0  3895  3959 1
    0  3896  3960 1
    0  3897  3961 1
    0  3898  3664 1
    0  3899  3900 1
    0  3900  3878 1
    0  3901  3965 1
    0  3902  3838 1
    0  3903  3967 1
    0  3904  3968 1
    0  3905  3904 1
    0  3906  3907 1
    0  3907  3971 1
    0  3908  3972 1
    0  3909  3908 1
    0  3910  3911 1
    0  3911  3847 1
    0  3912  3913 1
    0  3913  3977 1
    0  3914  3850 1
    0  3915  3916 1
    0  3916  3917 1
    0  3917  2269 1
    0  3918  3982 1
    0  3919  1173 1
    0  3920  3919 1
    0  3921  3857 1
    0  3922  3923 1
    0  3923  3924 1
    0  3924  3860 1
    0  3925  3989 1
    0  3926  3927 1
    0  3927  3928 1
    0  3928  3927 1
    0  3929  3928 1
    0  3930  3931 1
    0  3931   132 1
    0  3932  3931 1
    0  3933  3869 1
    0  3934  1344 1
    0  3935  3934 1
    0  3936  4000 1
    0  3937  3936 1
    0  3938  1572 1
    0  3939  3938 1
    0  3940  3941 1
    0  3941  3940 1
    0  3942   174 1
    0  3943  4007 1
    0  3944  4008 1
    0  3945  3881 1
    0  3946  3945 1
    0  3947  4011 1
    0  3948  3949 1
    0  3949  3885 1
    0  3950  3949 1
    0  3951  3950 1
    0  3952  3888 1
    0  3953  3952 1
    0  3954  4018 1
    0  3955  3891 1
    0  3956  4020 1
    0  3957  3893 1
    0  3958  3959 1
    0  3959  4023 1
    0  3960  3959 1
    0  3961  4025 1
    0  3962  3963 1
    0  3963  4027 1
    0  3964  4028 1
    0  3965  3901 1
    0  3966  4030 1
    0  3967  4031 1
    0  3968  4032 1
    0  3969  3970 1
    0  3970  3969 1
    0  3971  4035 1
    0  3972  1542 1
    0  3973  3972 1
    0  3974  3975 1
    0  3975  3976 1
    0  3976  3977 1
    0  3977  3978 1
    0  3978  3979 1
    0  3979  3978 1
    0  3980  4044 1
    0  3981  3917 1
    0  3982  4046 1
    0  3983  4047 1
    0  3984  3985 1
    0  3985  3986 1
    0  3986  3985 1
    0  3987  3988 1
    0  3988  4052 1
    0  3989  4053 1
    0  3990  4054 1
    0  3991  3990 1
    0  3992  3991 1
    0  3993  3992 1
    0  3994  3995 1
    0  3995  2961 1
    0  3996  3997 1
    0  3997  3998 1
    0  3998  3997 1
    0  3999  4063 1
    0  4000  4001 1
    0  4001  4000 1
    0  4002  4066 1
    0  4003  4002 1
    0  4004  4003 1
    0  4005  4006 1
    0  4006  4005 1
    0  4007  4006 1
    0  4008  4009 1
    0  4009  4008 1
    0  4010  4011 1
    0  4011  4012 1
    0  4012  1810 1
    0  4013  4077 1
    0  4014  4015 1
    0  4015  3951 1
    0  4016  3332 1
    0  4017  1666 1
    0  4018  3954 1
    0  4019  4083 1
    0  4020  4019 1
    0  4021  4022 1
    0  4022  3958 1
    0  4023  3959 1
    0  4024  4088 1
    0  4025  3961 1
    0  4026  4090 1
    0  4027  4028 1
    0  4028  4029 1
    0  4029  4028 1
    0  4030  4094 1
    0  4031  4030 1
    0  4032  4033 1
    0  4033  4032 1
    0  4034  3970 1
    0  4035  4034 1
    0  4036  4035 1
    0  4037  4038 1
    0  4038  3974 1
    0  4039  4038 1
    0  4040  4041 1
    0  4041  3977 1
    0  4042  3978 1
    0  4043  4042 1
    0  4044  3980 1
    0  4045  4044 1
    0  4046  3982 1
    0  4047  4048 1
    0  4048  4049 1
    0  4049  4050 1
    0  4050  3986 1
    0  4051  4052 1
    0  4052  3147 1
    0  4053  4054 1
    0  4054  4053 1
    0  4055  4056 1
    0  4056  3750 1
    0  4057  4056 1
    0  4058  4059 1
    0  4059  4058 1
    0  4060  4061 1
    0  4061  4060 1
    0  4062  4063 1
    0  4063  4062 1
    0  4064  4000 1
    0  4065  4064 1
    0  4066  4002 1
    0  4067  4068 1
    0  4068  4067 1
    0  4069  4070 1
    0  4070  4006 1
    0  4071  4072 1
    0  4072  4071 1
    0  4073  4074 1
    0  4074  4010 1
    0  4075  4076 1
    0  4076  4012 1
    0  4077  4078 1
    0  4078  4014 1
    0  4079  4080 1
    0  4080  4016 1
    0  4081  4080 1
    0  4082  4081 1
    0  4083  4082 1
    0  4084  4020 1
    0  4085  4021 1
    0  4086  3964 1
    0  4087  4086 1
    0  4088  4024 1
    0  4089  4088 1
    0  4090  4091 1
    0  4091  4092 1
    0  4092  4093 1
    0  4093  4092 1
    0  4094  4093 1
    0  4095  4094 1
