    0     0    52 1
    0     1     0 1
    0     2    62 1
    0     3     2 1
    0     4     5 1
    0     5     4 1
    0     6     7 1
    0     7    15 1
    0     8     0 1
    0     9     8 1
    0    10     9 1
    0    11    22 1
    0    12    20 1
    0    13    42 1
    0    14    21 1
    0    15    23 1
    0    16    17 1
    0    17     9 1
    0    18    17 1
    0    19    18 1
    0    20    59 1
    0    21    20 1
    0    22    14 1
    0    23    31 1
    0    24    25 1
    0    25    21 1
    0    26    18 1
    0    27    26 1
    0    28    27 1
    0    29    30 1
    0    30    38 1
    0    31    39 1
    0    32    33 1
    0    33    32 1
    0    34    33 1
    0    35    34 1
    0    36    35 1
    0    37    29 1
    0    38    39 1
    0    39    31 1
    0    40    41 1
    0    41    40 1
    0    42    50 1
    0    43    51 1
    0    44     7 1
    0    45    37 1
    0    46    38 1
    0    47    39 1
    0    48    40 1
    0    49    50 1
    0    50    58 1
    0    51    50 1
    0    52    51 1
    0    53    61 1
    0    54    62 1
    0    55    39 1
    0    56    58 1
    0    57     6 1
    0    58    50 1
    0    59    60 1
    0    60    61 1
    0    61    62 1
    0    62    54 1
    0    63    62 1
