1000
# Clk       1
# Dsts      1
# Data_Size 1
# Itvl_Flit 1000
# Itvl_Pkt  1000
# Npu       32
# Dimm      2
# Sgm       0
# Seed      1482677459
    0     0  1023 1
    0     1   512 1
    0     2   256 1
    0     3   768 1
    0     4   128 1
    0     5   640 1
    0     6   384 1
    0     7   896 1
    0     8    64 1
    0     9   576 1
    0    10   320 1
    0    11   832 1
    0    12   192 1
    0    13   704 1
    0    14   448 1
    0    15   960 1
    0    16    32 1
    0    17   544 1
    0    18   288 1
    0    19   800 1
    0    20   160 1
    0    21   672 1
    0    22   416 1
    0    23   928 1
    0    24    96 1
    0    25   608 1
    0    26   352 1
    0    27   864 1
    0    28   224 1
    0    29   736 1
    0    30   480 1
    0    31   992 1
    0    32    16 1
    0    33   528 1
    0    34   272 1
    0    35   784 1
    0    36   144 1
    0    37   656 1
    0    38   400 1
    0    39   912 1
    0    40    80 1
    0    41   592 1
    0    42   336 1
    0    43   848 1
    0    44   208 1
    0    45   720 1
    0    46   464 1
    0    47   976 1
    0    48   975 1
    0    49   560 1
    0    50   304 1
    0    51   816 1
    0    52   176 1
    0    53   688 1
    0    54   432 1
    0    55   944 1
    0    56   112 1
    0    57   624 1
    0    58   368 1
    0    59   880 1
    0    60   240 1
    0    61   752 1
    0    62   496 1
    0    63  1008 1
    0    64     8 1
    0    65   520 1
    0    66   264 1
    0    67   776 1
    0    68   136 1
    0    69   648 1
    0    70   392 1
    0    71   904 1
    0    72   951 1
    0    73   584 1
    0    74   328 1
    0    75   840 1
    0    76   200 1
    0    77   712 1
    0    78   456 1
    0    79   968 1
    0    80    40 1
    0    81   552 1
    0    82   296 1
    0    83   808 1
    0    84   168 1
    0    85   680 1
    0    86   424 1
    0    87   936 1
    0    88   104 1
    0    89   616 1
    0    90   360 1
    0    91   872 1
    0    92   232 1
    0    93   744 1
    0    94   488 1
    0    95  1000 1
    0    96    24 1
    0    97   536 1
    0    98   280 1
    0    99   792 1
    0   100   152 1
    0   101   664 1
    0   102   408 1
    0   103   920 1
    0   104    88 1
    0   105   600 1
    0   106   344 1
    0   107   856 1
    0   108   216 1
    0   109   728 1
    0   110   472 1
    0   111   984 1
    0   112    56 1
    0   113   568 1
    0   114   312 1
    0   115   824 1
    0   116   184 1
    0   117   696 1
    0   118   440 1
    0   119   952 1
    0   120   903 1
    0   121   632 1
    0   122   376 1
    0   123   888 1
    0   124   248 1
    0   125   760 1
    0   126   504 1
    0   127  1016 1
    0   128     4 1
    0   129   516 1
    0   130   260 1
    0   131   772 1
    0   132   891 1
    0   133   644 1
    0   134   388 1
    0   135   900 1
    0   136    68 1
    0   137   580 1
    0   138   324 1
    0   139   836 1
    0   140   196 1
    0   141   708 1
    0   142   452 1
    0   143   964 1
    0   144    36 1
    0   145   548 1
    0   146   292 1
    0   147   804 1
    0   148   164 1
    0   149   676 1
    0   150   420 1
    0   151   932 1
    0   152   100 1
    0   153   612 1
    0   154   356 1
    0   155   868 1
    0   156   228 1
    0   157   740 1
    0   158   484 1
    0   159   996 1
    0   160    20 1
    0   161   532 1
    0   162   276 1
    0   163   788 1
    0   164   148 1
    0   165   660 1
    0   166   404 1
    0   167   916 1
    0   168    84 1
    0   169   596 1
    0   170   340 1
    0   171   852 1
    0   172   212 1
    0   173   724 1
    0   174   468 1
    0   175   980 1
    0   176    52 1
    0   177   564 1
    0   178   308 1
    0   179   820 1
    0   180   843 1
    0   181   692 1
    0   182   436 1
    0   183   948 1
    0   184   116 1
    0   185   628 1
    0   186   372 1
    0   187   884 1
    0   188   244 1
    0   189   756 1
    0   190   500 1
    0   191  1012 1
    0   192    12 1
    0   193   524 1
    0   194   268 1
    0   195   780 1
    0   196   140 1
    0   197   652 1
    0   198   396 1
    0   199   908 1
    0   200    76 1
    0   201   588 1
    0   202   332 1
    0   203   844 1
    0   204   819 1
    0   205   716 1
    0   206   460 1
    0   207   972 1
    0   208    44 1
    0   209   556 1
    0   210   300 1
    0   211   812 1
    0   212   172 1
    0   213   684 1
    0   214   428 1
    0   215   940 1
    0   216   108 1
    0   217   620 1
    0   218   364 1
    0   219   876 1
    0   220   236 1
    0   221   748 1
    0   222   492 1
    0   223  1004 1
    0   224    28 1
    0   225   540 1
    0   226   284 1
    0   227   796 1
    0   228   156 1
    0   229   668 1
    0   230   412 1
    0   231   924 1
    0   232    92 1
    0   233   604 1
    0   234   348 1
    0   235   860 1
    0   236   220 1
    0   237   732 1
    0   238   476 1
    0   239   988 1
    0   240    60 1
    0   241   572 1
    0   242   316 1
    0   243   828 1
    0   244   188 1
    0   245   700 1
    0   246   444 1
    0   247   956 1
    0   248   124 1
    0   249   636 1
    0   250   380 1
    0   251   892 1
    0   252   771 1
    0   253   764 1
    0   254   508 1
    0   255  1020 1
    0   256     2 1
    0   257   514 1
    0   258   765 1
    0   259   770 1
    0   260   130 1
    0   261   642 1
    0   262   386 1
    0   263   898 1
    0   264    66 1
    0   265   578 1
    0   266   322 1
    0   267   834 1
    0   268   194 1
    0   269   706 1
    0   270   450 1
    0   271   962 1
    0   272    34 1
    0   273   546 1
    0   274   290 1
    0   275   802 1
    0   276   162 1
    0   277   674 1
    0   278   418 1
    0   279   930 1
    0   280    98 1
    0   281   610 1
    0   282   354 1
    0   283   866 1
    0   284   226 1
    0   285   738 1
    0   286   482 1
    0   287   994 1
    0   288    18 1
    0   289   530 1
    0   290   274 1
    0   291   786 1
    0   292   146 1
    0   293   658 1
    0   294   402 1
    0   295   914 1
    0   296    82 1
    0   297   594 1
    0   298   338 1
    0   299   850 1
    0   300   210 1
    0   301   722 1
    0   302   466 1
    0   303   978 1
    0   304    50 1
    0   305   562 1
    0   306   717 1
    0   307   818 1
    0   308   178 1
    0   309   690 1
    0   310   434 1
    0   311   946 1
    0   312   114 1
    0   313   626 1
    0   314   370 1
    0   315   882 1
    0   316   242 1
    0   317   754 1
    0   318   498 1
    0   319  1010 1
    0   320    10 1
    0   321   522 1
    0   322   266 1
    0   323   778 1
    0   324   138 1
    0   325   650 1
    0   326   394 1
    0   327   906 1
    0   328    74 1
    0   329   586 1
    0   330   693 1
    0   331   842 1
    0   332   202 1
    0   333   714 1
    0   334   458 1
    0   335   970 1
    0   336    42 1
    0   337   554 1
    0   338   298 1
    0   339   810 1
    0   340   170 1
    0   341   682 1
    0   342   426 1
    0   343   938 1
    0   344   106 1
    0   345   618 1
    0   346   362 1
    0   347   874 1
    0   348   234 1
    0   349   746 1
    0   350   490 1
    0   351  1002 1
    0   352    26 1
    0   353   538 1
    0   354   282 1
    0   355   794 1
    0   356   154 1
    0   357   666 1
    0   358   410 1
    0   359   922 1
    0   360    90 1
    0   361   602 1
    0   362   346 1
    0   363   858 1
    0   364   218 1
    0   365   730 1
    0   366   474 1
    0   367   986 1
    0   368    58 1
    0   369   570 1
    0   370   314 1
    0   371   826 1
    0   372   186 1
    0   373   698 1
    0   374   442 1
    0   375   954 1
    0   376   122 1
    0   377   634 1
    0   378   645 1
    0   379   890 1
    0   380   250 1
    0   381   762 1
    0   382   506 1
    0   383  1018 1
    0   384     6 1
    0   385   518 1
    0   386   262 1
    0   387   774 1
    0   388   134 1
    0   389   646 1
    0   390   633 1
    0   391   902 1
    0   392    70 1
    0   393   582 1
    0   394   326 1
    0   395   838 1
    0   396   198 1
    0   397   710 1
    0   398   454 1
    0   399   966 1
    0   400    38 1
    0   401   550 1
    0   402   294 1
    0   403   806 1
    0   404   166 1
    0   405   678 1
    0   406   422 1
    0   407   934 1
    0   408   102 1
    0   409   614 1
    0   410   358 1
    0   411   870 1
    0   412   230 1
    0   413   742 1
    0   414   486 1
    0   415   998 1
    0   416    22 1
    0   417   534 1
    0   418   278 1
    0   419   790 1
    0   420   150 1
    0   421   662 1
    0   422   406 1
    0   423   918 1
    0   424    86 1
    0   425   598 1
    0   426   342 1
    0   427   854 1
    0   428   214 1
    0   429   726 1
    0   430   470 1
    0   431   982 1
    0   432    54 1
    0   433   566 1
    0   434   310 1
    0   435   822 1
    0   436   182 1
    0   437   694 1
    0   438   585 1
    0   439   950 1
    0   440   118 1
    0   441   630 1
    0   442   374 1
    0   443   886 1
    0   444   246 1
    0   445   758 1
    0   446   502 1
    0   447  1014 1
    0   448    14 1
    0   449   526 1
    0   450   270 1
    0   451   782 1
    0   452   142 1
    0   453   654 1
    0   454   398 1
    0   455   910 1
    0   456    78 1
    0   457   590 1
    0   458   334 1
    0   459   846 1
    0   460   206 1
    0   461   718 1
    0   462   561 1
    0   463   974 1
    0   464    46 1
    0   465   558 1
    0   466   302 1
    0   467   814 1
    0   468   174 1
    0   469   686 1
    0   470   430 1
    0   471   942 1
    0   472   110 1
    0   473   622 1
    0   474   366 1
    0   475   878 1
    0   476   238 1
    0   477   750 1
    0   478   494 1
    0   479  1006 1
    0   480    30 1
    0   481   542 1
    0   482   286 1
    0   483   798 1
    0   484   158 1
    0   485   670 1
    0   486   414 1
    0   487   926 1
    0   488    94 1
    0   489   606 1
    0   490   350 1
    0   491   862 1
    0   492   222 1
    0   493   734 1
    0   494   478 1
    0   495   990 1
    0   496    62 1
    0   497   574 1
    0   498   318 1
    0   499   830 1
    0   500   190 1
    0   501   702 1
    0   502   446 1
    0   503   958 1
    0   504   126 1
    0   505   638 1
    0   506   382 1
    0   507   894 1
    0   508   254 1
    0   509   766 1
    0   510   513 1
    0   511  1022 1
    0   512     1 1
    0   513   510 1
    0   514   257 1
    0   515   769 1
    0   516   129 1
    0   517   641 1
    0   518   385 1
    0   519   897 1
    0   520    65 1
    0   521   577 1
    0   522   321 1
    0   523   833 1
    0   524   193 1
    0   525   705 1
    0   526   449 1
    0   527   961 1
    0   528    33 1
    0   529   545 1
    0   530   289 1
    0   531   801 1
    0   532   161 1
    0   533   673 1
    0   534   417 1
    0   535   929 1
    0   536    97 1
    0   537   609 1
    0   538   353 1
    0   539   865 1
    0   540   225 1
    0   541   737 1
    0   542   481 1
    0   543   993 1
    0   544    17 1
    0   545   529 1
    0   546   273 1
    0   547   785 1
    0   548   145 1
    0   549   657 1
    0   550   401 1
    0   551   913 1
    0   552    81 1
    0   553   593 1
    0   554   337 1
    0   555   849 1
    0   556   209 1
    0   557   721 1
    0   558   465 1
    0   559   977 1
    0   560    49 1
    0   561   462 1
    0   562   305 1
    0   563   817 1
    0   564   177 1
    0   565   689 1
    0   566   433 1
    0   567   945 1
    0   568   113 1
    0   569   625 1
    0   570   369 1
    0   571   881 1
    0   572   241 1
    0   573   753 1
    0   574   497 1
    0   575  1009 1
    0   576     9 1
    0   577   521 1
    0   578   265 1
    0   579   777 1
    0   580   137 1
    0   581   649 1
    0   582   393 1
    0   583   905 1
    0   584    73 1
    0   585   438 1
    0   586   329 1
    0   587   841 1
    0   588   201 1
    0   589   713 1
    0   590   457 1
    0   591   969 1
    0   592    41 1
    0   593   553 1
    0   594   297 1
    0   595   809 1
    0   596   169 1
    0   597   681 1
    0   598   425 1
    0   599   937 1
    0   600   105 1
    0   601   617 1
    0   602   361 1
    0   603   873 1
    0   604   233 1
    0   605   745 1
    0   606   489 1
    0   607  1001 1
    0   608    25 1
    0   609   537 1
    0   610   281 1
    0   611   793 1
    0   612   153 1
    0   613   665 1
    0   614   409 1
    0   615   921 1
    0   616    89 1
    0   617   601 1
    0   618   345 1
    0   619   857 1
    0   620   217 1
    0   621   729 1
    0   622   473 1
    0   623   985 1
    0   624    57 1
    0   625   569 1
    0   626   313 1
    0   627   825 1
    0   628   185 1
    0   629   697 1
    0   630   441 1
    0   631   953 1
    0   632   121 1
    0   633   390 1
    0   634   377 1
    0   635   889 1
    0   636   249 1
    0   637   761 1
    0   638   505 1
    0   639  1017 1
    0   640     5 1
    0   641   517 1
    0   642   261 1
    0   643   773 1
    0   644   133 1
    0   645   378 1
    0   646   389 1
    0   647   901 1
    0   648    69 1
    0   649   581 1
    0   650   325 1
    0   651   837 1
    0   652   197 1
    0   653   709 1
    0   654   453 1
    0   655   965 1
    0   656    37 1
    0   657   549 1
    0   658   293 1
    0   659   805 1
    0   660   165 1
    0   661   677 1
    0   662   421 1
    0   663   933 1
    0   664   101 1
    0   665   613 1
    0   666   357 1
    0   667   869 1
    0   668   229 1
    0   669   741 1
    0   670   485 1
    0   671   997 1
    0   672    21 1
    0   673   533 1
    0   674   277 1
    0   675   789 1
    0   676   149 1
    0   677   661 1
    0   678   405 1
    0   679   917 1
    0   680    85 1
    0   681   597 1
    0   682   341 1
    0   683   853 1
    0   684   213 1
    0   685   725 1
    0   686   469 1
    0   687   981 1
    0   688    53 1
    0   689   565 1
    0   690   309 1
    0   691   821 1
    0   692   181 1
    0   693   330 1
    0   694   437 1
    0   695   949 1
    0   696   117 1
    0   697   629 1
    0   698   373 1
    0   699   885 1
    0   700   245 1
    0   701   757 1
    0   702   501 1
    0   703  1013 1
    0   704    13 1
    0   705   525 1
    0   706   269 1
    0   707   781 1
    0   708   141 1
    0   709   653 1
    0   710   397 1
    0   711   909 1
    0   712    77 1
    0   713   589 1
    0   714   333 1
    0   715   845 1
    0   716   205 1
    0   717   306 1
    0   718   461 1
    0   719   973 1
    0   720    45 1
    0   721   557 1
    0   722   301 1
    0   723   813 1
    0   724   173 1
    0   725   685 1
    0   726   429 1
    0   727   941 1
    0   728   109 1
    0   729   621 1
    0   730   365 1
    0   731   877 1
    0   732   237 1
    0   733   749 1
    0   734   493 1
    0   735  1005 1
    0   736    29 1
    0   737   541 1
    0   738   285 1
    0   739   797 1
    0   740   157 1
    0   741   669 1
    0   742   413 1
    0   743   925 1
    0   744    93 1
    0   745   605 1
    0   746   349 1
    0   747   861 1
    0   748   221 1
    0   749   733 1
    0   750   477 1
    0   751   989 1
    0   752    61 1
    0   753   573 1
    0   754   317 1
    0   755   829 1
    0   756   189 1
    0   757   701 1
    0   758   445 1
    0   759   957 1
    0   760   125 1
    0   761   637 1
    0   762   381 1
    0   763   893 1
    0   764   253 1
    0   765   258 1
    0   766   509 1
    0   767  1021 1
    0   768     3 1
    0   769   515 1
    0   770   259 1
    0   771   252 1
    0   772   131 1
    0   773   643 1
    0   774   387 1
    0   775   899 1
    0   776    67 1
    0   777   579 1
    0   778   323 1
    0   779   835 1
    0   780   195 1
    0   781   707 1
    0   782   451 1
    0   783   963 1
    0   784    35 1
    0   785   547 1
    0   786   291 1
    0   787   803 1
    0   788   163 1
    0   789   675 1
    0   790   419 1
    0   791   931 1
    0   792    99 1
    0   793   611 1
    0   794   355 1
    0   795   867 1
    0   796   227 1
    0   797   739 1
    0   798   483 1
    0   799   995 1
    0   800    19 1
    0   801   531 1
    0   802   275 1
    0   803   787 1
    0   804   147 1
    0   805   659 1
    0   806   403 1
    0   807   915 1
    0   808    83 1
    0   809   595 1
    0   810   339 1
    0   811   851 1
    0   812   211 1
    0   813   723 1
    0   814   467 1
    0   815   979 1
    0   816    51 1
    0   817   563 1
    0   818   307 1
    0   819   204 1
    0   820   179 1
    0   821   691 1
    0   822   435 1
    0   823   947 1
    0   824   115 1
    0   825   627 1
    0   826   371 1
    0   827   883 1
    0   828   243 1
    0   829   755 1
    0   830   499 1
    0   831  1011 1
    0   832    11 1
    0   833   523 1
    0   834   267 1
    0   835   779 1
    0   836   139 1
    0   837   651 1
    0   838   395 1
    0   839   907 1
    0   840    75 1
    0   841   587 1
    0   842   331 1
    0   843   180 1
    0   844   203 1
    0   845   715 1
    0   846   459 1
    0   847   971 1
    0   848    43 1
    0   849   555 1
    0   850   299 1
    0   851   811 1
    0   852   171 1
    0   853   683 1
    0   854   427 1
    0   855   939 1
    0   856   107 1
    0   857   619 1
    0   858   363 1
    0   859   875 1
    0   860   235 1
    0   861   747 1
    0   862   491 1
    0   863  1003 1
    0   864    27 1
    0   865   539 1
    0   866   283 1
    0   867   795 1
    0   868   155 1
    0   869   667 1
    0   870   411 1
    0   871   923 1
    0   872    91 1
    0   873   603 1
    0   874   347 1
    0   875   859 1
    0   876   219 1
    0   877   731 1
    0   878   475 1
    0   879   987 1
    0   880    59 1
    0   881   571 1
    0   882   315 1
    0   883   827 1
    0   884   187 1
    0   885   699 1
    0   886   443 1
    0   887   955 1
    0   888   123 1
    0   889   635 1
    0   890   379 1
    0   891   132 1
    0   892   251 1
    0   893   763 1
    0   894   507 1
    0   895  1019 1
    0   896     7 1
    0   897   519 1
    0   898   263 1
    0   899   775 1
    0   900   135 1
    0   901   647 1
    0   902   391 1
    0   903   120 1
    0   904    71 1
    0   905   583 1
    0   906   327 1
    0   907   839 1
    0   908   199 1
    0   909   711 1
    0   910   455 1
    0   911   967 1
    0   912    39 1
    0   913   551 1
    0   914   295 1
    0   915   807 1
    0   916   167 1
    0   917   679 1
    0   918   423 1
    0   919   935 1
    0   920   103 1
    0   921   615 1
    0   922   359 1
    0   923   871 1
    0   924   231 1
    0   925   743 1
    0   926   487 1
    0   927   999 1
    0   928    23 1
    0   929   535 1
    0   930   279 1
    0   931   791 1
    0   932   151 1
    0   933   663 1
    0   934   407 1
    0   935   919 1
    0   936    87 1
    0   937   599 1
    0   938   343 1
    0   939   855 1
    0   940   215 1
    0   941   727 1
    0   942   471 1
    0   943   983 1
    0   944    55 1
    0   945   567 1
    0   946   311 1
    0   947   823 1
    0   948   183 1
    0   949   695 1
    0   950   439 1
    0   951    72 1
    0   952   119 1
    0   953   631 1
    0   954   375 1
    0   955   887 1
    0   956   247 1
    0   957   759 1
    0   958   503 1
    0   959  1015 1
    0   960    15 1
    0   961   527 1
    0   962   271 1
    0   963   783 1
    0   964   143 1
    0   965   655 1
    0   966   399 1
    0   967   911 1
    0   968    79 1
    0   969   591 1
    0   970   335 1
    0   971   847 1
    0   972   207 1
    0   973   719 1
    0   974   463 1
    0   975    48 1
    0   976    47 1
    0   977   559 1
    0   978   303 1
    0   979   815 1
    0   980   175 1
    0   981   687 1
    0   982   431 1
    0   983   943 1
    0   984   111 1
    0   985   623 1
    0   986   367 1
    0   987   879 1
    0   988   239 1
    0   989   751 1
    0   990   495 1
    0   991  1007 1
    0   992    31 1
    0   993   543 1
    0   994   287 1
    0   995   799 1
    0   996   159 1
    0   997   671 1
    0   998   415 1
    0   999   927 1
    0  1000    95 1
    0  1001   607 1
    0  1002   351 1
    0  1003   863 1
    0  1004   223 1
    0  1005   735 1
    0  1006   479 1
    0  1007   991 1
    0  1008    63 1
    0  1009   575 1
    0  1010   319 1
    0  1011   831 1
    0  1012   191 1
    0  1013   703 1
    0  1014   447 1
    0  1015   959 1
    0  1016   127 1
    0  1017   639 1
    0  1018   383 1
    0  1019   895 1
    0  1020   255 1
    0  1021   767 1
    0  1022   511 1
    0  1023     0 1
