    0     0   255 1
    0     1   128 1
    0     2    64 1
    0     3   192 1
    0     4    32 1
    0     5   160 1
    0     6    96 1
    0     7   224 1
    0     8    16 1
    0     9   144 1
    0    10    80 1
    0    11   208 1
    0    12    48 1
    0    13   176 1
    0    14   112 1
    0    15   240 1
    0    16     8 1
    0    17   136 1
    0    18    72 1
    0    19   200 1
    0    20    40 1
    0    21   168 1
    0    22   104 1
    0    23   232 1
    0    24   231 1
    0    25   152 1
    0    26    88 1
    0    27   216 1
    0    28    56 1
    0    29   184 1
    0    30   120 1
    0    31   248 1
    0    32     4 1
    0    33   132 1
    0    34    68 1
    0    35   196 1
    0    36   219 1
    0    37   164 1
    0    38   100 1
    0    39   228 1
    0    40    20 1
    0    41   148 1
    0    42    84 1
    0    43   212 1
    0    44    52 1
    0    45   180 1
    0    46   116 1
    0    47   244 1
    0    48    12 1
    0    49   140 1
    0    50    76 1
    0    51   204 1
    0    52    44 1
    0    53   172 1
    0    54   108 1
    0    55   236 1
    0    56    28 1
    0    57   156 1
    0    58    92 1
    0    59   220 1
    0    60   195 1
    0    61   188 1
    0    62   124 1
    0    63   252 1
    0    64     2 1
    0    65   130 1
    0    66   189 1
    0    67   194 1
    0    68    34 1
    0    69   162 1
    0    70    98 1
    0    71   226 1
    0    72    18 1
    0    73   146 1
    0    74    82 1
    0    75   210 1
    0    76    50 1
    0    77   178 1
    0    78   114 1
    0    79   242 1
    0    80    10 1
    0    81   138 1
    0    82    74 1
    0    83   202 1
    0    84    42 1
    0    85   170 1
    0    86   106 1
    0    87   234 1
    0    88    26 1
    0    89   154 1
    0    90   165 1
    0    91   218 1
    0    92    58 1
    0    93   186 1
    0    94   122 1
    0    95   250 1
    0    96     6 1
    0    97   134 1
    0    98    70 1
    0    99   198 1
    0   100    38 1
    0   101   166 1
    0   102   153 1
    0   103   230 1
    0   104    22 1
    0   105   150 1
    0   106    86 1
    0   107   214 1
    0   108    54 1
    0   109   182 1
    0   110   118 1
    0   111   246 1
    0   112    14 1
    0   113   142 1
    0   114    78 1
    0   115   206 1
    0   116    46 1
    0   117   174 1
    0   118   110 1
    0   119   238 1
    0   120    30 1
    0   121   158 1
    0   122    94 1
    0   123   222 1
    0   124    62 1
    0   125   190 1
    0   126   129 1
    0   127   254 1
    0   128     1 1
    0   129   126 1
    0   130    65 1
    0   131   193 1
    0   132    33 1
    0   133   161 1
    0   134    97 1
    0   135   225 1
    0   136    17 1
    0   137   145 1
    0   138    81 1
    0   139   209 1
    0   140    49 1
    0   141   177 1
    0   142   113 1
    0   143   241 1
    0   144     9 1
    0   145   137 1
    0   146    73 1
    0   147   201 1
    0   148    41 1
    0   149   169 1
    0   150   105 1
    0   151   233 1
    0   152    25 1
    0   153   102 1
    0   154    89 1
    0   155   217 1
    0   156    57 1
    0   157   185 1
    0   158   121 1
    0   159   249 1
    0   160     5 1
    0   161   133 1
    0   162    69 1
    0   163   197 1
    0   164    37 1
    0   165    90 1
    0   166   101 1
    0   167   229 1
    0   168    21 1
    0   169   149 1
    0   170    85 1
    0   171   213 1
    0   172    53 1
    0   173   181 1
    0   174   117 1
    0   175   245 1
    0   176    13 1
    0   177   141 1
    0   178    77 1
    0   179   205 1
    0   180    45 1
    0   181   173 1
    0   182   109 1
    0   183   237 1
    0   184    29 1
    0   185   157 1
    0   186    93 1
    0   187   221 1
    0   188    61 1
    0   189    66 1
    0   190   125 1
    0   191   253 1
    0   192     3 1
    0   193   131 1
    0   194    67 1
    0   195    60 1
    0   196    35 1
    0   197   163 1
    0   198    99 1
    0   199   227 1
    0   200    19 1
    0   201   147 1
    0   202    83 1
    0   203   211 1
    0   204    51 1
    0   205   179 1
    0   206   115 1
    0   207   243 1
    0   208    11 1
    0   209   139 1
    0   210    75 1
    0   211   203 1
    0   212    43 1
    0   213   171 1
    0   214   107 1
    0   215   235 1
    0   216    27 1
    0   217   155 1
    0   218    91 1
    0   219    36 1
    0   220    59 1
    0   221   187 1
    0   222   123 1
    0   223   251 1
    0   224     7 1
    0   225   135 1
    0   226    71 1
    0   227   199 1
    0   228    39 1
    0   229   167 1
    0   230   103 1
    0   231    24 1
    0   232    23 1
    0   233   151 1
    0   234    87 1
    0   235   215 1
    0   236    55 1
    0   237   183 1
    0   238   119 1
    0   239   247 1
    0   240    15 1
    0   241   143 1
    0   242    79 1
    0   243   207 1
    0   244    47 1
    0   245   175 1
    0   246   111 1
    0   247   239 1
    0   248    31 1
    0   249   159 1
    0   250    95 1
    0   251   223 1
    0   252    63 1
    0   253   191 1
    0   254   127 1
    0   255     0 1
