1000
# Clk       1
# Dsts      1
# Data_Size 1
# Itvl_Flit 1000
# Itvl_Pkt  1000
# Npu       64
# Dimm      2
# Sgm       0
# Seed      1483942978
    0     0  4095 1
    0     1  2048 1
    0     2  1024 1
    0     3  3072 1
    0     4   512 1
    0     5  2560 1
    0     6  1536 1
    0     7  3584 1
    0     8   256 1
    0     9  2304 1
    0    10  1280 1
    0    11  3328 1
    0    12   768 1
    0    13  2816 1
    0    14  1792 1
    0    15  3840 1
    0    16   128 1
    0    17  2176 1
    0    18  1152 1
    0    19  3200 1
    0    20   640 1
    0    21  2688 1
    0    22  1664 1
    0    23  3712 1
    0    24   384 1
    0    25  2432 1
    0    26  1408 1
    0    27  3456 1
    0    28   896 1
    0    29  2944 1
    0    30  1920 1
    0    31  3968 1
    0    32    64 1
    0    33  2112 1
    0    34  1088 1
    0    35  3136 1
    0    36   576 1
    0    37  2624 1
    0    38  1600 1
    0    39  3648 1
    0    40   320 1
    0    41  2368 1
    0    42  1344 1
    0    43  3392 1
    0    44   832 1
    0    45  2880 1
    0    46  1856 1
    0    47  3904 1
    0    48   192 1
    0    49  2240 1
    0    50  1216 1
    0    51  3264 1
    0    52   704 1
    0    53  2752 1
    0    54  1728 1
    0    55  3776 1
    0    56   448 1
    0    57  2496 1
    0    58  1472 1
    0    59  3520 1
    0    60   960 1
    0    61  3008 1
    0    62  1984 1
    0    63  4032 1
    0    64    32 1
    0    65  2080 1
    0    66  1056 1
    0    67  3104 1
    0    68   544 1
    0    69  2592 1
    0    70  1568 1
    0    71  3616 1
    0    72   288 1
    0    73  2336 1
    0    74  1312 1
    0    75  3360 1
    0    76   800 1
    0    77  2848 1
    0    78  1824 1
    0    79  3872 1
    0    80   160 1
    0    81  2208 1
    0    82  1184 1
    0    83  3232 1
    0    84   672 1
    0    85  2720 1
    0    86  1696 1
    0    87  3744 1
    0    88   416 1
    0    89  2464 1
    0    90  1440 1
    0    91  3488 1
    0    92   928 1
    0    93  2976 1
    0    94  1952 1
    0    95  4000 1
    0    96  3999 1
    0    97  2144 1
    0    98  1120 1
    0    99  3168 1
    0   100   608 1
    0   101  2656 1
    0   102  1632 1
    0   103  3680 1
    0   104   352 1
    0   105  2400 1
    0   106  1376 1
    0   107  3424 1
    0   108   864 1
    0   109  2912 1
    0   110  1888 1
    0   111  3936 1
    0   112   224 1
    0   113  2272 1
    0   114  1248 1
    0   115  3296 1
    0   116   736 1
    0   117  2784 1
    0   118  1760 1
    0   119  3808 1
    0   120   480 1
    0   121  2528 1
    0   122  1504 1
    0   123  3552 1
    0   124   992 1
    0   125  3040 1
    0   126  2016 1
    0   127  4064 1
    0   128    16 1
    0   129  2064 1
    0   130  1040 1
    0   131  3088 1
    0   132   528 1
    0   133  2576 1
    0   134  1552 1
    0   135  3600 1
    0   136   272 1
    0   137  2320 1
    0   138  1296 1
    0   139  3344 1
    0   140   784 1
    0   141  2832 1
    0   142  1808 1
    0   143  3856 1
    0   144  3951 1
    0   145  2192 1
    0   146  1168 1
    0   147  3216 1
    0   148   656 1
    0   149  2704 1
    0   150  1680 1
    0   151  3728 1
    0   152   400 1
    0   153  2448 1
    0   154  1424 1
    0   155  3472 1
    0   156   912 1
    0   157  2960 1
    0   158  1936 1
    0   159  3984 1
    0   160    80 1
    0   161  2128 1
    0   162  1104 1
    0   163  3152 1
    0   164   592 1
    0   165  2640 1
    0   166  1616 1
    0   167  3664 1
    0   168   336 1
    0   169  2384 1
    0   170  1360 1
    0   171  3408 1
    0   172   848 1
    0   173  2896 1
    0   174  1872 1
    0   175  3920 1
    0   176   208 1
    0   177  2256 1
    0   178  1232 1
    0   179  3280 1
    0   180   720 1
    0   181  2768 1
    0   182  1744 1
    0   183  3792 1
    0   184   464 1
    0   185  2512 1
    0   186  1488 1
    0   187  3536 1
    0   188   976 1
    0   189  3024 1
    0   190  2000 1
    0   191  4048 1
    0   192    48 1
    0   193  2096 1
    0   194  1072 1
    0   195  3120 1
    0   196   560 1
    0   197  2608 1
    0   198  1584 1
    0   199  3632 1
    0   200   304 1
    0   201  2352 1
    0   202  1328 1
    0   203  3376 1
    0   204   816 1
    0   205  2864 1
    0   206  1840 1
    0   207  3888 1
    0   208   176 1
    0   209  2224 1
    0   210  1200 1
    0   211  3248 1
    0   212   688 1
    0   213  2736 1
    0   214  1712 1
    0   215  3760 1
    0   216   432 1
    0   217  2480 1
    0   218  1456 1
    0   219  3504 1
    0   220   944 1
    0   221  2992 1
    0   222  1968 1
    0   223  4016 1
    0   224   112 1
    0   225  2160 1
    0   226  1136 1
    0   227  3184 1
    0   228   624 1
    0   229  2672 1
    0   230  1648 1
    0   231  3696 1
    0   232   368 1
    0   233  2416 1
    0   234  1392 1
    0   235  3440 1
    0   236   880 1
    0   237  2928 1
    0   238  1904 1
    0   239  3952 1
    0   240  3855 1
    0   241  2288 1
    0   242  1264 1
    0   243  3312 1
    0   244   752 1
    0   245  2800 1
    0   246  1776 1
    0   247  3824 1
    0   248   496 1
    0   249  2544 1
    0   250  1520 1
    0   251  3568 1
    0   252  1008 1
    0   253  3056 1
    0   254  2032 1
    0   255  4080 1
    0   256     8 1
    0   257  2056 1
    0   258  1032 1
    0   259  3080 1
    0   260   520 1
    0   261  2568 1
    0   262  1544 1
    0   263  3592 1
    0   264  3831 1
    0   265  2312 1
    0   266  1288 1
    0   267  3336 1
    0   268   776 1
    0   269  2824 1
    0   270  1800 1
    0   271  3848 1
    0   272   136 1
    0   273  2184 1
    0   274  1160 1
    0   275  3208 1
    0   276   648 1
    0   277  2696 1
    0   278  1672 1
    0   279  3720 1
    0   280   392 1
    0   281  2440 1
    0   282  1416 1
    0   283  3464 1
    0   284   904 1
    0   285  2952 1
    0   286  1928 1
    0   287  3976 1
    0   288    72 1
    0   289  2120 1
    0   290  1096 1
    0   291  3144 1
    0   292   584 1
    0   293  2632 1
    0   294  1608 1
    0   295  3656 1
    0   296   328 1
    0   297  2376 1
    0   298  1352 1
    0   299  3400 1
    0   300   840 1
    0   301  2888 1
    0   302  1864 1
    0   303  3912 1
    0   304   200 1
    0   305  2248 1
    0   306  1224 1
    0   307  3272 1
    0   308   712 1
    0   309  2760 1
    0   310  1736 1
    0   311  3784 1
    0   312   456 1
    0   313  2504 1
    0   314  1480 1
    0   315  3528 1
    0   316   968 1
    0   317  3016 1
    0   318  1992 1
    0   319  4040 1
    0   320    40 1
    0   321  2088 1
    0   322  1064 1
    0   323  3112 1
    0   324   552 1
    0   325  2600 1
    0   326  1576 1
    0   327  3624 1
    0   328   296 1
    0   329  2344 1
    0   330  1320 1
    0   331  3368 1
    0   332   808 1
    0   333  2856 1
    0   334  1832 1
    0   335  3880 1
    0   336   168 1
    0   337  2216 1
    0   338  1192 1
    0   339  3240 1
    0   340   680 1
    0   341  2728 1
    0   342  1704 1
    0   343  3752 1
    0   344   424 1
    0   345  2472 1
    0   346  1448 1
    0   347  3496 1
    0   348   936 1
    0   349  2984 1
    0   350  1960 1
    0   351  4008 1
    0   352   104 1
    0   353  2152 1
    0   354  1128 1
    0   355  3176 1
    0   356   616 1
    0   357  2664 1
    0   358  1640 1
    0   359  3688 1
    0   360  3735 1
    0   361  2408 1
    0   362  1384 1
    0   363  3432 1
    0   364   872 1
    0   365  2920 1
    0   366  1896 1
    0   367  3944 1
    0   368   232 1
    0   369  2280 1
    0   370  1256 1
    0   371  3304 1
    0   372   744 1
    0   373  2792 1
    0   374  1768 1
    0   375  3816 1
    0   376   488 1
    0   377  2536 1
    0   378  1512 1
    0   379  3560 1
    0   380  1000 1
    0   381  3048 1
    0   382  2024 1
    0   383  4072 1
    0   384    24 1
    0   385  2072 1
    0   386  1048 1
    0   387  3096 1
    0   388   536 1
    0   389  2584 1
    0   390  1560 1
    0   391  3608 1
    0   392   280 1
    0   393  2328 1
    0   394  1304 1
    0   395  3352 1
    0   396   792 1
    0   397  2840 1
    0   398  1816 1
    0   399  3864 1
    0   400   152 1
    0   401  2200 1
    0   402  1176 1
    0   403  3224 1
    0   404   664 1
    0   405  2712 1
    0   406  1688 1
    0   407  3736 1
    0   408  3687 1
    0   409  2456 1
    0   410  1432 1
    0   411  3480 1
    0   412   920 1
    0   413  2968 1
    0   414  1944 1
    0   415  3992 1
    0   416    88 1
    0   417  2136 1
    0   418  1112 1
    0   419  3160 1
    0   420   600 1
    0   421  2648 1
    0   422  1624 1
    0   423  3672 1
    0   424   344 1
    0   425  2392 1
    0   426  1368 1
    0   427  3416 1
    0   428   856 1
    0   429  2904 1
    0   430  1880 1
    0   431  3928 1
    0   432   216 1
    0   433  2264 1
    0   434  1240 1
    0   435  3288 1
    0   436   728 1
    0   437  2776 1
    0   438  1752 1
    0   439  3800 1
    0   440   472 1
    0   441  2520 1
    0   442  1496 1
    0   443  3544 1
    0   444   984 1
    0   445  3032 1
    0   446  2008 1
    0   447  4056 1
    0   448    56 1
    0   449  2104 1
    0   450  1080 1
    0   451  3128 1
    0   452   568 1
    0   453  2616 1
    0   454  1592 1
    0   455  3640 1
    0   456   312 1
    0   457  2360 1
    0   458  1336 1
    0   459  3384 1
    0   460   824 1
    0   461  2872 1
    0   462  1848 1
    0   463  3896 1
    0   464   184 1
    0   465  2232 1
    0   466  1208 1
    0   467  3256 1
    0   468   696 1
    0   469  2744 1
    0   470  1720 1
    0   471  3768 1
    0   472   440 1
    0   473  2488 1
    0   474  1464 1
    0   475  3512 1
    0   476   952 1
    0   477  3000 1
    0   478  1976 1
    0   479  4024 1
    0   480   120 1
    0   481  2168 1
    0   482  1144 1
    0   483  3192 1
    0   484   632 1
    0   485  2680 1
    0   486  1656 1
    0   487  3704 1
    0   488   376 1
    0   489  2424 1
    0   490  1400 1
    0   491  3448 1
    0   492   888 1
    0   493  2936 1
    0   494  1912 1
    0   495  3960 1
    0   496   248 1
    0   497  2296 1
    0   498  1272 1
    0   499  3320 1
    0   500   760 1
    0   501  2808 1
    0   502  1784 1
    0   503  3832 1
    0   504  3591 1
    0   505  2552 1
    0   506  1528 1
    0   507  3576 1
    0   508  1016 1
    0   509  3064 1
    0   510  2040 1
    0   511  4088 1
    0   512     4 1
    0   513  2052 1
    0   514  1028 1
    0   515  3076 1
    0   516  3579 1
    0   517  2564 1
    0   518  1540 1
    0   519  3588 1
    0   520   260 1
    0   521  2308 1
    0   522  1284 1
    0   523  3332 1
    0   524   772 1
    0   525  2820 1
    0   526  1796 1
    0   527  3844 1
    0   528   132 1
    0   529  2180 1
    0   530  1156 1
    0   531  3204 1
    0   532   644 1
    0   533  2692 1
    0   534  1668 1
    0   535  3716 1
    0   536   388 1
    0   537  2436 1
    0   538  1412 1
    0   539  3460 1
    0   540   900 1
    0   541  2948 1
    0   542  1924 1
    0   543  3972 1
    0   544    68 1
    0   545  2116 1
    0   546  1092 1
    0   547  3140 1
    0   548   580 1
    0   549  2628 1
    0   550  1604 1
    0   551  3652 1
    0   552   324 1
    0   553  2372 1
    0   554  1348 1
    0   555  3396 1
    0   556   836 1
    0   557  2884 1
    0   558  1860 1
    0   559  3908 1
    0   560   196 1
    0   561  2244 1
    0   562  1220 1
    0   563  3268 1
    0   564   708 1
    0   565  2756 1
    0   566  1732 1
    0   567  3780 1
    0   568   452 1
    0   569  2500 1
    0   570  1476 1
    0   571  3524 1
    0   572   964 1
    0   573  3012 1
    0   574  1988 1
    0   575  4036 1
    0   576    36 1
    0   577  2084 1
    0   578  1060 1
    0   579  3108 1
    0   580   548 1
    0   581  2596 1
    0   582  1572 1
    0   583  3620 1
    0   584   292 1
    0   585  2340 1
    0   586  1316 1
    0   587  3364 1
    0   588   804 1
    0   589  2852 1
    0   590  1828 1
    0   591  3876 1
    0   592   164 1
    0   593  2212 1
    0   594  1188 1
    0   595  3236 1
    0   596   676 1
    0   597  2724 1
    0   598  1700 1
    0   599  3748 1
    0   600   420 1
    0   601  2468 1
    0   602  1444 1
    0   603  3492 1
    0   604   932 1
    0   605  2980 1
    0   606  1956 1
    0   607  4004 1
    0   608   100 1
    0   609  2148 1
    0   610  1124 1
    0   611  3172 1
    0   612  3483 1
    0   613  2660 1
    0   614  1636 1
    0   615  3684 1
    0   616   356 1
    0   617  2404 1
    0   618  1380 1
    0   619  3428 1
    0   620   868 1
    0   621  2916 1
    0   622  1892 1
    0   623  3940 1
    0   624   228 1
    0   625  2276 1
    0   626  1252 1
    0   627  3300 1
    0   628   740 1
    0   629  2788 1
    0   630  1764 1
    0   631  3812 1
    0   632   484 1
    0   633  2532 1
    0   634  1508 1
    0   635  3556 1
    0   636   996 1
    0   637  3044 1
    0   638  2020 1
    0   639  4068 1
    0   640    20 1
    0   641  2068 1
    0   642  1044 1
    0   643  3092 1
    0   644   532 1
    0   645  2580 1
    0   646  1556 1
    0   647  3604 1
    0   648   276 1
    0   649  2324 1
    0   650  1300 1
    0   651  3348 1
    0   652   788 1
    0   653  2836 1
    0   654  1812 1
    0   655  3860 1
    0   656   148 1
    0   657  2196 1
    0   658  1172 1
    0   659  3220 1
    0   660  3435 1
    0   661  2708 1
    0   662  1684 1
    0   663  3732 1
    0   664   404 1
    0   665  2452 1
    0   666  1428 1
    0   667  3476 1
    0   668   916 1
    0   669  2964 1
    0   670  1940 1
    0   671  3988 1
    0   672    84 1
    0   673  2132 1
    0   674  1108 1
    0   675  3156 1
    0   676   596 1
    0   677  2644 1
    0   678  1620 1
    0   679  3668 1
    0   680   340 1
    0   681  2388 1
    0   682  1364 1
    0   683  3412 1
    0   684   852 1
    0   685  2900 1
    0   686  1876 1
    0   687  3924 1
    0   688   212 1
    0   689  2260 1
    0   690  1236 1
    0   691  3284 1
    0   692   724 1
    0   693  2772 1
    0   694  1748 1
    0   695  3796 1
    0   696   468 1
    0   697  2516 1
    0   698  1492 1
    0   699  3540 1
    0   700   980 1
    0   701  3028 1
    0   702  2004 1
    0   703  4052 1
    0   704    52 1
    0   705  2100 1
    0   706  1076 1
    0   707  3124 1
    0   708   564 1
    0   709  2612 1
    0   710  1588 1
    0   711  3636 1
    0   712   308 1
    0   713  2356 1
    0   714  1332 1
    0   715  3380 1
    0   716   820 1
    0   717  2868 1
    0   718  1844 1
    0   719  3892 1
    0   720   180 1
    0   721  2228 1
    0   722  1204 1
    0   723  3252 1
    0   724   692 1
    0   725  2740 1
    0   726  1716 1
    0   727  3764 1
    0   728   436 1
    0   729  2484 1
    0   730  1460 1
    0   731  3508 1
    0   732   948 1
    0   733  2996 1
    0   734  1972 1
    0   735  4020 1
    0   736   116 1
    0   737  2164 1
    0   738  1140 1
    0   739  3188 1
    0   740   628 1
    0   741  2676 1
    0   742  1652 1
    0   743  3700 1
    0   744   372 1
    0   745  2420 1
    0   746  1396 1
    0   747  3444 1
    0   748   884 1
    0   749  2932 1
    0   750  1908 1
    0   751  3956 1
    0   752   244 1
    0   753  2292 1
    0   754  1268 1
    0   755  3316 1
    0   756  3339 1
    0   757  2804 1
    0   758  1780 1
    0   759  3828 1
    0   760   500 1
    0   761  2548 1
    0   762  1524 1
    0   763  3572 1
    0   764  1012 1
    0   765  3060 1
    0   766  2036 1
    0   767  4084 1
    0   768    12 1
    0   769  2060 1
    0   770  1036 1
    0   771  3084 1
    0   772   524 1
    0   773  2572 1
    0   774  1548 1
    0   775  3596 1
    0   776   268 1
    0   777  2316 1
    0   778  1292 1
    0   779  3340 1
    0   780  3315 1
    0   781  2828 1
    0   782  1804 1
    0   783  3852 1
    0   784   140 1
    0   785  2188 1
    0   786  1164 1
    0   787  3212 1
    0   788   652 1
    0   789  2700 1
    0   790  1676 1
    0   791  3724 1
    0   792   396 1
    0   793  2444 1
    0   794  1420 1
    0   795  3468 1
    0   796   908 1
    0   797  2956 1
    0   798  1932 1
    0   799  3980 1
    0   800    76 1
    0   801  2124 1
    0   802  1100 1
    0   803  3148 1
    0   804   588 1
    0   805  2636 1
    0   806  1612 1
    0   807  3660 1
    0   808   332 1
    0   809  2380 1
    0   810  1356 1
    0   811  3404 1
    0   812   844 1
    0   813  2892 1
    0   814  1868 1
    0   815  3916 1
    0   816   204 1
    0   817  2252 1
    0   818  1228 1
    0   819  3276 1
    0   820   716 1
    0   821  2764 1
    0   822  1740 1
    0   823  3788 1
    0   824   460 1
    0   825  2508 1
    0   826  1484 1
    0   827  3532 1
    0   828   972 1
    0   829  3020 1
    0   830  1996 1
    0   831  4044 1
    0   832    44 1
    0   833  2092 1
    0   834  1068 1
    0   835  3116 1
    0   836   556 1
    0   837  2604 1
    0   838  1580 1
    0   839  3628 1
    0   840   300 1
    0   841  2348 1
    0   842  1324 1
    0   843  3372 1
    0   844   812 1
    0   845  2860 1
    0   846  1836 1
    0   847  3884 1
    0   848   172 1
    0   849  2220 1
    0   850  1196 1
    0   851  3244 1
    0   852   684 1
    0   853  2732 1
    0   854  1708 1
    0   855  3756 1
    0   856   428 1
    0   857  2476 1
    0   858  1452 1
    0   859  3500 1
    0   860   940 1
    0   861  2988 1
    0   862  1964 1
    0   863  4012 1
    0   864   108 1
    0   865  2156 1
    0   866  1132 1
    0   867  3180 1
    0   868   620 1
    0   869  2668 1
    0   870  1644 1
    0   871  3692 1
    0   872   364 1
    0   873  2412 1
    0   874  1388 1
    0   875  3436 1
    0   876  3219 1
    0   877  2924 1
    0   878  1900 1
    0   879  3948 1
    0   880   236 1
    0   881  2284 1
    0   882  1260 1
    0   883  3308 1
    0   884   748 1
    0   885  2796 1
    0   886  1772 1
    0   887  3820 1
    0   888   492 1
    0   889  2540 1
    0   890  1516 1
    0   891  3564 1
    0   892  1004 1
    0   893  3052 1
    0   894  2028 1
    0   895  4076 1
    0   896    28 1
    0   897  2076 1
    0   898  1052 1
    0   899  3100 1
    0   900   540 1
    0   901  2588 1
    0   902  1564 1
    0   903  3612 1
    0   904   284 1
    0   905  2332 1
    0   906  1308 1
    0   907  3356 1
    0   908   796 1
    0   909  2844 1
    0   910  1820 1
    0   911  3868 1
    0   912   156 1
    0   913  2204 1
    0   914  1180 1
    0   915  3228 1
    0   916   668 1
    0   917  2716 1
    0   918  1692 1
    0   919  3740 1
    0   920   412 1
    0   921  2460 1
    0   922  1436 1
    0   923  3484 1
    0   924  3171 1
    0   925  2972 1
    0   926  1948 1
    0   927  3996 1
    0   928    92 1
    0   929  2140 1
    0   930  1116 1
    0   931  3164 1
    0   932   604 1
    0   933  2652 1
    0   934  1628 1
    0   935  3676 1
    0   936   348 1
    0   937  2396 1
    0   938  1372 1
    0   939  3420 1
    0   940   860 1
    0   941  2908 1
    0   942  1884 1
    0   943  3932 1
    0   944   220 1
    0   945  2268 1
    0   946  1244 1
    0   947  3292 1
    0   948   732 1
    0   949  2780 1
    0   950  1756 1
    0   951  3804 1
    0   952   476 1
    0   953  2524 1
    0   954  1500 1
    0   955  3548 1
    0   956   988 1
    0   957  3036 1
    0   958  2012 1
    0   959  4060 1
    0   960    60 1
    0   961  2108 1
    0   962  1084 1
    0   963  3132 1
    0   964   572 1
    0   965  2620 1
    0   966  1596 1
    0   967  3644 1
    0   968   316 1
    0   969  2364 1
    0   970  1340 1
    0   971  3388 1
    0   972   828 1
    0   973  2876 1
    0   974  1852 1
    0   975  3900 1
    0   976   188 1
    0   977  2236 1
    0   978  1212 1
    0   979  3260 1
    0   980   700 1
    0   981  2748 1
    0   982  1724 1
    0   983  3772 1
    0   984   444 1
    0   985  2492 1
    0   986  1468 1
    0   987  3516 1
    0   988   956 1
    0   989  3004 1
    0   990  1980 1
    0   991  4028 1
    0   992   124 1
    0   993  2172 1
    0   994  1148 1
    0   995  3196 1
    0   996   636 1
    0   997  2684 1
    0   998  1660 1
    0   999  3708 1
    0  1000   380 1
    0  1001  2428 1
    0  1002  1404 1
    0  1003  3452 1
    0  1004   892 1
    0  1005  2940 1
    0  1006  1916 1
    0  1007  3964 1
    0  1008   252 1
    0  1009  2300 1
    0  1010  1276 1
    0  1011  3324 1
    0  1012   764 1
    0  1013  2812 1
    0  1014  1788 1
    0  1015  3836 1
    0  1016   508 1
    0  1017  2556 1
    0  1018  1532 1
    0  1019  3580 1
    0  1020  3075 1
    0  1021  3068 1
    0  1022  2044 1
    0  1023  4092 1
    0  1024     2 1
    0  1025  2050 1
    0  1026  3069 1
    0  1027  3074 1
    0  1028   514 1
    0  1029  2562 1
    0  1030  1538 1
    0  1031  3586 1
    0  1032   258 1
    0  1033  2306 1
    0  1034  1282 1
    0  1035  3330 1
    0  1036   770 1
    0  1037  2818 1
    0  1038  1794 1
    0  1039  3842 1
    0  1040   130 1
    0  1041  2178 1
    0  1042  1154 1
    0  1043  3202 1
    0  1044   642 1
    0  1045  2690 1
    0  1046  1666 1
    0  1047  3714 1
    0  1048   386 1
    0  1049  2434 1
    0  1050  1410 1
    0  1051  3458 1
    0  1052   898 1
    0  1053  2946 1
    0  1054  1922 1
    0  1055  3970 1
    0  1056    66 1
    0  1057  2114 1
    0  1058  1090 1
    0  1059  3138 1
    0  1060   578 1
    0  1061  2626 1
    0  1062  1602 1
    0  1063  3650 1
    0  1064   322 1
    0  1065  2370 1
    0  1066  1346 1
    0  1067  3394 1
    0  1068   834 1
    0  1069  2882 1
    0  1070  1858 1
    0  1071  3906 1
    0  1072   194 1
    0  1073  2242 1
    0  1074  1218 1
    0  1075  3266 1
    0  1076   706 1
    0  1077  2754 1
    0  1078  1730 1
    0  1079  3778 1
    0  1080   450 1
    0  1081  2498 1
    0  1082  1474 1
    0  1083  3522 1
    0  1084   962 1
    0  1085  3010 1
    0  1086  1986 1
    0  1087  4034 1
    0  1088    34 1
    0  1089  2082 1
    0  1090  1058 1
    0  1091  3106 1
    0  1092   546 1
    0  1093  2594 1
    0  1094  1570 1
    0  1095  3618 1
    0  1096   290 1
    0  1097  2338 1
    0  1098  1314 1
    0  1099  3362 1
    0  1100   802 1
    0  1101  2850 1
    0  1102  1826 1
    0  1103  3874 1
    0  1104   162 1
    0  1105  2210 1
    0  1106  1186 1
    0  1107  3234 1
    0  1108   674 1
    0  1109  2722 1
    0  1110  1698 1
    0  1111  3746 1
    0  1112   418 1
    0  1113  2466 1
    0  1114  1442 1
    0  1115  3490 1
    0  1116   930 1
    0  1117  2978 1
    0  1118  1954 1
    0  1119  4002 1
    0  1120    98 1
    0  1121  2146 1
    0  1122  2973 1
    0  1123  3170 1
    0  1124   610 1
    0  1125  2658 1
    0  1126  1634 1
    0  1127  3682 1
    0  1128   354 1
    0  1129  2402 1
    0  1130  1378 1
    0  1131  3426 1
    0  1132   866 1
    0  1133  2914 1
    0  1134  1890 1
    0  1135  3938 1
    0  1136   226 1
    0  1137  2274 1
    0  1138  1250 1
    0  1139  3298 1
    0  1140   738 1
    0  1141  2786 1
    0  1142  1762 1
    0  1143  3810 1
    0  1144   482 1
    0  1145  2530 1
    0  1146  1506 1
    0  1147  3554 1
    0  1148   994 1
    0  1149  3042 1
    0  1150  2018 1
    0  1151  4066 1
    0  1152    18 1
    0  1153  2066 1
    0  1154  1042 1
    0  1155  3090 1
    0  1156   530 1
    0  1157  2578 1
    0  1158  1554 1
    0  1159  3602 1
    0  1160   274 1
    0  1161  2322 1
    0  1162  1298 1
    0  1163  3346 1
    0  1164   786 1
    0  1165  2834 1
    0  1166  1810 1
    0  1167  3858 1
    0  1168   146 1
    0  1169  2194 1
    0  1170  2925 1
    0  1171  3218 1
    0  1172   658 1
    0  1173  2706 1
    0  1174  1682 1
    0  1175  3730 1
    0  1176   402 1
    0  1177  2450 1
    0  1178  1426 1
    0  1179  3474 1
    0  1180   914 1
    0  1181  2962 1
    0  1182  1938 1
    0  1183  3986 1
    0  1184    82 1
    0  1185  2130 1
    0  1186  1106 1
    0  1187  3154 1
    0  1188   594 1
    0  1189  2642 1
    0  1190  1618 1
    0  1191  3666 1
    0  1192   338 1
    0  1193  2386 1
    0  1194  1362 1
    0  1195  3410 1
    0  1196   850 1
    0  1197  2898 1
    0  1198  1874 1
    0  1199  3922 1
    0  1200   210 1
    0  1201  2258 1
    0  1202  1234 1
    0  1203  3282 1
    0  1204   722 1
    0  1205  2770 1
    0  1206  1746 1
    0  1207  3794 1
    0  1208   466 1
    0  1209  2514 1
    0  1210  1490 1
    0  1211  3538 1
    0  1212   978 1
    0  1213  3026 1
    0  1214  2002 1
    0  1215  4050 1
    0  1216    50 1
    0  1217  2098 1
    0  1218  1074 1
    0  1219  3122 1
    0  1220   562 1
    0  1221  2610 1
    0  1222  1586 1
    0  1223  3634 1
    0  1224   306 1
    0  1225  2354 1
    0  1226  1330 1
    0  1227  3378 1
    0  1228   818 1
    0  1229  2866 1
    0  1230  1842 1
    0  1231  3890 1
    0  1232   178 1
    0  1233  2226 1
    0  1234  1202 1
    0  1235  3250 1
    0  1236   690 1
    0  1237  2738 1
    0  1238  1714 1
    0  1239  3762 1
    0  1240   434 1
    0  1241  2482 1
    0  1242  1458 1
    0  1243  3506 1
    0  1244   946 1
    0  1245  2994 1
    0  1246  1970 1
    0  1247  4018 1
    0  1248   114 1
    0  1249  2162 1
    0  1250  1138 1
    0  1251  3186 1
    0  1252   626 1
    0  1253  2674 1
    0  1254  1650 1
    0  1255  3698 1
    0  1256   370 1
    0  1257  2418 1
    0  1258  1394 1
    0  1259  3442 1
    0  1260   882 1
    0  1261  2930 1
    0  1262  1906 1
    0  1263  3954 1
    0  1264   242 1
    0  1265  2290 1
    0  1266  2829 1
    0  1267  3314 1
    0  1268   754 1
    0  1269  2802 1
    0  1270  1778 1
    0  1271  3826 1
    0  1272   498 1
    0  1273  2546 1
    0  1274  1522 1
    0  1275  3570 1
    0  1276  1010 1
    0  1277  3058 1
    0  1278  2034 1
    0  1279  4082 1
    0  1280    10 1
    0  1281  2058 1
    0  1282  1034 1
    0  1283  3082 1
    0  1284   522 1
    0  1285  2570 1
    0  1286  1546 1
    0  1287  3594 1
    0  1288   266 1
    0  1289  2314 1
    0  1290  2805 1
    0  1291  3338 1
    0  1292   778 1
    0  1293  2826 1
    0  1294  1802 1
    0  1295  3850 1
    0  1296   138 1
    0  1297  2186 1
    0  1298  1162 1
    0  1299  3210 1
    0  1300   650 1
    0  1301  2698 1
    0  1302  1674 1
    0  1303  3722 1
    0  1304   394 1
    0  1305  2442 1
    0  1306  1418 1
    0  1307  3466 1
    0  1308   906 1
    0  1309  2954 1
    0  1310  1930 1
    0  1311  3978 1
    0  1312    74 1
    0  1313  2122 1
    0  1314  1098 1
    0  1315  3146 1
    0  1316   586 1
    0  1317  2634 1
    0  1318  1610 1
    0  1319  3658 1
    0  1320   330 1
    0  1321  2378 1
    0  1322  1354 1
    0  1323  3402 1
    0  1324   842 1
    0  1325  2890 1
    0  1326  1866 1
    0  1327  3914 1
    0  1328   202 1
    0  1329  2250 1
    0  1330  1226 1
    0  1331  3274 1
    0  1332   714 1
    0  1333  2762 1
    0  1334  1738 1
    0  1335  3786 1
    0  1336   458 1
    0  1337  2506 1
    0  1338  1482 1
    0  1339  3530 1
    0  1340   970 1
    0  1341  3018 1
    0  1342  1994 1
    0  1343  4042 1
    0  1344    42 1
    0  1345  2090 1
    0  1346  1066 1
    0  1347  3114 1
    0  1348   554 1
    0  1349  2602 1
    0  1350  1578 1
    0  1351  3626 1
    0  1352   298 1
    0  1353  2346 1
    0  1354  1322 1
    0  1355  3370 1
    0  1356   810 1
    0  1357  2858 1
    0  1358  1834 1
    0  1359  3882 1
    0  1360   170 1
    0  1361  2218 1
    0  1362  1194 1
    0  1363  3242 1
    0  1364   682 1
    0  1365  2730 1
    0  1366  1706 1
    0  1367  3754 1
    0  1368   426 1
    0  1369  2474 1
    0  1370  1450 1
    0  1371  3498 1
    0  1372   938 1
    0  1373  2986 1
    0  1374  1962 1
    0  1375  4010 1
    0  1376   106 1
    0  1377  2154 1
    0  1378  1130 1
    0  1379  3178 1
    0  1380   618 1
    0  1381  2666 1
    0  1382  1642 1
    0  1383  3690 1
    0  1384   362 1
    0  1385  2410 1
    0  1386  2709 1
    0  1387  3434 1
    0  1388   874 1
    0  1389  2922 1
    0  1390  1898 1
    0  1391  3946 1
    0  1392   234 1
    0  1393  2282 1
    0  1394  1258 1
    0  1395  3306 1
    0  1396   746 1
    0  1397  2794 1
    0  1398  1770 1
    0  1399  3818 1
    0  1400   490 1
    0  1401  2538 1
    0  1402  1514 1
    0  1403  3562 1
    0  1404  1002 1
    0  1405  3050 1
    0  1406  2026 1
    0  1407  4074 1
    0  1408    26 1
    0  1409  2074 1
    0  1410  1050 1
    0  1411  3098 1
    0  1412   538 1
    0  1413  2586 1
    0  1414  1562 1
    0  1415  3610 1
    0  1416   282 1
    0  1417  2330 1
    0  1418  1306 1
    0  1419  3354 1
    0  1420   794 1
    0  1421  2842 1
    0  1422  1818 1
    0  1423  3866 1
    0  1424   154 1
    0  1425  2202 1
    0  1426  1178 1
    0  1427  3226 1
    0  1428   666 1
    0  1429  2714 1
    0  1430  1690 1
    0  1431  3738 1
    0  1432   410 1
    0  1433  2458 1
    0  1434  2661 1
    0  1435  3482 1
    0  1436   922 1
    0  1437  2970 1
    0  1438  1946 1
    0  1439  3994 1
    0  1440    90 1
    0  1441  2138 1
    0  1442  1114 1
    0  1443  3162 1
    0  1444   602 1
    0  1445  2650 1
    0  1446  1626 1
    0  1447  3674 1
    0  1448   346 1
    0  1449  2394 1
    0  1450  1370 1
    0  1451  3418 1
    0  1452   858 1
    0  1453  2906 1
    0  1454  1882 1
    0  1455  3930 1
    0  1456   218 1
    0  1457  2266 1
    0  1458  1242 1
    0  1459  3290 1
    0  1460   730 1
    0  1461  2778 1
    0  1462  1754 1
    0  1463  3802 1
    0  1464   474 1
    0  1465  2522 1
    0  1466  1498 1
    0  1467  3546 1
    0  1468   986 1
    0  1469  3034 1
    0  1470  2010 1
    0  1471  4058 1
    0  1472    58 1
    0  1473  2106 1
    0  1474  1082 1
    0  1475  3130 1
    0  1476   570 1
    0  1477  2618 1
    0  1478  1594 1
    0  1479  3642 1
    0  1480   314 1
    0  1481  2362 1
    0  1482  1338 1
    0  1483  3386 1
    0  1484   826 1
    0  1485  2874 1
    0  1486  1850 1
    0  1487  3898 1
    0  1488   186 1
    0  1489  2234 1
    0  1490  1210 1
    0  1491  3258 1
    0  1492   698 1
    0  1493  2746 1
    0  1494  1722 1
    0  1495  3770 1
    0  1496   442 1
    0  1497  2490 1
    0  1498  1466 1
    0  1499  3514 1
    0  1500   954 1
    0  1501  3002 1
    0  1502  1978 1
    0  1503  4026 1
    0  1504   122 1
    0  1505  2170 1
    0  1506  1146 1
    0  1507  3194 1
    0  1508   634 1
    0  1509  2682 1
    0  1510  1658 1
    0  1511  3706 1
    0  1512   378 1
    0  1513  2426 1
    0  1514  1402 1
    0  1515  3450 1
    0  1516   890 1
    0  1517  2938 1
    0  1518  1914 1
    0  1519  3962 1
    0  1520   250 1
    0  1521  2298 1
    0  1522  1274 1
    0  1523  3322 1
    0  1524   762 1
    0  1525  2810 1
    0  1526  1786 1
    0  1527  3834 1
    0  1528   506 1
    0  1529  2554 1
    0  1530  2565 1
    0  1531  3578 1
    0  1532  1018 1
    0  1533  3066 1
    0  1534  2042 1
    0  1535  4090 1
    0  1536     6 1
    0  1537  2054 1
    0  1538  1030 1
    0  1539  3078 1
    0  1540   518 1
    0  1541  2566 1
    0  1542  2553 1
    0  1543  3590 1
    0  1544   262 1
    0  1545  2310 1
    0  1546  1286 1
    0  1547  3334 1
    0  1548   774 1
    0  1549  2822 1
    0  1550  1798 1
    0  1551  3846 1
    0  1552   134 1
    0  1553  2182 1
    0  1554  1158 1
    0  1555  3206 1
    0  1556   646 1
    0  1557  2694 1
    0  1558  1670 1
    0  1559  3718 1
    0  1560   390 1
    0  1561  2438 1
    0  1562  1414 1
    0  1563  3462 1
    0  1564   902 1
    0  1565  2950 1
    0  1566  1926 1
    0  1567  3974 1
    0  1568    70 1
    0  1569  2118 1
    0  1570  1094 1
    0  1571  3142 1
    0  1572   582 1
    0  1573  2630 1
    0  1574  1606 1
    0  1575  3654 1
    0  1576   326 1
    0  1577  2374 1
    0  1578  1350 1
    0  1579  3398 1
    0  1580   838 1
    0  1581  2886 1
    0  1582  1862 1
    0  1583  3910 1
    0  1584   198 1
    0  1585  2246 1
    0  1586  1222 1
    0  1587  3270 1
    0  1588   710 1
    0  1589  2758 1
    0  1590  1734 1
    0  1591  3782 1
    0  1592   454 1
    0  1593  2502 1
    0  1594  1478 1
    0  1595  3526 1
    0  1596   966 1
    0  1597  3014 1
    0  1598  1990 1
    0  1599  4038 1
    0  1600    38 1
    0  1601  2086 1
    0  1602  1062 1
    0  1603  3110 1
    0  1604   550 1
    0  1605  2598 1
    0  1606  1574 1
    0  1607  3622 1
    0  1608   294 1
    0  1609  2342 1
    0  1610  1318 1
    0  1611  3366 1
    0  1612   806 1
    0  1613  2854 1
    0  1614  1830 1
    0  1615  3878 1
    0  1616   166 1
    0  1617  2214 1
    0  1618  1190 1
    0  1619  3238 1
    0  1620   678 1
    0  1621  2726 1
    0  1622  1702 1
    0  1623  3750 1
    0  1624   422 1
    0  1625  2470 1
    0  1626  1446 1
    0  1627  3494 1
    0  1628   934 1
    0  1629  2982 1
    0  1630  1958 1
    0  1631  4006 1
    0  1632   102 1
    0  1633  2150 1
    0  1634  1126 1
    0  1635  3174 1
    0  1636   614 1
    0  1637  2662 1
    0  1638  2457 1
    0  1639  3686 1
    0  1640   358 1
    0  1641  2406 1
    0  1642  1382 1
    0  1643  3430 1
    0  1644   870 1
    0  1645  2918 1
    0  1646  1894 1
    0  1647  3942 1
    0  1648   230 1
    0  1649  2278 1
    0  1650  1254 1
    0  1651  3302 1
    0  1652   742 1
    0  1653  2790 1
    0  1654  1766 1
    0  1655  3814 1
    0  1656   486 1
    0  1657  2534 1
    0  1658  1510 1
    0  1659  3558 1
    0  1660   998 1
    0  1661  3046 1
    0  1662  2022 1
    0  1663  4070 1
    0  1664    22 1
    0  1665  2070 1
    0  1666  1046 1
    0  1667  3094 1
    0  1668   534 1
    0  1669  2582 1
    0  1670  1558 1
    0  1671  3606 1
    0  1672   278 1
    0  1673  2326 1
    0  1674  1302 1
    0  1675  3350 1
    0  1676   790 1
    0  1677  2838 1
    0  1678  1814 1
    0  1679  3862 1
    0  1680   150 1
    0  1681  2198 1
    0  1682  1174 1
    0  1683  3222 1
    0  1684   662 1
    0  1685  2710 1
    0  1686  2409 1
    0  1687  3734 1
    0  1688   406 1
    0  1689  2454 1
    0  1690  1430 1
    0  1691  3478 1
    0  1692   918 1
    0  1693  2966 1
    0  1694  1942 1
    0  1695  3990 1
    0  1696    86 1
    0  1697  2134 1
    0  1698  1110 1
    0  1699  3158 1
    0  1700   598 1
    0  1701  2646 1
    0  1702  1622 1
    0  1703  3670 1
    0  1704   342 1
    0  1705  2390 1
    0  1706  1366 1
    0  1707  3414 1
    0  1708   854 1
    0  1709  2902 1
    0  1710  1878 1
    0  1711  3926 1
    0  1712   214 1
    0  1713  2262 1
    0  1714  1238 1
    0  1715  3286 1
    0  1716   726 1
    0  1717  2774 1
    0  1718  1750 1
    0  1719  3798 1
    0  1720   470 1
    0  1721  2518 1
    0  1722  1494 1
    0  1723  3542 1
    0  1724   982 1
    0  1725  3030 1
    0  1726  2006 1
    0  1727  4054 1
    0  1728    54 1
    0  1729  2102 1
    0  1730  1078 1
    0  1731  3126 1
    0  1732   566 1
    0  1733  2614 1
    0  1734  1590 1
    0  1735  3638 1
    0  1736   310 1
    0  1737  2358 1
    0  1738  1334 1
    0  1739  3382 1
    0  1740   822 1
    0  1741  2870 1
    0  1742  1846 1
    0  1743  3894 1
    0  1744   182 1
    0  1745  2230 1
    0  1746  1206 1
    0  1747  3254 1
    0  1748   694 1
    0  1749  2742 1
    0  1750  1718 1
    0  1751  3766 1
    0  1752   438 1
    0  1753  2486 1
    0  1754  1462 1
    0  1755  3510 1
    0  1756   950 1
    0  1757  2998 1
    0  1758  1974 1
    0  1759  4022 1
    0  1760   118 1
    0  1761  2166 1
    0  1762  1142 1
    0  1763  3190 1
    0  1764   630 1
    0  1765  2678 1
    0  1766  1654 1
    0  1767  3702 1
    0  1768   374 1
    0  1769  2422 1
    0  1770  1398 1
    0  1771  3446 1
    0  1772   886 1
    0  1773  2934 1
    0  1774  1910 1
    0  1775  3958 1
    0  1776   246 1
    0  1777  2294 1
    0  1778  1270 1
    0  1779  3318 1
    0  1780   758 1
    0  1781  2806 1
    0  1782  2313 1
    0  1783  3830 1
    0  1784   502 1
    0  1785  2550 1
    0  1786  1526 1
    0  1787  3574 1
    0  1788  1014 1
    0  1789  3062 1
    0  1790  2038 1
    0  1791  4086 1
    0  1792    14 1
    0  1793  2062 1
    0  1794  1038 1
    0  1795  3086 1
    0  1796   526 1
    0  1797  2574 1
    0  1798  1550 1
    0  1799  3598 1
    0  1800   270 1
    0  1801  2318 1
    0  1802  1294 1
    0  1803  3342 1
    0  1804   782 1
    0  1805  2830 1
    0  1806  2289 1
    0  1807  3854 1
    0  1808   142 1
    0  1809  2190 1
    0  1810  1166 1
    0  1811  3214 1
    0  1812   654 1
    0  1813  2702 1
    0  1814  1678 1
    0  1815  3726 1
    0  1816   398 1
    0  1817  2446 1
    0  1818  1422 1
    0  1819  3470 1
    0  1820   910 1
    0  1821  2958 1
    0  1822  1934 1
    0  1823  3982 1
    0  1824    78 1
    0  1825  2126 1
    0  1826  1102 1
    0  1827  3150 1
    0  1828   590 1
    0  1829  2638 1
    0  1830  1614 1
    0  1831  3662 1
    0  1832   334 1
    0  1833  2382 1
    0  1834  1358 1
    0  1835  3406 1
    0  1836   846 1
    0  1837  2894 1
    0  1838  1870 1
    0  1839  3918 1
    0  1840   206 1
    0  1841  2254 1
    0  1842  1230 1
    0  1843  3278 1
    0  1844   718 1
    0  1845  2766 1
    0  1846  1742 1
    0  1847  3790 1
    0  1848   462 1
    0  1849  2510 1
    0  1850  1486 1
    0  1851  3534 1
    0  1852   974 1
    0  1853  3022 1
    0  1854  1998 1
    0  1855  4046 1
    0  1856    46 1
    0  1857  2094 1
    0  1858  1070 1
    0  1859  3118 1
    0  1860   558 1
    0  1861  2606 1
    0  1862  1582 1
    0  1863  3630 1
    0  1864   302 1
    0  1865  2350 1
    0  1866  1326 1
    0  1867  3374 1
    0  1868   814 1
    0  1869  2862 1
    0  1870  1838 1
    0  1871  3886 1
    0  1872   174 1
    0  1873  2222 1
    0  1874  1198 1
    0  1875  3246 1
    0  1876   686 1
    0  1877  2734 1
    0  1878  1710 1
    0  1879  3758 1
    0  1880   430 1
    0  1881  2478 1
    0  1882  1454 1
    0  1883  3502 1
    0  1884   942 1
    0  1885  2990 1
    0  1886  1966 1
    0  1887  4014 1
    0  1888   110 1
    0  1889  2158 1
    0  1890  1134 1
    0  1891  3182 1
    0  1892   622 1
    0  1893  2670 1
    0  1894  1646 1
    0  1895  3694 1
    0  1896   366 1
    0  1897  2414 1
    0  1898  1390 1
    0  1899  3438 1
    0  1900   878 1
    0  1901  2926 1
    0  1902  2193 1
    0  1903  3950 1
    0  1904   238 1
    0  1905  2286 1
    0  1906  1262 1
    0  1907  3310 1
    0  1908   750 1
    0  1909  2798 1
    0  1910  1774 1
    0  1911  3822 1
    0  1912   494 1
    0  1913  2542 1
    0  1914  1518 1
    0  1915  3566 1
    0  1916  1006 1
    0  1917  3054 1
    0  1918  2030 1
    0  1919  4078 1
    0  1920    30 1
    0  1921  2078 1
    0  1922  1054 1
    0  1923  3102 1
    0  1924   542 1
    0  1925  2590 1
    0  1926  1566 1
    0  1927  3614 1
    0  1928   286 1
    0  1929  2334 1
    0  1930  1310 1
    0  1931  3358 1
    0  1932   798 1
    0  1933  2846 1
    0  1934  1822 1
    0  1935  3870 1
    0  1936   158 1
    0  1937  2206 1
    0  1938  1182 1
    0  1939  3230 1
    0  1940   670 1
    0  1941  2718 1
    0  1942  1694 1
    0  1943  3742 1
    0  1944   414 1
    0  1945  2462 1
    0  1946  1438 1
    0  1947  3486 1
    0  1948   926 1
    0  1949  2974 1
    0  1950  2145 1
    0  1951  3998 1
    0  1952    94 1
    0  1953  2142 1
    0  1954  1118 1
    0  1955  3166 1
    0  1956   606 1
    0  1957  2654 1
    0  1958  1630 1
    0  1959  3678 1
    0  1960   350 1
    0  1961  2398 1
    0  1962  1374 1
    0  1963  3422 1
    0  1964   862 1
    0  1965  2910 1
    0  1966  1886 1
    0  1967  3934 1
    0  1968   222 1
    0  1969  2270 1
    0  1970  1246 1
    0  1971  3294 1
    0  1972   734 1
    0  1973  2782 1
    0  1974  1758 1
    0  1975  3806 1
    0  1976   478 1
    0  1977  2526 1
    0  1978  1502 1
    0  1979  3550 1
    0  1980   990 1
    0  1981  3038 1
    0  1982  2014 1
    0  1983  4062 1
    0  1984    62 1
    0  1985  2110 1
    0  1986  1086 1
    0  1987  3134 1
    0  1988   574 1
    0  1989  2622 1
    0  1990  1598 1
    0  1991  3646 1
    0  1992   318 1
    0  1993  2366 1
    0  1994  1342 1
    0  1995  3390 1
    0  1996   830 1
    0  1997  2878 1
    0  1998  1854 1
    0  1999  3902 1
    0  2000   190 1
    0  2001  2238 1
    0  2002  1214 1
    0  2003  3262 1
    0  2004   702 1
    0  2005  2750 1
    0  2006  1726 1
    0  2007  3774 1
    0  2008   446 1
    0  2009  2494 1
    0  2010  1470 1
    0  2011  3518 1
    0  2012   958 1
    0  2013  3006 1
    0  2014  1982 1
    0  2015  4030 1
    0  2016   126 1
    0  2017  2174 1
    0  2018  1150 1
    0  2019  3198 1
    0  2020   638 1
    0  2021  2686 1
    0  2022  1662 1
    0  2023  3710 1
    0  2024   382 1
    0  2025  2430 1
    0  2026  1406 1
    0  2027  3454 1
    0  2028   894 1
    0  2029  2942 1
    0  2030  1918 1
    0  2031  3966 1
    0  2032   254 1
    0  2033  2302 1
    0  2034  1278 1
    0  2035  3326 1
    0  2036   766 1
    0  2037  2814 1
    0  2038  1790 1
    0  2039  3838 1
    0  2040   510 1
    0  2041  2558 1
    0  2042  1534 1
    0  2043  3582 1
    0  2044  1022 1
    0  2045  3070 1
    0  2046  2049 1
    0  2047  4094 1
    0  2048     1 1
    0  2049  2046 1
    0  2050  1025 1
    0  2051  3073 1
    0  2052   513 1
    0  2053  2561 1
    0  2054  1537 1
    0  2055  3585 1
    0  2056   257 1
    0  2057  2305 1
    0  2058  1281 1
    0  2059  3329 1
    0  2060   769 1
    0  2061  2817 1
    0  2062  1793 1
    0  2063  3841 1
    0  2064   129 1
    0  2065  2177 1
    0  2066  1153 1
    0  2067  3201 1
    0  2068   641 1
    0  2069  2689 1
    0  2070  1665 1
    0  2071  3713 1
    0  2072   385 1
    0  2073  2433 1
    0  2074  1409 1
    0  2075  3457 1
    0  2076   897 1
    0  2077  2945 1
    0  2078  1921 1
    0  2079  3969 1
    0  2080    65 1
    0  2081  2113 1
    0  2082  1089 1
    0  2083  3137 1
    0  2084   577 1
    0  2085  2625 1
    0  2086  1601 1
    0  2087  3649 1
    0  2088   321 1
    0  2089  2369 1
    0  2090  1345 1
    0  2091  3393 1
    0  2092   833 1
    0  2093  2881 1
    0  2094  1857 1
    0  2095  3905 1
    0  2096   193 1
    0  2097  2241 1
    0  2098  1217 1
    0  2099  3265 1
    0  2100   705 1
    0  2101  2753 1
    0  2102  1729 1
    0  2103  3777 1
    0  2104   449 1
    0  2105  2497 1
    0  2106  1473 1
    0  2107  3521 1
    0  2108   961 1
    0  2109  3009 1
    0  2110  1985 1
    0  2111  4033 1
    0  2112    33 1
    0  2113  2081 1
    0  2114  1057 1
    0  2115  3105 1
    0  2116   545 1
    0  2117  2593 1
    0  2118  1569 1
    0  2119  3617 1
    0  2120   289 1
    0  2121  2337 1
    0  2122  1313 1
    0  2123  3361 1
    0  2124   801 1
    0  2125  2849 1
    0  2126  1825 1
    0  2127  3873 1
    0  2128   161 1
    0  2129  2209 1
    0  2130  1185 1
    0  2131  3233 1
    0  2132   673 1
    0  2133  2721 1
    0  2134  1697 1
    0  2135  3745 1
    0  2136   417 1
    0  2137  2465 1
    0  2138  1441 1
    0  2139  3489 1
    0  2140   929 1
    0  2141  2977 1
    0  2142  1953 1
    0  2143  4001 1
    0  2144    97 1
    0  2145  1950 1
    0  2146  1121 1
    0  2147  3169 1
    0  2148   609 1
    0  2149  2657 1
    0  2150  1633 1
    0  2151  3681 1
    0  2152   353 1
    0  2153  2401 1
    0  2154  1377 1
    0  2155  3425 1
    0  2156   865 1
    0  2157  2913 1
    0  2158  1889 1
    0  2159  3937 1
    0  2160   225 1
    0  2161  2273 1
    0  2162  1249 1
    0  2163  3297 1
    0  2164   737 1
    0  2165  2785 1
    0  2166  1761 1
    0  2167  3809 1
    0  2168   481 1
    0  2169  2529 1
    0  2170  1505 1
    0  2171  3553 1
    0  2172   993 1
    0  2173  3041 1
    0  2174  2017 1
    0  2175  4065 1
    0  2176    17 1
    0  2177  2065 1
    0  2178  1041 1
    0  2179  3089 1
    0  2180   529 1
    0  2181  2577 1
    0  2182  1553 1
    0  2183  3601 1
    0  2184   273 1
    0  2185  2321 1
    0  2186  1297 1
    0  2187  3345 1
    0  2188   785 1
    0  2189  2833 1
    0  2190  1809 1
    0  2191  3857 1
    0  2192   145 1
    0  2193  1902 1
    0  2194  1169 1
    0  2195  3217 1
    0  2196   657 1
    0  2197  2705 1
    0  2198  1681 1
    0  2199  3729 1
    0  2200   401 1
    0  2201  2449 1
    0  2202  1425 1
    0  2203  3473 1
    0  2204   913 1
    0  2205  2961 1
    0  2206  1937 1
    0  2207  3985 1
    0  2208    81 1
    0  2209  2129 1
    0  2210  1105 1
    0  2211  3153 1
    0  2212   593 1
    0  2213  2641 1
    0  2214  1617 1
    0  2215  3665 1
    0  2216   337 1
    0  2217  2385 1
    0  2218  1361 1
    0  2219  3409 1
    0  2220   849 1
    0  2221  2897 1
    0  2222  1873 1
    0  2223  3921 1
    0  2224   209 1
    0  2225  2257 1
    0  2226  1233 1
    0  2227  3281 1
    0  2228   721 1
    0  2229  2769 1
    0  2230  1745 1
    0  2231  3793 1
    0  2232   465 1
    0  2233  2513 1
    0  2234  1489 1
    0  2235  3537 1
    0  2236   977 1
    0  2237  3025 1
    0  2238  2001 1
    0  2239  4049 1
    0  2240    49 1
    0  2241  2097 1
    0  2242  1073 1
    0  2243  3121 1
    0  2244   561 1
    0  2245  2609 1
    0  2246  1585 1
    0  2247  3633 1
    0  2248   305 1
    0  2249  2353 1
    0  2250  1329 1
    0  2251  3377 1
    0  2252   817 1
    0  2253  2865 1
    0  2254  1841 1
    0  2255  3889 1
    0  2256   177 1
    0  2257  2225 1
    0  2258  1201 1
    0  2259  3249 1
    0  2260   689 1
    0  2261  2737 1
    0  2262  1713 1
    0  2263  3761 1
    0  2264   433 1
    0  2265  2481 1
    0  2266  1457 1
    0  2267  3505 1
    0  2268   945 1
    0  2269  2993 1
    0  2270  1969 1
    0  2271  4017 1
    0  2272   113 1
    0  2273  2161 1
    0  2274  1137 1
    0  2275  3185 1
    0  2276   625 1
    0  2277  2673 1
    0  2278  1649 1
    0  2279  3697 1
    0  2280   369 1
    0  2281  2417 1
    0  2282  1393 1
    0  2283  3441 1
    0  2284   881 1
    0  2285  2929 1
    0  2286  1905 1
    0  2287  3953 1
    0  2288   241 1
    0  2289  1806 1
    0  2290  1265 1
    0  2291  3313 1
    0  2292   753 1
    0  2293  2801 1
    0  2294  1777 1
    0  2295  3825 1
    0  2296   497 1
    0  2297  2545 1
    0  2298  1521 1
    0  2299  3569 1
    0  2300  1009 1
    0  2301  3057 1
    0  2302  2033 1
    0  2303  4081 1
    0  2304     9 1
    0  2305  2057 1
    0  2306  1033 1
    0  2307  3081 1
    0  2308   521 1
    0  2309  2569 1
    0  2310  1545 1
    0  2311  3593 1
    0  2312   265 1
    0  2313  1782 1
    0  2314  1289 1
    0  2315  3337 1
    0  2316   777 1
    0  2317  2825 1
    0  2318  1801 1
    0  2319  3849 1
    0  2320   137 1
    0  2321  2185 1
    0  2322  1161 1
    0  2323  3209 1
    0  2324   649 1
    0  2325  2697 1
    0  2326  1673 1
    0  2327  3721 1
    0  2328   393 1
    0  2329  2441 1
    0  2330  1417 1
    0  2331  3465 1
    0  2332   905 1
    0  2333  2953 1
    0  2334  1929 1
    0  2335  3977 1
    0  2336    73 1
    0  2337  2121 1
    0  2338  1097 1
    0  2339  3145 1
    0  2340   585 1
    0  2341  2633 1
    0  2342  1609 1
    0  2343  3657 1
    0  2344   329 1
    0  2345  2377 1
    0  2346  1353 1
    0  2347  3401 1
    0  2348   841 1
    0  2349  2889 1
    0  2350  1865 1
    0  2351  3913 1
    0  2352   201 1
    0  2353  2249 1
    0  2354  1225 1
    0  2355  3273 1
    0  2356   713 1
    0  2357  2761 1
    0  2358  1737 1
    0  2359  3785 1
    0  2360   457 1
    0  2361  2505 1
    0  2362  1481 1
    0  2363  3529 1
    0  2364   969 1
    0  2365  3017 1
    0  2366  1993 1
    0  2367  4041 1
    0  2368    41 1
    0  2369  2089 1
    0  2370  1065 1
    0  2371  3113 1
    0  2372   553 1
    0  2373  2601 1
    0  2374  1577 1
    0  2375  3625 1
    0  2376   297 1
    0  2377  2345 1
    0  2378  1321 1
    0  2379  3369 1
    0  2380   809 1
    0  2381  2857 1
    0  2382  1833 1
    0  2383  3881 1
    0  2384   169 1
    0  2385  2217 1
    0  2386  1193 1
    0  2387  3241 1
    0  2388   681 1
    0  2389  2729 1
    0  2390  1705 1
    0  2391  3753 1
    0  2392   425 1
    0  2393  2473 1
    0  2394  1449 1
    0  2395  3497 1
    0  2396   937 1
    0  2397  2985 1
    0  2398  1961 1
    0  2399  4009 1
    0  2400   105 1
    0  2401  2153 1
    0  2402  1129 1
    0  2403  3177 1
    0  2404   617 1
    0  2405  2665 1
    0  2406  1641 1
    0  2407  3689 1
    0  2408   361 1
    0  2409  1686 1
    0  2410  1385 1
    0  2411  3433 1
    0  2412   873 1
    0  2413  2921 1
    0  2414  1897 1
    0  2415  3945 1
    0  2416   233 1
    0  2417  2281 1
    0  2418  1257 1
    0  2419  3305 1
    0  2420   745 1
    0  2421  2793 1
    0  2422  1769 1
    0  2423  3817 1
    0  2424   489 1
    0  2425  2537 1
    0  2426  1513 1
    0  2427  3561 1
    0  2428  1001 1
    0  2429  3049 1
    0  2430  2025 1
    0  2431  4073 1
    0  2432    25 1
    0  2433  2073 1
    0  2434  1049 1
    0  2435  3097 1
    0  2436   537 1
    0  2437  2585 1
    0  2438  1561 1
    0  2439  3609 1
    0  2440   281 1
    0  2441  2329 1
    0  2442  1305 1
    0  2443  3353 1
    0  2444   793 1
    0  2445  2841 1
    0  2446  1817 1
    0  2447  3865 1
    0  2448   153 1
    0  2449  2201 1
    0  2450  1177 1
    0  2451  3225 1
    0  2452   665 1
    0  2453  2713 1
    0  2454  1689 1
    0  2455  3737 1
    0  2456   409 1
    0  2457  1638 1
    0  2458  1433 1
    0  2459  3481 1
    0  2460   921 1
    0  2461  2969 1
    0  2462  1945 1
    0  2463  3993 1
    0  2464    89 1
    0  2465  2137 1
    0  2466  1113 1
    0  2467  3161 1
    0  2468   601 1
    0  2469  2649 1
    0  2470  1625 1
    0  2471  3673 1
    0  2472   345 1
    0  2473  2393 1
    0  2474  1369 1
    0  2475  3417 1
    0  2476   857 1
    0  2477  2905 1
    0  2478  1881 1
    0  2479  3929 1
    0  2480   217 1
    0  2481  2265 1
    0  2482  1241 1
    0  2483  3289 1
    0  2484   729 1
    0  2485  2777 1
    0  2486  1753 1
    0  2487  3801 1
    0  2488   473 1
    0  2489  2521 1
    0  2490  1497 1
    0  2491  3545 1
    0  2492   985 1
    0  2493  3033 1
    0  2494  2009 1
    0  2495  4057 1
    0  2496    57 1
    0  2497  2105 1
    0  2498  1081 1
    0  2499  3129 1
    0  2500   569 1
    0  2501  2617 1
    0  2502  1593 1
    0  2503  3641 1
    0  2504   313 1
    0  2505  2361 1
    0  2506  1337 1
    0  2507  3385 1
    0  2508   825 1
    0  2509  2873 1
    0  2510  1849 1
    0  2511  3897 1
    0  2512   185 1
    0  2513  2233 1
    0  2514  1209 1
    0  2515  3257 1
    0  2516   697 1
    0  2517  2745 1
    0  2518  1721 1
    0  2519  3769 1
    0  2520   441 1
    0  2521  2489 1
    0  2522  1465 1
    0  2523  3513 1
    0  2524   953 1
    0  2525  3001 1
    0  2526  1977 1
    0  2527  4025 1
    0  2528   121 1
    0  2529  2169 1
    0  2530  1145 1
    0  2531  3193 1
    0  2532   633 1
    0  2533  2681 1
    0  2534  1657 1
    0  2535  3705 1
    0  2536   377 1
    0  2537  2425 1
    0  2538  1401 1
    0  2539  3449 1
    0  2540   889 1
    0  2541  2937 1
    0  2542  1913 1
    0  2543  3961 1
    0  2544   249 1
    0  2545  2297 1
    0  2546  1273 1
    0  2547  3321 1
    0  2548   761 1
    0  2549  2809 1
    0  2550  1785 1
    0  2551  3833 1
    0  2552   505 1
    0  2553  1542 1
    0  2554  1529 1
    0  2555  3577 1
    0  2556  1017 1
    0  2557  3065 1
    0  2558  2041 1
    0  2559  4089 1
    0  2560     5 1
    0  2561  2053 1
    0  2562  1029 1
    0  2563  3077 1
    0  2564   517 1
    0  2565  1530 1
    0  2566  1541 1
    0  2567  3589 1
    0  2568   261 1
    0  2569  2309 1
    0  2570  1285 1
    0  2571  3333 1
    0  2572   773 1
    0  2573  2821 1
    0  2574  1797 1
    0  2575  3845 1
    0  2576   133 1
    0  2577  2181 1
    0  2578  1157 1
    0  2579  3205 1
    0  2580   645 1
    0  2581  2693 1
    0  2582  1669 1
    0  2583  3717 1
    0  2584   389 1
    0  2585  2437 1
    0  2586  1413 1
    0  2587  3461 1
    0  2588   901 1
    0  2589  2949 1
    0  2590  1925 1
    0  2591  3973 1
    0  2592    69 1
    0  2593  2117 1
    0  2594  1093 1
    0  2595  3141 1
    0  2596   581 1
    0  2597  2629 1
    0  2598  1605 1
    0  2599  3653 1
    0  2600   325 1
    0  2601  2373 1
    0  2602  1349 1
    0  2603  3397 1
    0  2604   837 1
    0  2605  2885 1
    0  2606  1861 1
    0  2607  3909 1
    0  2608   197 1
    0  2609  2245 1
    0  2610  1221 1
    0  2611  3269 1
    0  2612   709 1
    0  2613  2757 1
    0  2614  1733 1
    0  2615  3781 1
    0  2616   453 1
    0  2617  2501 1
    0  2618  1477 1
    0  2619  3525 1
    0  2620   965 1
    0  2621  3013 1
    0  2622  1989 1
    0  2623  4037 1
    0  2624    37 1
    0  2625  2085 1
    0  2626  1061 1
    0  2627  3109 1
    0  2628   549 1
    0  2629  2597 1
    0  2630  1573 1
    0  2631  3621 1
    0  2632   293 1
    0  2633  2341 1
    0  2634  1317 1
    0  2635  3365 1
    0  2636   805 1
    0  2637  2853 1
    0  2638  1829 1
    0  2639  3877 1
    0  2640   165 1
    0  2641  2213 1
    0  2642  1189 1
    0  2643  3237 1
    0  2644   677 1
    0  2645  2725 1
    0  2646  1701 1
    0  2647  3749 1
    0  2648   421 1
    0  2649  2469 1
    0  2650  1445 1
    0  2651  3493 1
    0  2652   933 1
    0  2653  2981 1
    0  2654  1957 1
    0  2655  4005 1
    0  2656   101 1
    0  2657  2149 1
    0  2658  1125 1
    0  2659  3173 1
    0  2660   613 1
    0  2661  1434 1
    0  2662  1637 1
    0  2663  3685 1
    0  2664   357 1
    0  2665  2405 1
    0  2666  1381 1
    0  2667  3429 1
    0  2668   869 1
    0  2669  2917 1
    0  2670  1893 1
    0  2671  3941 1
    0  2672   229 1
    0  2673  2277 1
    0  2674  1253 1
    0  2675  3301 1
    0  2676   741 1
    0  2677  2789 1
    0  2678  1765 1
    0  2679  3813 1
    0  2680   485 1
    0  2681  2533 1
    0  2682  1509 1
    0  2683  3557 1
    0  2684   997 1
    0  2685  3045 1
    0  2686  2021 1
    0  2687  4069 1
    0  2688    21 1
    0  2689  2069 1
    0  2690  1045 1
    0  2691  3093 1
    0  2692   533 1
    0  2693  2581 1
    0  2694  1557 1
    0  2695  3605 1
    0  2696   277 1
    0  2697  2325 1
    0  2698  1301 1
    0  2699  3349 1
    0  2700   789 1
    0  2701  2837 1
    0  2702  1813 1
    0  2703  3861 1
    0  2704   149 1
    0  2705  2197 1
    0  2706  1173 1
    0  2707  3221 1
    0  2708   661 1
    0  2709  1386 1
    0  2710  1685 1
    0  2711  3733 1
    0  2712   405 1
    0  2713  2453 1
    0  2714  1429 1
    0  2715  3477 1
    0  2716   917 1
    0  2717  2965 1
    0  2718  1941 1
    0  2719  3989 1
    0  2720    85 1
    0  2721  2133 1
    0  2722  1109 1
    0  2723  3157 1
    0  2724   597 1
    0  2725  2645 1
    0  2726  1621 1
    0  2727  3669 1
    0  2728   341 1
    0  2729  2389 1
    0  2730  1365 1
    0  2731  3413 1
    0  2732   853 1
    0  2733  2901 1
    0  2734  1877 1
    0  2735  3925 1
    0  2736   213 1
    0  2737  2261 1
    0  2738  1237 1
    0  2739  3285 1
    0  2740   725 1
    0  2741  2773 1
    0  2742  1749 1
    0  2743  3797 1
    0  2744   469 1
    0  2745  2517 1
    0  2746  1493 1
    0  2747  3541 1
    0  2748   981 1
    0  2749  3029 1
    0  2750  2005 1
    0  2751  4053 1
    0  2752    53 1
    0  2753  2101 1
    0  2754  1077 1
    0  2755  3125 1
    0  2756   565 1
    0  2757  2613 1
    0  2758  1589 1
    0  2759  3637 1
    0  2760   309 1
    0  2761  2357 1
    0  2762  1333 1
    0  2763  3381 1
    0  2764   821 1
    0  2765  2869 1
    0  2766  1845 1
    0  2767  3893 1
    0  2768   181 1
    0  2769  2229 1
    0  2770  1205 1
    0  2771  3253 1
    0  2772   693 1
    0  2773  2741 1
    0  2774  1717 1
    0  2775  3765 1
    0  2776   437 1
    0  2777  2485 1
    0  2778  1461 1
    0  2779  3509 1
    0  2780   949 1
    0  2781  2997 1
    0  2782  1973 1
    0  2783  4021 1
    0  2784   117 1
    0  2785  2165 1
    0  2786  1141 1
    0  2787  3189 1
    0  2788   629 1
    0  2789  2677 1
    0  2790  1653 1
    0  2791  3701 1
    0  2792   373 1
    0  2793  2421 1
    0  2794  1397 1
    0  2795  3445 1
    0  2796   885 1
    0  2797  2933 1
    0  2798  1909 1
    0  2799  3957 1
    0  2800   245 1
    0  2801  2293 1
    0  2802  1269 1
    0  2803  3317 1
    0  2804   757 1
    0  2805  1290 1
    0  2806  1781 1
    0  2807  3829 1
    0  2808   501 1
    0  2809  2549 1
    0  2810  1525 1
    0  2811  3573 1
    0  2812  1013 1
    0  2813  3061 1
    0  2814  2037 1
    0  2815  4085 1
    0  2816    13 1
    0  2817  2061 1
    0  2818  1037 1
    0  2819  3085 1
    0  2820   525 1
    0  2821  2573 1
    0  2822  1549 1
    0  2823  3597 1
    0  2824   269 1
    0  2825  2317 1
    0  2826  1293 1
    0  2827  3341 1
    0  2828   781 1
    0  2829  1266 1
    0  2830  1805 1
    0  2831  3853 1
    0  2832   141 1
    0  2833  2189 1
    0  2834  1165 1
    0  2835  3213 1
    0  2836   653 1
    0  2837  2701 1
    0  2838  1677 1
    0  2839  3725 1
    0  2840   397 1
    0  2841  2445 1
    0  2842  1421 1
    0  2843  3469 1
    0  2844   909 1
    0  2845  2957 1
    0  2846  1933 1
    0  2847  3981 1
    0  2848    77 1
    0  2849  2125 1
    0  2850  1101 1
    0  2851  3149 1
    0  2852   589 1
    0  2853  2637 1
    0  2854  1613 1
    0  2855  3661 1
    0  2856   333 1
    0  2857  2381 1
    0  2858  1357 1
    0  2859  3405 1
    0  2860   845 1
    0  2861  2893 1
    0  2862  1869 1
    0  2863  3917 1
    0  2864   205 1
    0  2865  2253 1
    0  2866  1229 1
    0  2867  3277 1
    0  2868   717 1
    0  2869  2765 1
    0  2870  1741 1
    0  2871  3789 1
    0  2872   461 1
    0  2873  2509 1
    0  2874  1485 1
    0  2875  3533 1
    0  2876   973 1
    0  2877  3021 1
    0  2878  1997 1
    0  2879  4045 1
    0  2880    45 1
    0  2881  2093 1
    0  2882  1069 1
    0  2883  3117 1
    0  2884   557 1
    0  2885  2605 1
    0  2886  1581 1
    0  2887  3629 1
    0  2888   301 1
    0  2889  2349 1
    0  2890  1325 1
    0  2891  3373 1
    0  2892   813 1
    0  2893  2861 1
    0  2894  1837 1
    0  2895  3885 1
    0  2896   173 1
    0  2897  2221 1
    0  2898  1197 1
    0  2899  3245 1
    0  2900   685 1
    0  2901  2733 1
    0  2902  1709 1
    0  2903  3757 1
    0  2904   429 1
    0  2905  2477 1
    0  2906  1453 1
    0  2907  3501 1
    0  2908   941 1
    0  2909  2989 1
    0  2910  1965 1
    0  2911  4013 1
    0  2912   109 1
    0  2913  2157 1
    0  2914  1133 1
    0  2915  3181 1
    0  2916   621 1
    0  2917  2669 1
    0  2918  1645 1
    0  2919  3693 1
    0  2920   365 1
    0  2921  2413 1
    0  2922  1389 1
    0  2923  3437 1
    0  2924   877 1
    0  2925  1170 1
    0  2926  1901 1
    0  2927  3949 1
    0  2928   237 1
    0  2929  2285 1
    0  2930  1261 1
    0  2931  3309 1
    0  2932   749 1
    0  2933  2797 1
    0  2934  1773 1
    0  2935  3821 1
    0  2936   493 1
    0  2937  2541 1
    0  2938  1517 1
    0  2939  3565 1
    0  2940  1005 1
    0  2941  3053 1
    0  2942  2029 1
    0  2943  4077 1
    0  2944    29 1
    0  2945  2077 1
    0  2946  1053 1
    0  2947  3101 1
    0  2948   541 1
    0  2949  2589 1
    0  2950  1565 1
    0  2951  3613 1
    0  2952   285 1
    0  2953  2333 1
    0  2954  1309 1
    0  2955  3357 1
    0  2956   797 1
    0  2957  2845 1
    0  2958  1821 1
    0  2959  3869 1
    0  2960   157 1
    0  2961  2205 1
    0  2962  1181 1
    0  2963  3229 1
    0  2964   669 1
    0  2965  2717 1
    0  2966  1693 1
    0  2967  3741 1
    0  2968   413 1
    0  2969  2461 1
    0  2970  1437 1
    0  2971  3485 1
    0  2972   925 1
    0  2973  1122 1
    0  2974  1949 1
    0  2975  3997 1
    0  2976    93 1
    0  2977  2141 1
    0  2978  1117 1
    0  2979  3165 1
    0  2980   605 1
    0  2981  2653 1
    0  2982  1629 1
    0  2983  3677 1
    0  2984   349 1
    0  2985  2397 1
    0  2986  1373 1
    0  2987  3421 1
    0  2988   861 1
    0  2989  2909 1
    0  2990  1885 1
    0  2991  3933 1
    0  2992   221 1
    0  2993  2269 1
    0  2994  1245 1
    0  2995  3293 1
    0  2996   733 1
    0  2997  2781 1
    0  2998  1757 1
    0  2999  3805 1
    0  3000   477 1
    0  3001  2525 1
    0  3002  1501 1
    0  3003  3549 1
    0  3004   989 1
    0  3005  3037 1
    0  3006  2013 1
    0  3007  4061 1
    0  3008    61 1
    0  3009  2109 1
    0  3010  1085 1
    0  3011  3133 1
    0  3012   573 1
    0  3013  2621 1
    0  3014  1597 1
    0  3015  3645 1
    0  3016   317 1
    0  3017  2365 1
    0  3018  1341 1
    0  3019  3389 1
    0  3020   829 1
    0  3021  2877 1
    0  3022  1853 1
    0  3023  3901 1
    0  3024   189 1
    0  3025  2237 1
    0  3026  1213 1
    0  3027  3261 1
    0  3028   701 1
    0  3029  2749 1
    0  3030  1725 1
    0  3031  3773 1
    0  3032   445 1
    0  3033  2493 1
    0  3034  1469 1
    0  3035  3517 1
    0  3036   957 1
    0  3037  3005 1
    0  3038  1981 1
    0  3039  4029 1
    0  3040   125 1
    0  3041  2173 1
    0  3042  1149 1
    0  3043  3197 1
    0  3044   637 1
    0  3045  2685 1
    0  3046  1661 1
    0  3047  3709 1
    0  3048   381 1
    0  3049  2429 1
    0  3050  1405 1
    0  3051  3453 1
    0  3052   893 1
    0  3053  2941 1
    0  3054  1917 1
    0  3055  3965 1
    0  3056   253 1
    0  3057  2301 1
    0  3058  1277 1
    0  3059  3325 1
    0  3060   765 1
    0  3061  2813 1
    0  3062  1789 1
    0  3063  3837 1
    0  3064   509 1
    0  3065  2557 1
    0  3066  1533 1
    0  3067  3581 1
    0  3068  1021 1
    0  3069  1026 1
    0  3070  2045 1
    0  3071  4093 1
    0  3072     3 1
    0  3073  2051 1
    0  3074  1027 1
    0  3075  1020 1
    0  3076   515 1
    0  3077  2563 1
    0  3078  1539 1
    0  3079  3587 1
    0  3080   259 1
    0  3081  2307 1
    0  3082  1283 1
    0  3083  3331 1
    0  3084   771 1
    0  3085  2819 1
    0  3086  1795 1
    0  3087  3843 1
    0  3088   131 1
    0  3089  2179 1
    0  3090  1155 1
    0  3091  3203 1
    0  3092   643 1
    0  3093  2691 1
    0  3094  1667 1
    0  3095  3715 1
    0  3096   387 1
    0  3097  2435 1
    0  3098  1411 1
    0  3099  3459 1
    0  3100   899 1
    0  3101  2947 1
    0  3102  1923 1
    0  3103  3971 1
    0  3104    67 1
    0  3105  2115 1
    0  3106  1091 1
    0  3107  3139 1
    0  3108   579 1
    0  3109  2627 1
    0  3110  1603 1
    0  3111  3651 1
    0  3112   323 1
    0  3113  2371 1
    0  3114  1347 1
    0  3115  3395 1
    0  3116   835 1
    0  3117  2883 1
    0  3118  1859 1
    0  3119  3907 1
    0  3120   195 1
    0  3121  2243 1
    0  3122  1219 1
    0  3123  3267 1
    0  3124   707 1
    0  3125  2755 1
    0  3126  1731 1
    0  3127  3779 1
    0  3128   451 1
    0  3129  2499 1
    0  3130  1475 1
    0  3131  3523 1
    0  3132   963 1
    0  3133  3011 1
    0  3134  1987 1
    0  3135  4035 1
    0  3136    35 1
    0  3137  2083 1
    0  3138  1059 1
    0  3139  3107 1
    0  3140   547 1
    0  3141  2595 1
    0  3142  1571 1
    0  3143  3619 1
    0  3144   291 1
    0  3145  2339 1
    0  3146  1315 1
    0  3147  3363 1
    0  3148   803 1
    0  3149  2851 1
    0  3150  1827 1
    0  3151  3875 1
    0  3152   163 1
    0  3153  2211 1
    0  3154  1187 1
    0  3155  3235 1
    0  3156   675 1
    0  3157  2723 1
    0  3158  1699 1
    0  3159  3747 1
    0  3160   419 1
    0  3161  2467 1
    0  3162  1443 1
    0  3163  3491 1
    0  3164   931 1
    0  3165  2979 1
    0  3166  1955 1
    0  3167  4003 1
    0  3168    99 1
    0  3169  2147 1
    0  3170  1123 1
    0  3171   924 1
    0  3172   611 1
    0  3173  2659 1
    0  3174  1635 1
    0  3175  3683 1
    0  3176   355 1
    0  3177  2403 1
    0  3178  1379 1
    0  3179  3427 1
    0  3180   867 1
    0  3181  2915 1
    0  3182  1891 1
    0  3183  3939 1
    0  3184   227 1
    0  3185  2275 1
    0  3186  1251 1
    0  3187  3299 1
    0  3188   739 1
    0  3189  2787 1
    0  3190  1763 1
    0  3191  3811 1
    0  3192   483 1
    0  3193  2531 1
    0  3194  1507 1
    0  3195  3555 1
    0  3196   995 1
    0  3197  3043 1
    0  3198  2019 1
    0  3199  4067 1
    0  3200    19 1
    0  3201  2067 1
    0  3202  1043 1
    0  3203  3091 1
    0  3204   531 1
    0  3205  2579 1
    0  3206  1555 1
    0  3207  3603 1
    0  3208   275 1
    0  3209  2323 1
    0  3210  1299 1
    0  3211  3347 1
    0  3212   787 1
    0  3213  2835 1
    0  3214  1811 1
    0  3215  3859 1
    0  3216   147 1
    0  3217  2195 1
    0  3218  1171 1
    0  3219   876 1
    0  3220   659 1
    0  3221  2707 1
    0  3222  1683 1
    0  3223  3731 1
    0  3224   403 1
    0  3225  2451 1
    0  3226  1427 1
    0  3227  3475 1
    0  3228   915 1
    0  3229  2963 1
    0  3230  1939 1
    0  3231  3987 1
    0  3232    83 1
    0  3233  2131 1
    0  3234  1107 1
    0  3235  3155 1
    0  3236   595 1
    0  3237  2643 1
    0  3238  1619 1
    0  3239  3667 1
    0  3240   339 1
    0  3241  2387 1
    0  3242  1363 1
    0  3243  3411 1
    0  3244   851 1
    0  3245  2899 1
    0  3246  1875 1
    0  3247  3923 1
    0  3248   211 1
    0  3249  2259 1
    0  3250  1235 1
    0  3251  3283 1
    0  3252   723 1
    0  3253  2771 1
    0  3254  1747 1
    0  3255  3795 1
    0  3256   467 1
    0  3257  2515 1
    0  3258  1491 1
    0  3259  3539 1
    0  3260   979 1
    0  3261  3027 1
    0  3262  2003 1
    0  3263  4051 1
    0  3264    51 1
    0  3265  2099 1
    0  3266  1075 1
    0  3267  3123 1
    0  3268   563 1
    0  3269  2611 1
    0  3270  1587 1
    0  3271  3635 1
    0  3272   307 1
    0  3273  2355 1
    0  3274  1331 1
    0  3275  3379 1
    0  3276   819 1
    0  3277  2867 1
    0  3278  1843 1
    0  3279  3891 1
    0  3280   179 1
    0  3281  2227 1
    0  3282  1203 1
    0  3283  3251 1
    0  3284   691 1
    0  3285  2739 1
    0  3286  1715 1
    0  3287  3763 1
    0  3288   435 1
    0  3289  2483 1
    0  3290  1459 1
    0  3291  3507 1
    0  3292   947 1
    0  3293  2995 1
    0  3294  1971 1
    0  3295  4019 1
    0  3296   115 1
    0  3297  2163 1
    0  3298  1139 1
    0  3299  3187 1
    0  3300   627 1
    0  3301  2675 1
    0  3302  1651 1
    0  3303  3699 1
    0  3304   371 1
    0  3305  2419 1
    0  3306  1395 1
    0  3307  3443 1
    0  3308   883 1
    0  3309  2931 1
    0  3310  1907 1
    0  3311  3955 1
    0  3312   243 1
    0  3313  2291 1
    0  3314  1267 1
    0  3315   780 1
    0  3316   755 1
    0  3317  2803 1
    0  3318  1779 1
    0  3319  3827 1
    0  3320   499 1
    0  3321  2547 1
    0  3322  1523 1
    0  3323  3571 1
    0  3324  1011 1
    0  3325  3059 1
    0  3326  2035 1
    0  3327  4083 1
    0  3328    11 1
    0  3329  2059 1
    0  3330  1035 1
    0  3331  3083 1
    0  3332   523 1
    0  3333  2571 1
    0  3334  1547 1
    0  3335  3595 1
    0  3336   267 1
    0  3337  2315 1
    0  3338  1291 1
    0  3339   756 1
    0  3340   779 1
    0  3341  2827 1
    0  3342  1803 1
    0  3343  3851 1
    0  3344   139 1
    0  3345  2187 1
    0  3346  1163 1
    0  3347  3211 1
    0  3348   651 1
    0  3349  2699 1
    0  3350  1675 1
    0  3351  3723 1
    0  3352   395 1
    0  3353  2443 1
    0  3354  1419 1
    0  3355  3467 1
    0  3356   907 1
    0  3357  2955 1
    0  3358  1931 1
    0  3359  3979 1
    0  3360    75 1
    0  3361  2123 1
    0  3362  1099 1
    0  3363  3147 1
    0  3364   587 1
    0  3365  2635 1
    0  3366  1611 1
    0  3367  3659 1
    0  3368   331 1
    0  3369  2379 1
    0  3370  1355 1
    0  3371  3403 1
    0  3372   843 1
    0  3373  2891 1
    0  3374  1867 1
    0  3375  3915 1
    0  3376   203 1
    0  3377  2251 1
    0  3378  1227 1
    0  3379  3275 1
    0  3380   715 1
    0  3381  2763 1
    0  3382  1739 1
    0  3383  3787 1
    0  3384   459 1
    0  3385  2507 1
    0  3386  1483 1
    0  3387  3531 1
    0  3388   971 1
    0  3389  3019 1
    0  3390  1995 1
    0  3391  4043 1
    0  3392    43 1
    0  3393  2091 1
    0  3394  1067 1
    0  3395  3115 1
    0  3396   555 1
    0  3397  2603 1
    0  3398  1579 1
    0  3399  3627 1
    0  3400   299 1
    0  3401  2347 1
    0  3402  1323 1
    0  3403  3371 1
    0  3404   811 1
    0  3405  2859 1
    0  3406  1835 1
    0  3407  3883 1
    0  3408   171 1
    0  3409  2219 1
    0  3410  1195 1
    0  3411  3243 1
    0  3412   683 1
    0  3413  2731 1
    0  3414  1707 1
    0  3415  3755 1
    0  3416   427 1
    0  3417  2475 1
    0  3418  1451 1
    0  3419  3499 1
    0  3420   939 1
    0  3421  2987 1
    0  3422  1963 1
    0  3423  4011 1
    0  3424   107 1
    0  3425  2155 1
    0  3426  1131 1
    0  3427  3179 1
    0  3428   619 1
    0  3429  2667 1
    0  3430  1643 1
    0  3431  3691 1
    0  3432   363 1
    0  3433  2411 1
    0  3434  1387 1
    0  3435   660 1
    0  3436   875 1
    0  3437  2923 1
    0  3438  1899 1
    0  3439  3947 1
    0  3440   235 1
    0  3441  2283 1
    0  3442  1259 1
    0  3443  3307 1
    0  3444   747 1
    0  3445  2795 1
    0  3446  1771 1
    0  3447  3819 1
    0  3448   491 1
    0  3449  2539 1
    0  3450  1515 1
    0  3451  3563 1
    0  3452  1003 1
    0  3453  3051 1
    0  3454  2027 1
    0  3455  4075 1
    0  3456    27 1
    0  3457  2075 1
    0  3458  1051 1
    0  3459  3099 1
    0  3460   539 1
    0  3461  2587 1
    0  3462  1563 1
    0  3463  3611 1
    0  3464   283 1
    0  3465  2331 1
    0  3466  1307 1
    0  3467  3355 1
    0  3468   795 1
    0  3469  2843 1
    0  3470  1819 1
    0  3471  3867 1
    0  3472   155 1
    0  3473  2203 1
    0  3474  1179 1
    0  3475  3227 1
    0  3476   667 1
    0  3477  2715 1
    0  3478  1691 1
    0  3479  3739 1
    0  3480   411 1
    0  3481  2459 1
    0  3482  1435 1
    0  3483   612 1
    0  3484   923 1
    0  3485  2971 1
    0  3486  1947 1
    0  3487  3995 1
    0  3488    91 1
    0  3489  2139 1
    0  3490  1115 1
    0  3491  3163 1
    0  3492   603 1
    0  3493  2651 1
    0  3494  1627 1
    0  3495  3675 1
    0  3496   347 1
    0  3497  2395 1
    0  3498  1371 1
    0  3499  3419 1
    0  3500   859 1
    0  3501  2907 1
    0  3502  1883 1
    0  3503  3931 1
    0  3504   219 1
    0  3505  2267 1
    0  3506  1243 1
    0  3507  3291 1
    0  3508   731 1
    0  3509  2779 1
    0  3510  1755 1
    0  3511  3803 1
    0  3512   475 1
    0  3513  2523 1
    0  3514  1499 1
    0  3515  3547 1
    0  3516   987 1
    0  3517  3035 1
    0  3518  2011 1
    0  3519  4059 1
    0  3520    59 1
    0  3521  2107 1
    0  3522  1083 1
    0  3523  3131 1
    0  3524   571 1
    0  3525  2619 1
    0  3526  1595 1
    0  3527  3643 1
    0  3528   315 1
    0  3529  2363 1
    0  3530  1339 1
    0  3531  3387 1
    0  3532   827 1
    0  3533  2875 1
    0  3534  1851 1
    0  3535  3899 1
    0  3536   187 1
    0  3537  2235 1
    0  3538  1211 1
    0  3539  3259 1
    0  3540   699 1
    0  3541  2747 1
    0  3542  1723 1
    0  3543  3771 1
    0  3544   443 1
    0  3545  2491 1
    0  3546  1467 1
    0  3547  3515 1
    0  3548   955 1
    0  3549  3003 1
    0  3550  1979 1
    0  3551  4027 1
    0  3552   123 1
    0  3553  2171 1
    0  3554  1147 1
    0  3555  3195 1
    0  3556   635 1
    0  3557  2683 1
    0  3558  1659 1
    0  3559  3707 1
    0  3560   379 1
    0  3561  2427 1
    0  3562  1403 1
    0  3563  3451 1
    0  3564   891 1
    0  3565  2939 1
    0  3566  1915 1
    0  3567  3963 1
    0  3568   251 1
    0  3569  2299 1
    0  3570  1275 1
    0  3571  3323 1
    0  3572   763 1
    0  3573  2811 1
    0  3574  1787 1
    0  3575  3835 1
    0  3576   507 1
    0  3577  2555 1
    0  3578  1531 1
    0  3579   516 1
    0  3580  1019 1
    0  3581  3067 1
    0  3582  2043 1
    0  3583  4091 1
    0  3584     7 1
    0  3585  2055 1
    0  3586  1031 1
    0  3587  3079 1
    0  3588   519 1
    0  3589  2567 1
    0  3590  1543 1
    0  3591   504 1
    0  3592   263 1
    0  3593  2311 1
    0  3594  1287 1
    0  3595  3335 1
    0  3596   775 1
    0  3597  2823 1
    0  3598  1799 1
    0  3599  3847 1
    0  3600   135 1
    0  3601  2183 1
    0  3602  1159 1
    0  3603  3207 1
    0  3604   647 1
    0  3605  2695 1
    0  3606  1671 1
    0  3607  3719 1
    0  3608   391 1
    0  3609  2439 1
    0  3610  1415 1
    0  3611  3463 1
    0  3612   903 1
    0  3613  2951 1
    0  3614  1927 1
    0  3615  3975 1
    0  3616    71 1
    0  3617  2119 1
    0  3618  1095 1
    0  3619  3143 1
    0  3620   583 1
    0  3621  2631 1
    0  3622  1607 1
    0  3623  3655 1
    0  3624   327 1
    0  3625  2375 1
    0  3626  1351 1
    0  3627  3399 1
    0  3628   839 1
    0  3629  2887 1
    0  3630  1863 1
    0  3631  3911 1
    0  3632   199 1
    0  3633  2247 1
    0  3634  1223 1
    0  3635  3271 1
    0  3636   711 1
    0  3637  2759 1
    0  3638  1735 1
    0  3639  3783 1
    0  3640   455 1
    0  3641  2503 1
    0  3642  1479 1
    0  3643  3527 1
    0  3644   967 1
    0  3645  3015 1
    0  3646  1991 1
    0  3647  4039 1
    0  3648    39 1
    0  3649  2087 1
    0  3650  1063 1
    0  3651  3111 1
    0  3652   551 1
    0  3653  2599 1
    0  3654  1575 1
    0  3655  3623 1
    0  3656   295 1
    0  3657  2343 1
    0  3658  1319 1
    0  3659  3367 1
    0  3660   807 1
    0  3661  2855 1
    0  3662  1831 1
    0  3663  3879 1
    0  3664   167 1
    0  3665  2215 1
    0  3666  1191 1
    0  3667  3239 1
    0  3668   679 1
    0  3669  2727 1
    0  3670  1703 1
    0  3671  3751 1
    0  3672   423 1
    0  3673  2471 1
    0  3674  1447 1
    0  3675  3495 1
    0  3676   935 1
    0  3677  2983 1
    0  3678  1959 1
    0  3679  4007 1
    0  3680   103 1
    0  3681  2151 1
    0  3682  1127 1
    0  3683  3175 1
    0  3684   615 1
    0  3685  2663 1
    0  3686  1639 1
    0  3687   408 1
    0  3688   359 1
    0  3689  2407 1
    0  3690  1383 1
    0  3691  3431 1
    0  3692   871 1
    0  3693  2919 1
    0  3694  1895 1
    0  3695  3943 1
    0  3696   231 1
    0  3697  2279 1
    0  3698  1255 1
    0  3699  3303 1
    0  3700   743 1
    0  3701  2791 1
    0  3702  1767 1
    0  3703  3815 1
    0  3704   487 1
    0  3705  2535 1
    0  3706  1511 1
    0  3707  3559 1
    0  3708   999 1
    0  3709  3047 1
    0  3710  2023 1
    0  3711  4071 1
    0  3712    23 1
    0  3713  2071 1
    0  3714  1047 1
    0  3715  3095 1
    0  3716   535 1
    0  3717  2583 1
    0  3718  1559 1
    0  3719  3607 1
    0  3720   279 1
    0  3721  2327 1
    0  3722  1303 1
    0  3723  3351 1
    0  3724   791 1
    0  3725  2839 1
    0  3726  1815 1
    0  3727  3863 1
    0  3728   151 1
    0  3729  2199 1
    0  3730  1175 1
    0  3731  3223 1
    0  3732   663 1
    0  3733  2711 1
    0  3734  1687 1
    0  3735   360 1
    0  3736   407 1
    0  3737  2455 1
    0  3738  1431 1
    0  3739  3479 1
    0  3740   919 1
    0  3741  2967 1
    0  3742  1943 1
    0  3743  3991 1
    0  3744    87 1
    0  3745  2135 1
    0  3746  1111 1
    0  3747  3159 1
    0  3748   599 1
    0  3749  2647 1
    0  3750  1623 1
    0  3751  3671 1
    0  3752   343 1
    0  3753  2391 1
    0  3754  1367 1
    0  3755  3415 1
    0  3756   855 1
    0  3757  2903 1
    0  3758  1879 1
    0  3759  3927 1
    0  3760   215 1
    0  3761  2263 1
    0  3762  1239 1
    0  3763  3287 1
    0  3764   727 1
    0  3765  2775 1
    0  3766  1751 1
    0  3767  3799 1
    0  3768   471 1
    0  3769  2519 1
    0  3770  1495 1
    0  3771  3543 1
    0  3772   983 1
    0  3773  3031 1
    0  3774  2007 1
    0  3775  4055 1
    0  3776    55 1
    0  3777  2103 1
    0  3778  1079 1
    0  3779  3127 1
    0  3780   567 1
    0  3781  2615 1
    0  3782  1591 1
    0  3783  3639 1
    0  3784   311 1
    0  3785  2359 1
    0  3786  1335 1
    0  3787  3383 1
    0  3788   823 1
    0  3789  2871 1
    0  3790  1847 1
    0  3791  3895 1
    0  3792   183 1
    0  3793  2231 1
    0  3794  1207 1
    0  3795  3255 1
    0  3796   695 1
    0  3797  2743 1
    0  3798  1719 1
    0  3799  3767 1
    0  3800   439 1
    0  3801  2487 1
    0  3802  1463 1
    0  3803  3511 1
    0  3804   951 1
    0  3805  2999 1
    0  3806  1975 1
    0  3807  4023 1
    0  3808   119 1
    0  3809  2167 1
    0  3810  1143 1
    0  3811  3191 1
    0  3812   631 1
    0  3813  2679 1
    0  3814  1655 1
    0  3815  3703 1
    0  3816   375 1
    0  3817  2423 1
    0  3818  1399 1
    0  3819  3447 1
    0  3820   887 1
    0  3821  2935 1
    0  3822  1911 1
    0  3823  3959 1
    0  3824   247 1
    0  3825  2295 1
    0  3826  1271 1
    0  3827  3319 1
    0  3828   759 1
    0  3829  2807 1
    0  3830  1783 1
    0  3831   264 1
    0  3832   503 1
    0  3833  2551 1
    0  3834  1527 1
    0  3835  3575 1
    0  3836  1015 1
    0  3837  3063 1
    0  3838  2039 1
    0  3839  4087 1
    0  3840    15 1
    0  3841  2063 1
    0  3842  1039 1
    0  3843  3087 1
    0  3844   527 1
    0  3845  2575 1
    0  3846  1551 1
    0  3847  3599 1
    0  3848   271 1
    0  3849  2319 1
    0  3850  1295 1
    0  3851  3343 1
    0  3852   783 1
    0  3853  2831 1
    0  3854  1807 1
    0  3855   240 1
    0  3856   143 1
    0  3857  2191 1
    0  3858  1167 1
    0  3859  3215 1
    0  3860   655 1
    0  3861  2703 1
    0  3862  1679 1
    0  3863  3727 1
    0  3864   399 1
    0  3865  2447 1
    0  3866  1423 1
    0  3867  3471 1
    0  3868   911 1
    0  3869  2959 1
    0  3870  1935 1
    0  3871  3983 1
    0  3872    79 1
    0  3873  2127 1
    0  3874  1103 1
    0  3875  3151 1
    0  3876   591 1
    0  3877  2639 1
    0  3878  1615 1
    0  3879  3663 1
    0  3880   335 1
    0  3881  2383 1
    0  3882  1359 1
    0  3883  3407 1
    0  3884   847 1
    0  3885  2895 1
    0  3886  1871 1
    0  3887  3919 1
    0  3888   207 1
    0  3889  2255 1
    0  3890  1231 1
    0  3891  3279 1
    0  3892   719 1
    0  3893  2767 1
    0  3894  1743 1
    0  3895  3791 1
    0  3896   463 1
    0  3897  2511 1
    0  3898  1487 1
    0  3899  3535 1
    0  3900   975 1
    0  3901  3023 1
    0  3902  1999 1
    0  3903  4047 1
    0  3904    47 1
    0  3905  2095 1
    0  3906  1071 1
    0  3907  3119 1
    0  3908   559 1
    0  3909  2607 1
    0  3910  1583 1
    0  3911  3631 1
    0  3912   303 1
    0  3913  2351 1
    0  3914  1327 1
    0  3915  3375 1
    0  3916   815 1
    0  3917  2863 1
    0  3918  1839 1
    0  3919  3887 1
    0  3920   175 1
    0  3921  2223 1
    0  3922  1199 1
    0  3923  3247 1
    0  3924   687 1
    0  3925  2735 1
    0  3926  1711 1
    0  3927  3759 1
    0  3928   431 1
    0  3929  2479 1
    0  3930  1455 1
    0  3931  3503 1
    0  3932   943 1
    0  3933  2991 1
    0  3934  1967 1
    0  3935  4015 1
    0  3936   111 1
    0  3937  2159 1
    0  3938  1135 1
    0  3939  3183 1
    0  3940   623 1
    0  3941  2671 1
    0  3942  1647 1
    0  3943  3695 1
    0  3944   367 1
    0  3945  2415 1
    0  3946  1391 1
    0  3947  3439 1
    0  3948   879 1
    0  3949  2927 1
    0  3950  1903 1
    0  3951   144 1
    0  3952   239 1
    0  3953  2287 1
    0  3954  1263 1
    0  3955  3311 1
    0  3956   751 1
    0  3957  2799 1
    0  3958  1775 1
    0  3959  3823 1
    0  3960   495 1
    0  3961  2543 1
    0  3962  1519 1
    0  3963  3567 1
    0  3964  1007 1
    0  3965  3055 1
    0  3966  2031 1
    0  3967  4079 1
    0  3968    31 1
    0  3969  2079 1
    0  3970  1055 1
    0  3971  3103 1
    0  3972   543 1
    0  3973  2591 1
    0  3974  1567 1
    0  3975  3615 1
    0  3976   287 1
    0  3977  2335 1
    0  3978  1311 1
    0  3979  3359 1
    0  3980   799 1
    0  3981  2847 1
    0  3982  1823 1
    0  3983  3871 1
    0  3984   159 1
    0  3985  2207 1
    0  3986  1183 1
    0  3987  3231 1
    0  3988   671 1
    0  3989  2719 1
    0  3990  1695 1
    0  3991  3743 1
    0  3992   415 1
    0  3993  2463 1
    0  3994  1439 1
    0  3995  3487 1
    0  3996   927 1
    0  3997  2975 1
    0  3998  1951 1
    0  3999    96 1
    0  4000    95 1
    0  4001  2143 1
    0  4002  1119 1
    0  4003  3167 1
    0  4004   607 1
    0  4005  2655 1
    0  4006  1631 1
    0  4007  3679 1
    0  4008   351 1
    0  4009  2399 1
    0  4010  1375 1
    0  4011  3423 1
    0  4012   863 1
    0  4013  2911 1
    0  4014  1887 1
    0  4015  3935 1
    0  4016   223 1
    0  4017  2271 1
    0  4018  1247 1
    0  4019  3295 1
    0  4020   735 1
    0  4021  2783 1
    0  4022  1759 1
    0  4023  3807 1
    0  4024   479 1
    0  4025  2527 1
    0  4026  1503 1
    0  4027  3551 1
    0  4028   991 1
    0  4029  3039 1
    0  4030  2015 1
    0  4031  4063 1
    0  4032    63 1
    0  4033  2111 1
    0  4034  1087 1
    0  4035  3135 1
    0  4036   575 1
    0  4037  2623 1
    0  4038  1599 1
    0  4039  3647 1
    0  4040   319 1
    0  4041  2367 1
    0  4042  1343 1
    0  4043  3391 1
    0  4044   831 1
    0  4045  2879 1
    0  4046  1855 1
    0  4047  3903 1
    0  4048   191 1
    0  4049  2239 1
    0  4050  1215 1
    0  4051  3263 1
    0  4052   703 1
    0  4053  2751 1
    0  4054  1727 1
    0  4055  3775 1
    0  4056   447 1
    0  4057  2495 1
    0  4058  1471 1
    0  4059  3519 1
    0  4060   959 1
    0  4061  3007 1
    0  4062  1983 1
    0  4063  4031 1
    0  4064   127 1
    0  4065  2175 1
    0  4066  1151 1
    0  4067  3199 1
    0  4068   639 1
    0  4069  2687 1
    0  4070  1663 1
    0  4071  3711 1
    0  4072   383 1
    0  4073  2431 1
    0  4074  1407 1
    0  4075  3455 1
    0  4076   895 1
    0  4077  2943 1
    0  4078  1919 1
    0  4079  3967 1
    0  4080   255 1
    0  4081  2303 1
    0  4082  1279 1
    0  4083  3327 1
    0  4084   767 1
    0  4085  2815 1
    0  4086  1791 1
    0  4087  3839 1
    0  4088   511 1
    0  4089  2559 1
    0  4090  1535 1
    0  4091  3583 1
    0  4092  1023 1
    0  4093  3071 1
    0  4094  2047 1
    0  4095     0 1
