    0     0   255 1
    0     1     2 1
    0     2     4 1
    0     3     6 1
    0     4     8 1
    0     5    10 1
    0     6    12 1
    0     7    14 1
    0     8    16 1
    0     9    18 1
    0    10    20 1
    0    11    22 1
    0    12    24 1
    0    13    26 1
    0    14    28 1
    0    15    30 1
    0    16    32 1
    0    17    34 1
    0    18    36 1
    0    19    38 1
    0    20    40 1
    0    21    42 1
    0    22    44 1
    0    23    46 1
    0    24    48 1
    0    25    50 1
    0    26    52 1
    0    27    54 1
    0    28    56 1
    0    29    58 1
    0    30    60 1
    0    31    62 1
    0    32    64 1
    0    33    66 1
    0    34    68 1
    0    35    70 1
    0    36    72 1
    0    37    74 1
    0    38    76 1
    0    39    78 1
    0    40    80 1
    0    41    82 1
    0    42    84 1
    0    43    86 1
    0    44    88 1
    0    45    90 1
    0    46    92 1
    0    47    94 1
    0    48    96 1
    0    49    98 1
    0    50   100 1
    0    51   102 1
    0    52   104 1
    0    53   106 1
    0    54   108 1
    0    55   110 1
    0    56   112 1
    0    57   114 1
    0    58   116 1
    0    59   118 1
    0    60   120 1
    0    61   122 1
    0    62   124 1
    0    63   126 1
    0    64   128 1
    0    65   130 1
    0    66   132 1
    0    67   134 1
    0    68   136 1
    0    69   138 1
    0    70   140 1
    0    71   142 1
    0    72   144 1
    0    73   146 1
    0    74   148 1
    0    75   150 1
    0    76   152 1
    0    77   154 1
    0    78   156 1
    0    79   158 1
    0    80   160 1
    0    81   162 1
    0    82   164 1
    0    83   166 1
    0    84   168 1
    0    85   170 1
    0    86   172 1
    0    87   174 1
    0    88   176 1
    0    89   178 1
    0    90   180 1
    0    91   182 1
    0    92   184 1
    0    93   186 1
    0    94   188 1
    0    95   190 1
    0    96   192 1
    0    97   194 1
    0    98   196 1
    0    99   198 1
    0   100   200 1
    0   101   202 1
    0   102   204 1
    0   103   206 1
    0   104   208 1
    0   105   210 1
    0   106   212 1
    0   107   214 1
    0   108   216 1
    0   109   218 1
    0   110   220 1
    0   111   222 1
    0   112   224 1
    0   113   226 1
    0   114   228 1
    0   115   230 1
    0   116   232 1
    0   117   234 1
    0   118   236 1
    0   119   238 1
    0   120   240 1
    0   121   242 1
    0   122   244 1
    0   123   246 1
    0   124   248 1
    0   125   250 1
    0   126   252 1
    0   127   254 1
    0   128     1 1
    0   129     3 1
    0   130     5 1
    0   131     7 1
    0   132     9 1
    0   133    11 1
    0   134    13 1
    0   135    15 1
    0   136    17 1
    0   137    19 1
    0   138    21 1
    0   139    23 1
    0   140    25 1
    0   141    27 1
    0   142    29 1
    0   143    31 1
    0   144    33 1
    0   145    35 1
    0   146    37 1
    0   147    39 1
    0   148    41 1
    0   149    43 1
    0   150    45 1
    0   151    47 1
    0   152    49 1
    0   153    51 1
    0   154    53 1
    0   155    55 1
    0   156    57 1
    0   157    59 1
    0   158    61 1
    0   159    63 1
    0   160    65 1
    0   161    67 1
    0   162    69 1
    0   163    71 1
    0   164    73 1
    0   165    75 1
    0   166    77 1
    0   167    79 1
    0   168    81 1
    0   169    83 1
    0   170    85 1
    0   171    87 1
    0   172    89 1
    0   173    91 1
    0   174    93 1
    0   175    95 1
    0   176    97 1
    0   177    99 1
    0   178   101 1
    0   179   103 1
    0   180   105 1
    0   181   107 1
    0   182   109 1
    0   183   111 1
    0   184   113 1
    0   185   115 1
    0   186   117 1
    0   187   119 1
    0   188   121 1
    0   189   123 1
    0   190   125 1
    0   191   127 1
    0   192   129 1
    0   193   131 1
    0   194   133 1
    0   195   135 1
    0   196   137 1
    0   197   139 1
    0   198   141 1
    0   199   143 1
    0   200   145 1
    0   201   147 1
    0   202   149 1
    0   203   151 1
    0   204   153 1
    0   205   155 1
    0   206   157 1
    0   207   159 1
    0   208   161 1
    0   209   163 1
    0   210   165 1
    0   211   167 1
    0   212   169 1
    0   213   171 1
    0   214   173 1
    0   215   175 1
    0   216   177 1
    0   217   179 1
    0   218   181 1
    0   219   183 1
    0   220   185 1
    0   221   187 1
    0   222   189 1
    0   223   191 1
    0   224   193 1
    0   225   195 1
    0   226   197 1
    0   227   199 1
    0   228   201 1
    0   229   203 1
    0   230   205 1
    0   231   207 1
    0   232   209 1
    0   233   211 1
    0   234   213 1
    0   235   215 1
    0   236   217 1
    0   237   219 1
    0   238   221 1
    0   239   223 1
    0   240   225 1
    0   241   227 1
    0   242   229 1
    0   243   231 1
    0   244   233 1
    0   245   235 1
    0   246   237 1
    0   247   239 1
    0   248   241 1
    0   249   243 1
    0   250   245 1
    0   251   247 1
    0   252   249 1
    0   253   251 1
    0   254   253 1
    0   255     0 1
