    0     0  1023 1
    0     1     2 1
    0     2     4 1
    0     3     6 1
    0     4     8 1
    0     5    10 1
    0     6    12 1
    0     7    14 1
    0     8    16 1
    0     9    18 1
    0    10    20 1
    0    11    22 1
    0    12    24 1
    0    13    26 1
    0    14    28 1
    0    15    30 1
    0    16    32 1
    0    17    34 1
    0    18    36 1
    0    19    38 1
    0    20    40 1
    0    21    42 1
    0    22    44 1
    0    23    46 1
    0    24    48 1
    0    25    50 1
    0    26    52 1
    0    27    54 1
    0    28    56 1
    0    29    58 1
    0    30    60 1
    0    31    62 1
    0    32    64 1
    0    33    66 1
    0    34    68 1
    0    35    70 1
    0    36    72 1
    0    37    74 1
    0    38    76 1
    0    39    78 1
    0    40    80 1
    0    41    82 1
    0    42    84 1
    0    43    86 1
    0    44    88 1
    0    45    90 1
    0    46    92 1
    0    47    94 1
    0    48    96 1
    0    49    98 1
    0    50   100 1
    0    51   102 1
    0    52   104 1
    0    53   106 1
    0    54   108 1
    0    55   110 1
    0    56   112 1
    0    57   114 1
    0    58   116 1
    0    59   118 1
    0    60   120 1
    0    61   122 1
    0    62   124 1
    0    63   126 1
    0    64   128 1
    0    65   130 1
    0    66   132 1
    0    67   134 1
    0    68   136 1
    0    69   138 1
    0    70   140 1
    0    71   142 1
    0    72   144 1
    0    73   146 1
    0    74   148 1
    0    75   150 1
    0    76   152 1
    0    77   154 1
    0    78   156 1
    0    79   158 1
    0    80   160 1
    0    81   162 1
    0    82   164 1
    0    83   166 1
    0    84   168 1
    0    85   170 1
    0    86   172 1
    0    87   174 1
    0    88   176 1
    0    89   178 1
    0    90   180 1
    0    91   182 1
    0    92   184 1
    0    93   186 1
    0    94   188 1
    0    95   190 1
    0    96   192 1
    0    97   194 1
    0    98   196 1
    0    99   198 1
    0   100   200 1
    0   101   202 1
    0   102   204 1
    0   103   206 1
    0   104   208 1
    0   105   210 1
    0   106   212 1
    0   107   214 1
    0   108   216 1
    0   109   218 1
    0   110   220 1
    0   111   222 1
    0   112   224 1
    0   113   226 1
    0   114   228 1
    0   115   230 1
    0   116   232 1
    0   117   234 1
    0   118   236 1
    0   119   238 1
    0   120   240 1
    0   121   242 1
    0   122   244 1
    0   123   246 1
    0   124   248 1
    0   125   250 1
    0   126   252 1
    0   127   254 1
    0   128   256 1
    0   129   258 1
    0   130   260 1
    0   131   262 1
    0   132   264 1
    0   133   266 1
    0   134   268 1
    0   135   270 1
    0   136   272 1
    0   137   274 1
    0   138   276 1
    0   139   278 1
    0   140   280 1
    0   141   282 1
    0   142   284 1
    0   143   286 1
    0   144   288 1
    0   145   290 1
    0   146   292 1
    0   147   294 1
    0   148   296 1
    0   149   298 1
    0   150   300 1
    0   151   302 1
    0   152   304 1
    0   153   306 1
    0   154   308 1
    0   155   310 1
    0   156   312 1
    0   157   314 1
    0   158   316 1
    0   159   318 1
    0   160   320 1
    0   161   322 1
    0   162   324 1
    0   163   326 1
    0   164   328 1
    0   165   330 1
    0   166   332 1
    0   167   334 1
    0   168   336 1
    0   169   338 1
    0   170   340 1
    0   171   342 1
    0   172   344 1
    0   173   346 1
    0   174   348 1
    0   175   350 1
    0   176   352 1
    0   177   354 1
    0   178   356 1
    0   179   358 1
    0   180   360 1
    0   181   362 1
    0   182   364 1
    0   183   366 1
    0   184   368 1
    0   185   370 1
    0   186   372 1
    0   187   374 1
    0   188   376 1
    0   189   378 1
    0   190   380 1
    0   191   382 1
    0   192   384 1
    0   193   386 1
    0   194   388 1
    0   195   390 1
    0   196   392 1
    0   197   394 1
    0   198   396 1
    0   199   398 1
    0   200   400 1
    0   201   402 1
    0   202   404 1
    0   203   406 1
    0   204   408 1
    0   205   410 1
    0   206   412 1
    0   207   414 1
    0   208   416 1
    0   209   418 1
    0   210   420 1
    0   211   422 1
    0   212   424 1
    0   213   426 1
    0   214   428 1
    0   215   430 1
    0   216   432 1
    0   217   434 1
    0   218   436 1
    0   219   438 1
    0   220   440 1
    0   221   442 1
    0   222   444 1
    0   223   446 1
    0   224   448 1
    0   225   450 1
    0   226   452 1
    0   227   454 1
    0   228   456 1
    0   229   458 1
    0   230   460 1
    0   231   462 1
    0   232   464 1
    0   233   466 1
    0   234   468 1
    0   235   470 1
    0   236   472 1
    0   237   474 1
    0   238   476 1
    0   239   478 1
    0   240   480 1
    0   241   482 1
    0   242   484 1
    0   243   486 1
    0   244   488 1
    0   245   490 1
    0   246   492 1
    0   247   494 1
    0   248   496 1
    0   249   498 1
    0   250   500 1
    0   251   502 1
    0   252   504 1
    0   253   506 1
    0   254   508 1
    0   255   510 1
    0   256   512 1
    0   257   514 1
    0   258   516 1
    0   259   518 1
    0   260   520 1
    0   261   522 1
    0   262   524 1
    0   263   526 1
    0   264   528 1
    0   265   530 1
    0   266   532 1
    0   267   534 1
    0   268   536 1
    0   269   538 1
    0   270   540 1
    0   271   542 1
    0   272   544 1
    0   273   546 1
    0   274   548 1
    0   275   550 1
    0   276   552 1
    0   277   554 1
    0   278   556 1
    0   279   558 1
    0   280   560 1
    0   281   562 1
    0   282   564 1
    0   283   566 1
    0   284   568 1
    0   285   570 1
    0   286   572 1
    0   287   574 1
    0   288   576 1
    0   289   578 1
    0   290   580 1
    0   291   582 1
    0   292   584 1
    0   293   586 1
    0   294   588 1
    0   295   590 1
    0   296   592 1
    0   297   594 1
    0   298   596 1
    0   299   598 1
    0   300   600 1
    0   301   602 1
    0   302   604 1
    0   303   606 1
    0   304   608 1
    0   305   610 1
    0   306   612 1
    0   307   614 1
    0   308   616 1
    0   309   618 1
    0   310   620 1
    0   311   622 1
    0   312   624 1
    0   313   626 1
    0   314   628 1
    0   315   630 1
    0   316   632 1
    0   317   634 1
    0   318   636 1
    0   319   638 1
    0   320   640 1
    0   321   642 1
    0   322   644 1
    0   323   646 1
    0   324   648 1
    0   325   650 1
    0   326   652 1
    0   327   654 1
    0   328   656 1
    0   329   658 1
    0   330   660 1
    0   331   662 1
    0   332   664 1
    0   333   666 1
    0   334   668 1
    0   335   670 1
    0   336   672 1
    0   337   674 1
    0   338   676 1
    0   339   678 1
    0   340   680 1
    0   341   682 1
    0   342   684 1
    0   343   686 1
    0   344   688 1
    0   345   690 1
    0   346   692 1
    0   347   694 1
    0   348   696 1
    0   349   698 1
    0   350   700 1
    0   351   702 1
    0   352   704 1
    0   353   706 1
    0   354   708 1
    0   355   710 1
    0   356   712 1
    0   357   714 1
    0   358   716 1
    0   359   718 1
    0   360   720 1
    0   361   722 1
    0   362   724 1
    0   363   726 1
    0   364   728 1
    0   365   730 1
    0   366   732 1
    0   367   734 1
    0   368   736 1
    0   369   738 1
    0   370   740 1
    0   371   742 1
    0   372   744 1
    0   373   746 1
    0   374   748 1
    0   375   750 1
    0   376   752 1
    0   377   754 1
    0   378   756 1
    0   379   758 1
    0   380   760 1
    0   381   762 1
    0   382   764 1
    0   383   766 1
    0   384   768 1
    0   385   770 1
    0   386   772 1
    0   387   774 1
    0   388   776 1
    0   389   778 1
    0   390   780 1
    0   391   782 1
    0   392   784 1
    0   393   786 1
    0   394   788 1
    0   395   790 1
    0   396   792 1
    0   397   794 1
    0   398   796 1
    0   399   798 1
    0   400   800 1
    0   401   802 1
    0   402   804 1
    0   403   806 1
    0   404   808 1
    0   405   810 1
    0   406   812 1
    0   407   814 1
    0   408   816 1
    0   409   818 1
    0   410   820 1
    0   411   822 1
    0   412   824 1
    0   413   826 1
    0   414   828 1
    0   415   830 1
    0   416   832 1
    0   417   834 1
    0   418   836 1
    0   419   838 1
    0   420   840 1
    0   421   842 1
    0   422   844 1
    0   423   846 1
    0   424   848 1
    0   425   850 1
    0   426   852 1
    0   427   854 1
    0   428   856 1
    0   429   858 1
    0   430   860 1
    0   431   862 1
    0   432   864 1
    0   433   866 1
    0   434   868 1
    0   435   870 1
    0   436   872 1
    0   437   874 1
    0   438   876 1
    0   439   878 1
    0   440   880 1
    0   441   882 1
    0   442   884 1
    0   443   886 1
    0   444   888 1
    0   445   890 1
    0   446   892 1
    0   447   894 1
    0   448   896 1
    0   449   898 1
    0   450   900 1
    0   451   902 1
    0   452   904 1
    0   453   906 1
    0   454   908 1
    0   455   910 1
    0   456   912 1
    0   457   914 1
    0   458   916 1
    0   459   918 1
    0   460   920 1
    0   461   922 1
    0   462   924 1
    0   463   926 1
    0   464   928 1
    0   465   930 1
    0   466   932 1
    0   467   934 1
    0   468   936 1
    0   469   938 1
    0   470   940 1
    0   471   942 1
    0   472   944 1
    0   473   946 1
    0   474   948 1
    0   475   950 1
    0   476   952 1
    0   477   954 1
    0   478   956 1
    0   479   958 1
    0   480   960 1
    0   481   962 1
    0   482   964 1
    0   483   966 1
    0   484   968 1
    0   485   970 1
    0   486   972 1
    0   487   974 1
    0   488   976 1
    0   489   978 1
    0   490   980 1
    0   491   982 1
    0   492   984 1
    0   493   986 1
    0   494   988 1
    0   495   990 1
    0   496   992 1
    0   497   994 1
    0   498   996 1
    0   499   998 1
    0   500  1000 1
    0   501  1002 1
    0   502  1004 1
    0   503  1006 1
    0   504  1008 1
    0   505  1010 1
    0   506  1012 1
    0   507  1014 1
    0   508  1016 1
    0   509  1018 1
    0   510  1020 1
    0   511  1022 1
    0   512     1 1
    0   513     3 1
    0   514     5 1
    0   515     7 1
    0   516     9 1
    0   517    11 1
    0   518    13 1
    0   519    15 1
    0   520    17 1
    0   521    19 1
    0   522    21 1
    0   523    23 1
    0   524    25 1
    0   525    27 1
    0   526    29 1
    0   527    31 1
    0   528    33 1
    0   529    35 1
    0   530    37 1
    0   531    39 1
    0   532    41 1
    0   533    43 1
    0   534    45 1
    0   535    47 1
    0   536    49 1
    0   537    51 1
    0   538    53 1
    0   539    55 1
    0   540    57 1
    0   541    59 1
    0   542    61 1
    0   543    63 1
    0   544    65 1
    0   545    67 1
    0   546    69 1
    0   547    71 1
    0   548    73 1
    0   549    75 1
    0   550    77 1
    0   551    79 1
    0   552    81 1
    0   553    83 1
    0   554    85 1
    0   555    87 1
    0   556    89 1
    0   557    91 1
    0   558    93 1
    0   559    95 1
    0   560    97 1
    0   561    99 1
    0   562   101 1
    0   563   103 1
    0   564   105 1
    0   565   107 1
    0   566   109 1
    0   567   111 1
    0   568   113 1
    0   569   115 1
    0   570   117 1
    0   571   119 1
    0   572   121 1
    0   573   123 1
    0   574   125 1
    0   575   127 1
    0   576   129 1
    0   577   131 1
    0   578   133 1
    0   579   135 1
    0   580   137 1
    0   581   139 1
    0   582   141 1
    0   583   143 1
    0   584   145 1
    0   585   147 1
    0   586   149 1
    0   587   151 1
    0   588   153 1
    0   589   155 1
    0   590   157 1
    0   591   159 1
    0   592   161 1
    0   593   163 1
    0   594   165 1
    0   595   167 1
    0   596   169 1
    0   597   171 1
    0   598   173 1
    0   599   175 1
    0   600   177 1
    0   601   179 1
    0   602   181 1
    0   603   183 1
    0   604   185 1
    0   605   187 1
    0   606   189 1
    0   607   191 1
    0   608   193 1
    0   609   195 1
    0   610   197 1
    0   611   199 1
    0   612   201 1
    0   613   203 1
    0   614   205 1
    0   615   207 1
    0   616   209 1
    0   617   211 1
    0   618   213 1
    0   619   215 1
    0   620   217 1
    0   621   219 1
    0   622   221 1
    0   623   223 1
    0   624   225 1
    0   625   227 1
    0   626   229 1
    0   627   231 1
    0   628   233 1
    0   629   235 1
    0   630   237 1
    0   631   239 1
    0   632   241 1
    0   633   243 1
    0   634   245 1
    0   635   247 1
    0   636   249 1
    0   637   251 1
    0   638   253 1
    0   639   255 1
    0   640   257 1
    0   641   259 1
    0   642   261 1
    0   643   263 1
    0   644   265 1
    0   645   267 1
    0   646   269 1
    0   647   271 1
    0   648   273 1
    0   649   275 1
    0   650   277 1
    0   651   279 1
    0   652   281 1
    0   653   283 1
    0   654   285 1
    0   655   287 1
    0   656   289 1
    0   657   291 1
    0   658   293 1
    0   659   295 1
    0   660   297 1
    0   661   299 1
    0   662   301 1
    0   663   303 1
    0   664   305 1
    0   665   307 1
    0   666   309 1
    0   667   311 1
    0   668   313 1
    0   669   315 1
    0   670   317 1
    0   671   319 1
    0   672   321 1
    0   673   323 1
    0   674   325 1
    0   675   327 1
    0   676   329 1
    0   677   331 1
    0   678   333 1
    0   679   335 1
    0   680   337 1
    0   681   339 1
    0   682   341 1
    0   683   343 1
    0   684   345 1
    0   685   347 1
    0   686   349 1
    0   687   351 1
    0   688   353 1
    0   689   355 1
    0   690   357 1
    0   691   359 1
    0   692   361 1
    0   693   363 1
    0   694   365 1
    0   695   367 1
    0   696   369 1
    0   697   371 1
    0   698   373 1
    0   699   375 1
    0   700   377 1
    0   701   379 1
    0   702   381 1
    0   703   383 1
    0   704   385 1
    0   705   387 1
    0   706   389 1
    0   707   391 1
    0   708   393 1
    0   709   395 1
    0   710   397 1
    0   711   399 1
    0   712   401 1
    0   713   403 1
    0   714   405 1
    0   715   407 1
    0   716   409 1
    0   717   411 1
    0   718   413 1
    0   719   415 1
    0   720   417 1
    0   721   419 1
    0   722   421 1
    0   723   423 1
    0   724   425 1
    0   725   427 1
    0   726   429 1
    0   727   431 1
    0   728   433 1
    0   729   435 1
    0   730   437 1
    0   731   439 1
    0   732   441 1
    0   733   443 1
    0   734   445 1
    0   735   447 1
    0   736   449 1
    0   737   451 1
    0   738   453 1
    0   739   455 1
    0   740   457 1
    0   741   459 1
    0   742   461 1
    0   743   463 1
    0   744   465 1
    0   745   467 1
    0   746   469 1
    0   747   471 1
    0   748   473 1
    0   749   475 1
    0   750   477 1
    0   751   479 1
    0   752   481 1
    0   753   483 1
    0   754   485 1
    0   755   487 1
    0   756   489 1
    0   757   491 1
    0   758   493 1
    0   759   495 1
    0   760   497 1
    0   761   499 1
    0   762   501 1
    0   763   503 1
    0   764   505 1
    0   765   507 1
    0   766   509 1
    0   767   511 1
    0   768   513 1
    0   769   515 1
    0   770   517 1
    0   771   519 1
    0   772   521 1
    0   773   523 1
    0   774   525 1
    0   775   527 1
    0   776   529 1
    0   777   531 1
    0   778   533 1
    0   779   535 1
    0   780   537 1
    0   781   539 1
    0   782   541 1
    0   783   543 1
    0   784   545 1
    0   785   547 1
    0   786   549 1
    0   787   551 1
    0   788   553 1
    0   789   555 1
    0   790   557 1
    0   791   559 1
    0   792   561 1
    0   793   563 1
    0   794   565 1
    0   795   567 1
    0   796   569 1
    0   797   571 1
    0   798   573 1
    0   799   575 1
    0   800   577 1
    0   801   579 1
    0   802   581 1
    0   803   583 1
    0   804   585 1
    0   805   587 1
    0   806   589 1
    0   807   591 1
    0   808   593 1
    0   809   595 1
    0   810   597 1
    0   811   599 1
    0   812   601 1
    0   813   603 1
    0   814   605 1
    0   815   607 1
    0   816   609 1
    0   817   611 1
    0   818   613 1
    0   819   615 1
    0   820   617 1
    0   821   619 1
    0   822   621 1
    0   823   623 1
    0   824   625 1
    0   825   627 1
    0   826   629 1
    0   827   631 1
    0   828   633 1
    0   829   635 1
    0   830   637 1
    0   831   639 1
    0   832   641 1
    0   833   643 1
    0   834   645 1
    0   835   647 1
    0   836   649 1
    0   837   651 1
    0   838   653 1
    0   839   655 1
    0   840   657 1
    0   841   659 1
    0   842   661 1
    0   843   663 1
    0   844   665 1
    0   845   667 1
    0   846   669 1
    0   847   671 1
    0   848   673 1
    0   849   675 1
    0   850   677 1
    0   851   679 1
    0   852   681 1
    0   853   683 1
    0   854   685 1
    0   855   687 1
    0   856   689 1
    0   857   691 1
    0   858   693 1
    0   859   695 1
    0   860   697 1
    0   861   699 1
    0   862   701 1
    0   863   703 1
    0   864   705 1
    0   865   707 1
    0   866   709 1
    0   867   711 1
    0   868   713 1
    0   869   715 1
    0   870   717 1
    0   871   719 1
    0   872   721 1
    0   873   723 1
    0   874   725 1
    0   875   727 1
    0   876   729 1
    0   877   731 1
    0   878   733 1
    0   879   735 1
    0   880   737 1
    0   881   739 1
    0   882   741 1
    0   883   743 1
    0   884   745 1
    0   885   747 1
    0   886   749 1
    0   887   751 1
    0   888   753 1
    0   889   755 1
    0   890   757 1
    0   891   759 1
    0   892   761 1
    0   893   763 1
    0   894   765 1
    0   895   767 1
    0   896   769 1
    0   897   771 1
    0   898   773 1
    0   899   775 1
    0   900   777 1
    0   901   779 1
    0   902   781 1
    0   903   783 1
    0   904   785 1
    0   905   787 1
    0   906   789 1
    0   907   791 1
    0   908   793 1
    0   909   795 1
    0   910   797 1
    0   911   799 1
    0   912   801 1
    0   913   803 1
    0   914   805 1
    0   915   807 1
    0   916   809 1
    0   917   811 1
    0   918   813 1
    0   919   815 1
    0   920   817 1
    0   921   819 1
    0   922   821 1
    0   923   823 1
    0   924   825 1
    0   925   827 1
    0   926   829 1
    0   927   831 1
    0   928   833 1
    0   929   835 1
    0   930   837 1
    0   931   839 1
    0   932   841 1
    0   933   843 1
    0   934   845 1
    0   935   847 1
    0   936   849 1
    0   937   851 1
    0   938   853 1
    0   939   855 1
    0   940   857 1
    0   941   859 1
    0   942   861 1
    0   943   863 1
    0   944   865 1
    0   945   867 1
    0   946   869 1
    0   947   871 1
    0   948   873 1
    0   949   875 1
    0   950   877 1
    0   951   879 1
    0   952   881 1
    0   953   883 1
    0   954   885 1
    0   955   887 1
    0   956   889 1
    0   957   891 1
    0   958   893 1
    0   959   895 1
    0   960   897 1
    0   961   899 1
    0   962   901 1
    0   963   903 1
    0   964   905 1
    0   965   907 1
    0   966   909 1
    0   967   911 1
    0   968   913 1
    0   969   915 1
    0   970   917 1
    0   971   919 1
    0   972   921 1
    0   973   923 1
    0   974   925 1
    0   975   927 1
    0   976   929 1
    0   977   931 1
    0   978   933 1
    0   979   935 1
    0   980   937 1
    0   981   939 1
    0   982   941 1
    0   983   943 1
    0   984   945 1
    0   985   947 1
    0   986   949 1
    0   987   951 1
    0   988   953 1
    0   989   955 1
    0   990   957 1
    0   991   959 1
    0   992   961 1
    0   993   963 1
    0   994   965 1
    0   995   967 1
    0   996   969 1
    0   997   971 1
    0   998   973 1
    0   999   975 1
    0  1000   977 1
    0  1001   979 1
    0  1002   981 1
    0  1003   983 1
    0  1004   985 1
    0  1005   987 1
    0  1006   989 1
    0  1007   991 1
    0  1008   993 1
    0  1009   995 1
    0  1010   997 1
    0  1011   999 1
    0  1012  1001 1
    0  1013  1003 1
    0  1014  1005 1
    0  1015  1007 1
    0  1016  1009 1
    0  1017  1011 1
    0  1018  1013 1
    0  1019  1015 1
    0  1020  1017 1
    0  1021  1019 1
    0  1022  1021 1
    0  1023     0 1
