1000
# Clk       1
# Dsts      1
# Data_Size 1
# Itvl_Flit 1000
# Itvl_Pkt  1000
# Npu       64
# Dimm      2
# Sgm       0
# Seed      1483943100
    0     0  4095 1
    0     1     2 1
    0     2     4 1
    0     3     6 1
    0     4     8 1
    0     5    10 1
    0     6    12 1
    0     7    14 1
    0     8    16 1
    0     9    18 1
    0    10    20 1
    0    11    22 1
    0    12    24 1
    0    13    26 1
    0    14    28 1
    0    15    30 1
    0    16    32 1
    0    17    34 1
    0    18    36 1
    0    19    38 1
    0    20    40 1
    0    21    42 1
    0    22    44 1
    0    23    46 1
    0    24    48 1
    0    25    50 1
    0    26    52 1
    0    27    54 1
    0    28    56 1
    0    29    58 1
    0    30    60 1
    0    31    62 1
    0    32    64 1
    0    33    66 1
    0    34    68 1
    0    35    70 1
    0    36    72 1
    0    37    74 1
    0    38    76 1
    0    39    78 1
    0    40    80 1
    0    41    82 1
    0    42    84 1
    0    43    86 1
    0    44    88 1
    0    45    90 1
    0    46    92 1
    0    47    94 1
    0    48    96 1
    0    49    98 1
    0    50   100 1
    0    51   102 1
    0    52   104 1
    0    53   106 1
    0    54   108 1
    0    55   110 1
    0    56   112 1
    0    57   114 1
    0    58   116 1
    0    59   118 1
    0    60   120 1
    0    61   122 1
    0    62   124 1
    0    63   126 1
    0    64   128 1
    0    65   130 1
    0    66   132 1
    0    67   134 1
    0    68   136 1
    0    69   138 1
    0    70   140 1
    0    71   142 1
    0    72   144 1
    0    73   146 1
    0    74   148 1
    0    75   150 1
    0    76   152 1
    0    77   154 1
    0    78   156 1
    0    79   158 1
    0    80   160 1
    0    81   162 1
    0    82   164 1
    0    83   166 1
    0    84   168 1
    0    85   170 1
    0    86   172 1
    0    87   174 1
    0    88   176 1
    0    89   178 1
    0    90   180 1
    0    91   182 1
    0    92   184 1
    0    93   186 1
    0    94   188 1
    0    95   190 1
    0    96   192 1
    0    97   194 1
    0    98   196 1
    0    99   198 1
    0   100   200 1
    0   101   202 1
    0   102   204 1
    0   103   206 1
    0   104   208 1
    0   105   210 1
    0   106   212 1
    0   107   214 1
    0   108   216 1
    0   109   218 1
    0   110   220 1
    0   111   222 1
    0   112   224 1
    0   113   226 1
    0   114   228 1
    0   115   230 1
    0   116   232 1
    0   117   234 1
    0   118   236 1
    0   119   238 1
    0   120   240 1
    0   121   242 1
    0   122   244 1
    0   123   246 1
    0   124   248 1
    0   125   250 1
    0   126   252 1
    0   127   254 1
    0   128   256 1
    0   129   258 1
    0   130   260 1
    0   131   262 1
    0   132   264 1
    0   133   266 1
    0   134   268 1
    0   135   270 1
    0   136   272 1
    0   137   274 1
    0   138   276 1
    0   139   278 1
    0   140   280 1
    0   141   282 1
    0   142   284 1
    0   143   286 1
    0   144   288 1
    0   145   290 1
    0   146   292 1
    0   147   294 1
    0   148   296 1
    0   149   298 1
    0   150   300 1
    0   151   302 1
    0   152   304 1
    0   153   306 1
    0   154   308 1
    0   155   310 1
    0   156   312 1
    0   157   314 1
    0   158   316 1
    0   159   318 1
    0   160   320 1
    0   161   322 1
    0   162   324 1
    0   163   326 1
    0   164   328 1
    0   165   330 1
    0   166   332 1
    0   167   334 1
    0   168   336 1
    0   169   338 1
    0   170   340 1
    0   171   342 1
    0   172   344 1
    0   173   346 1
    0   174   348 1
    0   175   350 1
    0   176   352 1
    0   177   354 1
    0   178   356 1
    0   179   358 1
    0   180   360 1
    0   181   362 1
    0   182   364 1
    0   183   366 1
    0   184   368 1
    0   185   370 1
    0   186   372 1
    0   187   374 1
    0   188   376 1
    0   189   378 1
    0   190   380 1
    0   191   382 1
    0   192   384 1
    0   193   386 1
    0   194   388 1
    0   195   390 1
    0   196   392 1
    0   197   394 1
    0   198   396 1
    0   199   398 1
    0   200   400 1
    0   201   402 1
    0   202   404 1
    0   203   406 1
    0   204   408 1
    0   205   410 1
    0   206   412 1
    0   207   414 1
    0   208   416 1
    0   209   418 1
    0   210   420 1
    0   211   422 1
    0   212   424 1
    0   213   426 1
    0   214   428 1
    0   215   430 1
    0   216   432 1
    0   217   434 1
    0   218   436 1
    0   219   438 1
    0   220   440 1
    0   221   442 1
    0   222   444 1
    0   223   446 1
    0   224   448 1
    0   225   450 1
    0   226   452 1
    0   227   454 1
    0   228   456 1
    0   229   458 1
    0   230   460 1
    0   231   462 1
    0   232   464 1
    0   233   466 1
    0   234   468 1
    0   235   470 1
    0   236   472 1
    0   237   474 1
    0   238   476 1
    0   239   478 1
    0   240   480 1
    0   241   482 1
    0   242   484 1
    0   243   486 1
    0   244   488 1
    0   245   490 1
    0   246   492 1
    0   247   494 1
    0   248   496 1
    0   249   498 1
    0   250   500 1
    0   251   502 1
    0   252   504 1
    0   253   506 1
    0   254   508 1
    0   255   510 1
    0   256   512 1
    0   257   514 1
    0   258   516 1
    0   259   518 1
    0   260   520 1
    0   261   522 1
    0   262   524 1
    0   263   526 1
    0   264   528 1
    0   265   530 1
    0   266   532 1
    0   267   534 1
    0   268   536 1
    0   269   538 1
    0   270   540 1
    0   271   542 1
    0   272   544 1
    0   273   546 1
    0   274   548 1
    0   275   550 1
    0   276   552 1
    0   277   554 1
    0   278   556 1
    0   279   558 1
    0   280   560 1
    0   281   562 1
    0   282   564 1
    0   283   566 1
    0   284   568 1
    0   285   570 1
    0   286   572 1
    0   287   574 1
    0   288   576 1
    0   289   578 1
    0   290   580 1
    0   291   582 1
    0   292   584 1
    0   293   586 1
    0   294   588 1
    0   295   590 1
    0   296   592 1
    0   297   594 1
    0   298   596 1
    0   299   598 1
    0   300   600 1
    0   301   602 1
    0   302   604 1
    0   303   606 1
    0   304   608 1
    0   305   610 1
    0   306   612 1
    0   307   614 1
    0   308   616 1
    0   309   618 1
    0   310   620 1
    0   311   622 1
    0   312   624 1
    0   313   626 1
    0   314   628 1
    0   315   630 1
    0   316   632 1
    0   317   634 1
    0   318   636 1
    0   319   638 1
    0   320   640 1
    0   321   642 1
    0   322   644 1
    0   323   646 1
    0   324   648 1
    0   325   650 1
    0   326   652 1
    0   327   654 1
    0   328   656 1
    0   329   658 1
    0   330   660 1
    0   331   662 1
    0   332   664 1
    0   333   666 1
    0   334   668 1
    0   335   670 1
    0   336   672 1
    0   337   674 1
    0   338   676 1
    0   339   678 1
    0   340   680 1
    0   341   682 1
    0   342   684 1
    0   343   686 1
    0   344   688 1
    0   345   690 1
    0   346   692 1
    0   347   694 1
    0   348   696 1
    0   349   698 1
    0   350   700 1
    0   351   702 1
    0   352   704 1
    0   353   706 1
    0   354   708 1
    0   355   710 1
    0   356   712 1
    0   357   714 1
    0   358   716 1
    0   359   718 1
    0   360   720 1
    0   361   722 1
    0   362   724 1
    0   363   726 1
    0   364   728 1
    0   365   730 1
    0   366   732 1
    0   367   734 1
    0   368   736 1
    0   369   738 1
    0   370   740 1
    0   371   742 1
    0   372   744 1
    0   373   746 1
    0   374   748 1
    0   375   750 1
    0   376   752 1
    0   377   754 1
    0   378   756 1
    0   379   758 1
    0   380   760 1
    0   381   762 1
    0   382   764 1
    0   383   766 1
    0   384   768 1
    0   385   770 1
    0   386   772 1
    0   387   774 1
    0   388   776 1
    0   389   778 1
    0   390   780 1
    0   391   782 1
    0   392   784 1
    0   393   786 1
    0   394   788 1
    0   395   790 1
    0   396   792 1
    0   397   794 1
    0   398   796 1
    0   399   798 1
    0   400   800 1
    0   401   802 1
    0   402   804 1
    0   403   806 1
    0   404   808 1
    0   405   810 1
    0   406   812 1
    0   407   814 1
    0   408   816 1
    0   409   818 1
    0   410   820 1
    0   411   822 1
    0   412   824 1
    0   413   826 1
    0   414   828 1
    0   415   830 1
    0   416   832 1
    0   417   834 1
    0   418   836 1
    0   419   838 1
    0   420   840 1
    0   421   842 1
    0   422   844 1
    0   423   846 1
    0   424   848 1
    0   425   850 1
    0   426   852 1
    0   427   854 1
    0   428   856 1
    0   429   858 1
    0   430   860 1
    0   431   862 1
    0   432   864 1
    0   433   866 1
    0   434   868 1
    0   435   870 1
    0   436   872 1
    0   437   874 1
    0   438   876 1
    0   439   878 1
    0   440   880 1
    0   441   882 1
    0   442   884 1
    0   443   886 1
    0   444   888 1
    0   445   890 1
    0   446   892 1
    0   447   894 1
    0   448   896 1
    0   449   898 1
    0   450   900 1
    0   451   902 1
    0   452   904 1
    0   453   906 1
    0   454   908 1
    0   455   910 1
    0   456   912 1
    0   457   914 1
    0   458   916 1
    0   459   918 1
    0   460   920 1
    0   461   922 1
    0   462   924 1
    0   463   926 1
    0   464   928 1
    0   465   930 1
    0   466   932 1
    0   467   934 1
    0   468   936 1
    0   469   938 1
    0   470   940 1
    0   471   942 1
    0   472   944 1
    0   473   946 1
    0   474   948 1
    0   475   950 1
    0   476   952 1
    0   477   954 1
    0   478   956 1
    0   479   958 1
    0   480   960 1
    0   481   962 1
    0   482   964 1
    0   483   966 1
    0   484   968 1
    0   485   970 1
    0   486   972 1
    0   487   974 1
    0   488   976 1
    0   489   978 1
    0   490   980 1
    0   491   982 1
    0   492   984 1
    0   493   986 1
    0   494   988 1
    0   495   990 1
    0   496   992 1
    0   497   994 1
    0   498   996 1
    0   499   998 1
    0   500  1000 1
    0   501  1002 1
    0   502  1004 1
    0   503  1006 1
    0   504  1008 1
    0   505  1010 1
    0   506  1012 1
    0   507  1014 1
    0   508  1016 1
    0   509  1018 1
    0   510  1020 1
    0   511  1022 1
    0   512  1024 1
    0   513  1026 1
    0   514  1028 1
    0   515  1030 1
    0   516  1032 1
    0   517  1034 1
    0   518  1036 1
    0   519  1038 1
    0   520  1040 1
    0   521  1042 1
    0   522  1044 1
    0   523  1046 1
    0   524  1048 1
    0   525  1050 1
    0   526  1052 1
    0   527  1054 1
    0   528  1056 1
    0   529  1058 1
    0   530  1060 1
    0   531  1062 1
    0   532  1064 1
    0   533  1066 1
    0   534  1068 1
    0   535  1070 1
    0   536  1072 1
    0   537  1074 1
    0   538  1076 1
    0   539  1078 1
    0   540  1080 1
    0   541  1082 1
    0   542  1084 1
    0   543  1086 1
    0   544  1088 1
    0   545  1090 1
    0   546  1092 1
    0   547  1094 1
    0   548  1096 1
    0   549  1098 1
    0   550  1100 1
    0   551  1102 1
    0   552  1104 1
    0   553  1106 1
    0   554  1108 1
    0   555  1110 1
    0   556  1112 1
    0   557  1114 1
    0   558  1116 1
    0   559  1118 1
    0   560  1120 1
    0   561  1122 1
    0   562  1124 1
    0   563  1126 1
    0   564  1128 1
    0   565  1130 1
    0   566  1132 1
    0   567  1134 1
    0   568  1136 1
    0   569  1138 1
    0   570  1140 1
    0   571  1142 1
    0   572  1144 1
    0   573  1146 1
    0   574  1148 1
    0   575  1150 1
    0   576  1152 1
    0   577  1154 1
    0   578  1156 1
    0   579  1158 1
    0   580  1160 1
    0   581  1162 1
    0   582  1164 1
    0   583  1166 1
    0   584  1168 1
    0   585  1170 1
    0   586  1172 1
    0   587  1174 1
    0   588  1176 1
    0   589  1178 1
    0   590  1180 1
    0   591  1182 1
    0   592  1184 1
    0   593  1186 1
    0   594  1188 1
    0   595  1190 1
    0   596  1192 1
    0   597  1194 1
    0   598  1196 1
    0   599  1198 1
    0   600  1200 1
    0   601  1202 1
    0   602  1204 1
    0   603  1206 1
    0   604  1208 1
    0   605  1210 1
    0   606  1212 1
    0   607  1214 1
    0   608  1216 1
    0   609  1218 1
    0   610  1220 1
    0   611  1222 1
    0   612  1224 1
    0   613  1226 1
    0   614  1228 1
    0   615  1230 1
    0   616  1232 1
    0   617  1234 1
    0   618  1236 1
    0   619  1238 1
    0   620  1240 1
    0   621  1242 1
    0   622  1244 1
    0   623  1246 1
    0   624  1248 1
    0   625  1250 1
    0   626  1252 1
    0   627  1254 1
    0   628  1256 1
    0   629  1258 1
    0   630  1260 1
    0   631  1262 1
    0   632  1264 1
    0   633  1266 1
    0   634  1268 1
    0   635  1270 1
    0   636  1272 1
    0   637  1274 1
    0   638  1276 1
    0   639  1278 1
    0   640  1280 1
    0   641  1282 1
    0   642  1284 1
    0   643  1286 1
    0   644  1288 1
    0   645  1290 1
    0   646  1292 1
    0   647  1294 1
    0   648  1296 1
    0   649  1298 1
    0   650  1300 1
    0   651  1302 1
    0   652  1304 1
    0   653  1306 1
    0   654  1308 1
    0   655  1310 1
    0   656  1312 1
    0   657  1314 1
    0   658  1316 1
    0   659  1318 1
    0   660  1320 1
    0   661  1322 1
    0   662  1324 1
    0   663  1326 1
    0   664  1328 1
    0   665  1330 1
    0   666  1332 1
    0   667  1334 1
    0   668  1336 1
    0   669  1338 1
    0   670  1340 1
    0   671  1342 1
    0   672  1344 1
    0   673  1346 1
    0   674  1348 1
    0   675  1350 1
    0   676  1352 1
    0   677  1354 1
    0   678  1356 1
    0   679  1358 1
    0   680  1360 1
    0   681  1362 1
    0   682  1364 1
    0   683  1366 1
    0   684  1368 1
    0   685  1370 1
    0   686  1372 1
    0   687  1374 1
    0   688  1376 1
    0   689  1378 1
    0   690  1380 1
    0   691  1382 1
    0   692  1384 1
    0   693  1386 1
    0   694  1388 1
    0   695  1390 1
    0   696  1392 1
    0   697  1394 1
    0   698  1396 1
    0   699  1398 1
    0   700  1400 1
    0   701  1402 1
    0   702  1404 1
    0   703  1406 1
    0   704  1408 1
    0   705  1410 1
    0   706  1412 1
    0   707  1414 1
    0   708  1416 1
    0   709  1418 1
    0   710  1420 1
    0   711  1422 1
    0   712  1424 1
    0   713  1426 1
    0   714  1428 1
    0   715  1430 1
    0   716  1432 1
    0   717  1434 1
    0   718  1436 1
    0   719  1438 1
    0   720  1440 1
    0   721  1442 1
    0   722  1444 1
    0   723  1446 1
    0   724  1448 1
    0   725  1450 1
    0   726  1452 1
    0   727  1454 1
    0   728  1456 1
    0   729  1458 1
    0   730  1460 1
    0   731  1462 1
    0   732  1464 1
    0   733  1466 1
    0   734  1468 1
    0   735  1470 1
    0   736  1472 1
    0   737  1474 1
    0   738  1476 1
    0   739  1478 1
    0   740  1480 1
    0   741  1482 1
    0   742  1484 1
    0   743  1486 1
    0   744  1488 1
    0   745  1490 1
    0   746  1492 1
    0   747  1494 1
    0   748  1496 1
    0   749  1498 1
    0   750  1500 1
    0   751  1502 1
    0   752  1504 1
    0   753  1506 1
    0   754  1508 1
    0   755  1510 1
    0   756  1512 1
    0   757  1514 1
    0   758  1516 1
    0   759  1518 1
    0   760  1520 1
    0   761  1522 1
    0   762  1524 1
    0   763  1526 1
    0   764  1528 1
    0   765  1530 1
    0   766  1532 1
    0   767  1534 1
    0   768  1536 1
    0   769  1538 1
    0   770  1540 1
    0   771  1542 1
    0   772  1544 1
    0   773  1546 1
    0   774  1548 1
    0   775  1550 1
    0   776  1552 1
    0   777  1554 1
    0   778  1556 1
    0   779  1558 1
    0   780  1560 1
    0   781  1562 1
    0   782  1564 1
    0   783  1566 1
    0   784  1568 1
    0   785  1570 1
    0   786  1572 1
    0   787  1574 1
    0   788  1576 1
    0   789  1578 1
    0   790  1580 1
    0   791  1582 1
    0   792  1584 1
    0   793  1586 1
    0   794  1588 1
    0   795  1590 1
    0   796  1592 1
    0   797  1594 1
    0   798  1596 1
    0   799  1598 1
    0   800  1600 1
    0   801  1602 1
    0   802  1604 1
    0   803  1606 1
    0   804  1608 1
    0   805  1610 1
    0   806  1612 1
    0   807  1614 1
    0   808  1616 1
    0   809  1618 1
    0   810  1620 1
    0   811  1622 1
    0   812  1624 1
    0   813  1626 1
    0   814  1628 1
    0   815  1630 1
    0   816  1632 1
    0   817  1634 1
    0   818  1636 1
    0   819  1638 1
    0   820  1640 1
    0   821  1642 1
    0   822  1644 1
    0   823  1646 1
    0   824  1648 1
    0   825  1650 1
    0   826  1652 1
    0   827  1654 1
    0   828  1656 1
    0   829  1658 1
    0   830  1660 1
    0   831  1662 1
    0   832  1664 1
    0   833  1666 1
    0   834  1668 1
    0   835  1670 1
    0   836  1672 1
    0   837  1674 1
    0   838  1676 1
    0   839  1678 1
    0   840  1680 1
    0   841  1682 1
    0   842  1684 1
    0   843  1686 1
    0   844  1688 1
    0   845  1690 1
    0   846  1692 1
    0   847  1694 1
    0   848  1696 1
    0   849  1698 1
    0   850  1700 1
    0   851  1702 1
    0   852  1704 1
    0   853  1706 1
    0   854  1708 1
    0   855  1710 1
    0   856  1712 1
    0   857  1714 1
    0   858  1716 1
    0   859  1718 1
    0   860  1720 1
    0   861  1722 1
    0   862  1724 1
    0   863  1726 1
    0   864  1728 1
    0   865  1730 1
    0   866  1732 1
    0   867  1734 1
    0   868  1736 1
    0   869  1738 1
    0   870  1740 1
    0   871  1742 1
    0   872  1744 1
    0   873  1746 1
    0   874  1748 1
    0   875  1750 1
    0   876  1752 1
    0   877  1754 1
    0   878  1756 1
    0   879  1758 1
    0   880  1760 1
    0   881  1762 1
    0   882  1764 1
    0   883  1766 1
    0   884  1768 1
    0   885  1770 1
    0   886  1772 1
    0   887  1774 1
    0   888  1776 1
    0   889  1778 1
    0   890  1780 1
    0   891  1782 1
    0   892  1784 1
    0   893  1786 1
    0   894  1788 1
    0   895  1790 1
    0   896  1792 1
    0   897  1794 1
    0   898  1796 1
    0   899  1798 1
    0   900  1800 1
    0   901  1802 1
    0   902  1804 1
    0   903  1806 1
    0   904  1808 1
    0   905  1810 1
    0   906  1812 1
    0   907  1814 1
    0   908  1816 1
    0   909  1818 1
    0   910  1820 1
    0   911  1822 1
    0   912  1824 1
    0   913  1826 1
    0   914  1828 1
    0   915  1830 1
    0   916  1832 1
    0   917  1834 1
    0   918  1836 1
    0   919  1838 1
    0   920  1840 1
    0   921  1842 1
    0   922  1844 1
    0   923  1846 1
    0   924  1848 1
    0   925  1850 1
    0   926  1852 1
    0   927  1854 1
    0   928  1856 1
    0   929  1858 1
    0   930  1860 1
    0   931  1862 1
    0   932  1864 1
    0   933  1866 1
    0   934  1868 1
    0   935  1870 1
    0   936  1872 1
    0   937  1874 1
    0   938  1876 1
    0   939  1878 1
    0   940  1880 1
    0   941  1882 1
    0   942  1884 1
    0   943  1886 1
    0   944  1888 1
    0   945  1890 1
    0   946  1892 1
    0   947  1894 1
    0   948  1896 1
    0   949  1898 1
    0   950  1900 1
    0   951  1902 1
    0   952  1904 1
    0   953  1906 1
    0   954  1908 1
    0   955  1910 1
    0   956  1912 1
    0   957  1914 1
    0   958  1916 1
    0   959  1918 1
    0   960  1920 1
    0   961  1922 1
    0   962  1924 1
    0   963  1926 1
    0   964  1928 1
    0   965  1930 1
    0   966  1932 1
    0   967  1934 1
    0   968  1936 1
    0   969  1938 1
    0   970  1940 1
    0   971  1942 1
    0   972  1944 1
    0   973  1946 1
    0   974  1948 1
    0   975  1950 1
    0   976  1952 1
    0   977  1954 1
    0   978  1956 1
    0   979  1958 1
    0   980  1960 1
    0   981  1962 1
    0   982  1964 1
    0   983  1966 1
    0   984  1968 1
    0   985  1970 1
    0   986  1972 1
    0   987  1974 1
    0   988  1976 1
    0   989  1978 1
    0   990  1980 1
    0   991  1982 1
    0   992  1984 1
    0   993  1986 1
    0   994  1988 1
    0   995  1990 1
    0   996  1992 1
    0   997  1994 1
    0   998  1996 1
    0   999  1998 1
    0  1000  2000 1
    0  1001  2002 1
    0  1002  2004 1
    0  1003  2006 1
    0  1004  2008 1
    0  1005  2010 1
    0  1006  2012 1
    0  1007  2014 1
    0  1008  2016 1
    0  1009  2018 1
    0  1010  2020 1
    0  1011  2022 1
    0  1012  2024 1
    0  1013  2026 1
    0  1014  2028 1
    0  1015  2030 1
    0  1016  2032 1
    0  1017  2034 1
    0  1018  2036 1
    0  1019  2038 1
    0  1020  2040 1
    0  1021  2042 1
    0  1022  2044 1
    0  1023  2046 1
    0  1024  2048 1
    0  1025  2050 1
    0  1026  2052 1
    0  1027  2054 1
    0  1028  2056 1
    0  1029  2058 1
    0  1030  2060 1
    0  1031  2062 1
    0  1032  2064 1
    0  1033  2066 1
    0  1034  2068 1
    0  1035  2070 1
    0  1036  2072 1
    0  1037  2074 1
    0  1038  2076 1
    0  1039  2078 1
    0  1040  2080 1
    0  1041  2082 1
    0  1042  2084 1
    0  1043  2086 1
    0  1044  2088 1
    0  1045  2090 1
    0  1046  2092 1
    0  1047  2094 1
    0  1048  2096 1
    0  1049  2098 1
    0  1050  2100 1
    0  1051  2102 1
    0  1052  2104 1
    0  1053  2106 1
    0  1054  2108 1
    0  1055  2110 1
    0  1056  2112 1
    0  1057  2114 1
    0  1058  2116 1
    0  1059  2118 1
    0  1060  2120 1
    0  1061  2122 1
    0  1062  2124 1
    0  1063  2126 1
    0  1064  2128 1
    0  1065  2130 1
    0  1066  2132 1
    0  1067  2134 1
    0  1068  2136 1
    0  1069  2138 1
    0  1070  2140 1
    0  1071  2142 1
    0  1072  2144 1
    0  1073  2146 1
    0  1074  2148 1
    0  1075  2150 1
    0  1076  2152 1
    0  1077  2154 1
    0  1078  2156 1
    0  1079  2158 1
    0  1080  2160 1
    0  1081  2162 1
    0  1082  2164 1
    0  1083  2166 1
    0  1084  2168 1
    0  1085  2170 1
    0  1086  2172 1
    0  1087  2174 1
    0  1088  2176 1
    0  1089  2178 1
    0  1090  2180 1
    0  1091  2182 1
    0  1092  2184 1
    0  1093  2186 1
    0  1094  2188 1
    0  1095  2190 1
    0  1096  2192 1
    0  1097  2194 1
    0  1098  2196 1
    0  1099  2198 1
    0  1100  2200 1
    0  1101  2202 1
    0  1102  2204 1
    0  1103  2206 1
    0  1104  2208 1
    0  1105  2210 1
    0  1106  2212 1
    0  1107  2214 1
    0  1108  2216 1
    0  1109  2218 1
    0  1110  2220 1
    0  1111  2222 1
    0  1112  2224 1
    0  1113  2226 1
    0  1114  2228 1
    0  1115  2230 1
    0  1116  2232 1
    0  1117  2234 1
    0  1118  2236 1
    0  1119  2238 1
    0  1120  2240 1
    0  1121  2242 1
    0  1122  2244 1
    0  1123  2246 1
    0  1124  2248 1
    0  1125  2250 1
    0  1126  2252 1
    0  1127  2254 1
    0  1128  2256 1
    0  1129  2258 1
    0  1130  2260 1
    0  1131  2262 1
    0  1132  2264 1
    0  1133  2266 1
    0  1134  2268 1
    0  1135  2270 1
    0  1136  2272 1
    0  1137  2274 1
    0  1138  2276 1
    0  1139  2278 1
    0  1140  2280 1
    0  1141  2282 1
    0  1142  2284 1
    0  1143  2286 1
    0  1144  2288 1
    0  1145  2290 1
    0  1146  2292 1
    0  1147  2294 1
    0  1148  2296 1
    0  1149  2298 1
    0  1150  2300 1
    0  1151  2302 1
    0  1152  2304 1
    0  1153  2306 1
    0  1154  2308 1
    0  1155  2310 1
    0  1156  2312 1
    0  1157  2314 1
    0  1158  2316 1
    0  1159  2318 1
    0  1160  2320 1
    0  1161  2322 1
    0  1162  2324 1
    0  1163  2326 1
    0  1164  2328 1
    0  1165  2330 1
    0  1166  2332 1
    0  1167  2334 1
    0  1168  2336 1
    0  1169  2338 1
    0  1170  2340 1
    0  1171  2342 1
    0  1172  2344 1
    0  1173  2346 1
    0  1174  2348 1
    0  1175  2350 1
    0  1176  2352 1
    0  1177  2354 1
    0  1178  2356 1
    0  1179  2358 1
    0  1180  2360 1
    0  1181  2362 1
    0  1182  2364 1
    0  1183  2366 1
    0  1184  2368 1
    0  1185  2370 1
    0  1186  2372 1
    0  1187  2374 1
    0  1188  2376 1
    0  1189  2378 1
    0  1190  2380 1
    0  1191  2382 1
    0  1192  2384 1
    0  1193  2386 1
    0  1194  2388 1
    0  1195  2390 1
    0  1196  2392 1
    0  1197  2394 1
    0  1198  2396 1
    0  1199  2398 1
    0  1200  2400 1
    0  1201  2402 1
    0  1202  2404 1
    0  1203  2406 1
    0  1204  2408 1
    0  1205  2410 1
    0  1206  2412 1
    0  1207  2414 1
    0  1208  2416 1
    0  1209  2418 1
    0  1210  2420 1
    0  1211  2422 1
    0  1212  2424 1
    0  1213  2426 1
    0  1214  2428 1
    0  1215  2430 1
    0  1216  2432 1
    0  1217  2434 1
    0  1218  2436 1
    0  1219  2438 1
    0  1220  2440 1
    0  1221  2442 1
    0  1222  2444 1
    0  1223  2446 1
    0  1224  2448 1
    0  1225  2450 1
    0  1226  2452 1
    0  1227  2454 1
    0  1228  2456 1
    0  1229  2458 1
    0  1230  2460 1
    0  1231  2462 1
    0  1232  2464 1
    0  1233  2466 1
    0  1234  2468 1
    0  1235  2470 1
    0  1236  2472 1
    0  1237  2474 1
    0  1238  2476 1
    0  1239  2478 1
    0  1240  2480 1
    0  1241  2482 1
    0  1242  2484 1
    0  1243  2486 1
    0  1244  2488 1
    0  1245  2490 1
    0  1246  2492 1
    0  1247  2494 1
    0  1248  2496 1
    0  1249  2498 1
    0  1250  2500 1
    0  1251  2502 1
    0  1252  2504 1
    0  1253  2506 1
    0  1254  2508 1
    0  1255  2510 1
    0  1256  2512 1
    0  1257  2514 1
    0  1258  2516 1
    0  1259  2518 1
    0  1260  2520 1
    0  1261  2522 1
    0  1262  2524 1
    0  1263  2526 1
    0  1264  2528 1
    0  1265  2530 1
    0  1266  2532 1
    0  1267  2534 1
    0  1268  2536 1
    0  1269  2538 1
    0  1270  2540 1
    0  1271  2542 1
    0  1272  2544 1
    0  1273  2546 1
    0  1274  2548 1
    0  1275  2550 1
    0  1276  2552 1
    0  1277  2554 1
    0  1278  2556 1
    0  1279  2558 1
    0  1280  2560 1
    0  1281  2562 1
    0  1282  2564 1
    0  1283  2566 1
    0  1284  2568 1
    0  1285  2570 1
    0  1286  2572 1
    0  1287  2574 1
    0  1288  2576 1
    0  1289  2578 1
    0  1290  2580 1
    0  1291  2582 1
    0  1292  2584 1
    0  1293  2586 1
    0  1294  2588 1
    0  1295  2590 1
    0  1296  2592 1
    0  1297  2594 1
    0  1298  2596 1
    0  1299  2598 1
    0  1300  2600 1
    0  1301  2602 1
    0  1302  2604 1
    0  1303  2606 1
    0  1304  2608 1
    0  1305  2610 1
    0  1306  2612 1
    0  1307  2614 1
    0  1308  2616 1
    0  1309  2618 1
    0  1310  2620 1
    0  1311  2622 1
    0  1312  2624 1
    0  1313  2626 1
    0  1314  2628 1
    0  1315  2630 1
    0  1316  2632 1
    0  1317  2634 1
    0  1318  2636 1
    0  1319  2638 1
    0  1320  2640 1
    0  1321  2642 1
    0  1322  2644 1
    0  1323  2646 1
    0  1324  2648 1
    0  1325  2650 1
    0  1326  2652 1
    0  1327  2654 1
    0  1328  2656 1
    0  1329  2658 1
    0  1330  2660 1
    0  1331  2662 1
    0  1332  2664 1
    0  1333  2666 1
    0  1334  2668 1
    0  1335  2670 1
    0  1336  2672 1
    0  1337  2674 1
    0  1338  2676 1
    0  1339  2678 1
    0  1340  2680 1
    0  1341  2682 1
    0  1342  2684 1
    0  1343  2686 1
    0  1344  2688 1
    0  1345  2690 1
    0  1346  2692 1
    0  1347  2694 1
    0  1348  2696 1
    0  1349  2698 1
    0  1350  2700 1
    0  1351  2702 1
    0  1352  2704 1
    0  1353  2706 1
    0  1354  2708 1
    0  1355  2710 1
    0  1356  2712 1
    0  1357  2714 1
    0  1358  2716 1
    0  1359  2718 1
    0  1360  2720 1
    0  1361  2722 1
    0  1362  2724 1
    0  1363  2726 1
    0  1364  2728 1
    0  1365  2730 1
    0  1366  2732 1
    0  1367  2734 1
    0  1368  2736 1
    0  1369  2738 1
    0  1370  2740 1
    0  1371  2742 1
    0  1372  2744 1
    0  1373  2746 1
    0  1374  2748 1
    0  1375  2750 1
    0  1376  2752 1
    0  1377  2754 1
    0  1378  2756 1
    0  1379  2758 1
    0  1380  2760 1
    0  1381  2762 1
    0  1382  2764 1
    0  1383  2766 1
    0  1384  2768 1
    0  1385  2770 1
    0  1386  2772 1
    0  1387  2774 1
    0  1388  2776 1
    0  1389  2778 1
    0  1390  2780 1
    0  1391  2782 1
    0  1392  2784 1
    0  1393  2786 1
    0  1394  2788 1
    0  1395  2790 1
    0  1396  2792 1
    0  1397  2794 1
    0  1398  2796 1
    0  1399  2798 1
    0  1400  2800 1
    0  1401  2802 1
    0  1402  2804 1
    0  1403  2806 1
    0  1404  2808 1
    0  1405  2810 1
    0  1406  2812 1
    0  1407  2814 1
    0  1408  2816 1
    0  1409  2818 1
    0  1410  2820 1
    0  1411  2822 1
    0  1412  2824 1
    0  1413  2826 1
    0  1414  2828 1
    0  1415  2830 1
    0  1416  2832 1
    0  1417  2834 1
    0  1418  2836 1
    0  1419  2838 1
    0  1420  2840 1
    0  1421  2842 1
    0  1422  2844 1
    0  1423  2846 1
    0  1424  2848 1
    0  1425  2850 1
    0  1426  2852 1
    0  1427  2854 1
    0  1428  2856 1
    0  1429  2858 1
    0  1430  2860 1
    0  1431  2862 1
    0  1432  2864 1
    0  1433  2866 1
    0  1434  2868 1
    0  1435  2870 1
    0  1436  2872 1
    0  1437  2874 1
    0  1438  2876 1
    0  1439  2878 1
    0  1440  2880 1
    0  1441  2882 1
    0  1442  2884 1
    0  1443  2886 1
    0  1444  2888 1
    0  1445  2890 1
    0  1446  2892 1
    0  1447  2894 1
    0  1448  2896 1
    0  1449  2898 1
    0  1450  2900 1
    0  1451  2902 1
    0  1452  2904 1
    0  1453  2906 1
    0  1454  2908 1
    0  1455  2910 1
    0  1456  2912 1
    0  1457  2914 1
    0  1458  2916 1
    0  1459  2918 1
    0  1460  2920 1
    0  1461  2922 1
    0  1462  2924 1
    0  1463  2926 1
    0  1464  2928 1
    0  1465  2930 1
    0  1466  2932 1
    0  1467  2934 1
    0  1468  2936 1
    0  1469  2938 1
    0  1470  2940 1
    0  1471  2942 1
    0  1472  2944 1
    0  1473  2946 1
    0  1474  2948 1
    0  1475  2950 1
    0  1476  2952 1
    0  1477  2954 1
    0  1478  2956 1
    0  1479  2958 1
    0  1480  2960 1
    0  1481  2962 1
    0  1482  2964 1
    0  1483  2966 1
    0  1484  2968 1
    0  1485  2970 1
    0  1486  2972 1
    0  1487  2974 1
    0  1488  2976 1
    0  1489  2978 1
    0  1490  2980 1
    0  1491  2982 1
    0  1492  2984 1
    0  1493  2986 1
    0  1494  2988 1
    0  1495  2990 1
    0  1496  2992 1
    0  1497  2994 1
    0  1498  2996 1
    0  1499  2998 1
    0  1500  3000 1
    0  1501  3002 1
    0  1502  3004 1
    0  1503  3006 1
    0  1504  3008 1
    0  1505  3010 1
    0  1506  3012 1
    0  1507  3014 1
    0  1508  3016 1
    0  1509  3018 1
    0  1510  3020 1
    0  1511  3022 1
    0  1512  3024 1
    0  1513  3026 1
    0  1514  3028 1
    0  1515  3030 1
    0  1516  3032 1
    0  1517  3034 1
    0  1518  3036 1
    0  1519  3038 1
    0  1520  3040 1
    0  1521  3042 1
    0  1522  3044 1
    0  1523  3046 1
    0  1524  3048 1
    0  1525  3050 1
    0  1526  3052 1
    0  1527  3054 1
    0  1528  3056 1
    0  1529  3058 1
    0  1530  3060 1
    0  1531  3062 1
    0  1532  3064 1
    0  1533  3066 1
    0  1534  3068 1
    0  1535  3070 1
    0  1536  3072 1
    0  1537  3074 1
    0  1538  3076 1
    0  1539  3078 1
    0  1540  3080 1
    0  1541  3082 1
    0  1542  3084 1
    0  1543  3086 1
    0  1544  3088 1
    0  1545  3090 1
    0  1546  3092 1
    0  1547  3094 1
    0  1548  3096 1
    0  1549  3098 1
    0  1550  3100 1
    0  1551  3102 1
    0  1552  3104 1
    0  1553  3106 1
    0  1554  3108 1
    0  1555  3110 1
    0  1556  3112 1
    0  1557  3114 1
    0  1558  3116 1
    0  1559  3118 1
    0  1560  3120 1
    0  1561  3122 1
    0  1562  3124 1
    0  1563  3126 1
    0  1564  3128 1
    0  1565  3130 1
    0  1566  3132 1
    0  1567  3134 1
    0  1568  3136 1
    0  1569  3138 1
    0  1570  3140 1
    0  1571  3142 1
    0  1572  3144 1
    0  1573  3146 1
    0  1574  3148 1
    0  1575  3150 1
    0  1576  3152 1
    0  1577  3154 1
    0  1578  3156 1
    0  1579  3158 1
    0  1580  3160 1
    0  1581  3162 1
    0  1582  3164 1
    0  1583  3166 1
    0  1584  3168 1
    0  1585  3170 1
    0  1586  3172 1
    0  1587  3174 1
    0  1588  3176 1
    0  1589  3178 1
    0  1590  3180 1
    0  1591  3182 1
    0  1592  3184 1
    0  1593  3186 1
    0  1594  3188 1
    0  1595  3190 1
    0  1596  3192 1
    0  1597  3194 1
    0  1598  3196 1
    0  1599  3198 1
    0  1600  3200 1
    0  1601  3202 1
    0  1602  3204 1
    0  1603  3206 1
    0  1604  3208 1
    0  1605  3210 1
    0  1606  3212 1
    0  1607  3214 1
    0  1608  3216 1
    0  1609  3218 1
    0  1610  3220 1
    0  1611  3222 1
    0  1612  3224 1
    0  1613  3226 1
    0  1614  3228 1
    0  1615  3230 1
    0  1616  3232 1
    0  1617  3234 1
    0  1618  3236 1
    0  1619  3238 1
    0  1620  3240 1
    0  1621  3242 1
    0  1622  3244 1
    0  1623  3246 1
    0  1624  3248 1
    0  1625  3250 1
    0  1626  3252 1
    0  1627  3254 1
    0  1628  3256 1
    0  1629  3258 1
    0  1630  3260 1
    0  1631  3262 1
    0  1632  3264 1
    0  1633  3266 1
    0  1634  3268 1
    0  1635  3270 1
    0  1636  3272 1
    0  1637  3274 1
    0  1638  3276 1
    0  1639  3278 1
    0  1640  3280 1
    0  1641  3282 1
    0  1642  3284 1
    0  1643  3286 1
    0  1644  3288 1
    0  1645  3290 1
    0  1646  3292 1
    0  1647  3294 1
    0  1648  3296 1
    0  1649  3298 1
    0  1650  3300 1
    0  1651  3302 1
    0  1652  3304 1
    0  1653  3306 1
    0  1654  3308 1
    0  1655  3310 1
    0  1656  3312 1
    0  1657  3314 1
    0  1658  3316 1
    0  1659  3318 1
    0  1660  3320 1
    0  1661  3322 1
    0  1662  3324 1
    0  1663  3326 1
    0  1664  3328 1
    0  1665  3330 1
    0  1666  3332 1
    0  1667  3334 1
    0  1668  3336 1
    0  1669  3338 1
    0  1670  3340 1
    0  1671  3342 1
    0  1672  3344 1
    0  1673  3346 1
    0  1674  3348 1
    0  1675  3350 1
    0  1676  3352 1
    0  1677  3354 1
    0  1678  3356 1
    0  1679  3358 1
    0  1680  3360 1
    0  1681  3362 1
    0  1682  3364 1
    0  1683  3366 1
    0  1684  3368 1
    0  1685  3370 1
    0  1686  3372 1
    0  1687  3374 1
    0  1688  3376 1
    0  1689  3378 1
    0  1690  3380 1
    0  1691  3382 1
    0  1692  3384 1
    0  1693  3386 1
    0  1694  3388 1
    0  1695  3390 1
    0  1696  3392 1
    0  1697  3394 1
    0  1698  3396 1
    0  1699  3398 1
    0  1700  3400 1
    0  1701  3402 1
    0  1702  3404 1
    0  1703  3406 1
    0  1704  3408 1
    0  1705  3410 1
    0  1706  3412 1
    0  1707  3414 1
    0  1708  3416 1
    0  1709  3418 1
    0  1710  3420 1
    0  1711  3422 1
    0  1712  3424 1
    0  1713  3426 1
    0  1714  3428 1
    0  1715  3430 1
    0  1716  3432 1
    0  1717  3434 1
    0  1718  3436 1
    0  1719  3438 1
    0  1720  3440 1
    0  1721  3442 1
    0  1722  3444 1
    0  1723  3446 1
    0  1724  3448 1
    0  1725  3450 1
    0  1726  3452 1
    0  1727  3454 1
    0  1728  3456 1
    0  1729  3458 1
    0  1730  3460 1
    0  1731  3462 1
    0  1732  3464 1
    0  1733  3466 1
    0  1734  3468 1
    0  1735  3470 1
    0  1736  3472 1
    0  1737  3474 1
    0  1738  3476 1
    0  1739  3478 1
    0  1740  3480 1
    0  1741  3482 1
    0  1742  3484 1
    0  1743  3486 1
    0  1744  3488 1
    0  1745  3490 1
    0  1746  3492 1
    0  1747  3494 1
    0  1748  3496 1
    0  1749  3498 1
    0  1750  3500 1
    0  1751  3502 1
    0  1752  3504 1
    0  1753  3506 1
    0  1754  3508 1
    0  1755  3510 1
    0  1756  3512 1
    0  1757  3514 1
    0  1758  3516 1
    0  1759  3518 1
    0  1760  3520 1
    0  1761  3522 1
    0  1762  3524 1
    0  1763  3526 1
    0  1764  3528 1
    0  1765  3530 1
    0  1766  3532 1
    0  1767  3534 1
    0  1768  3536 1
    0  1769  3538 1
    0  1770  3540 1
    0  1771  3542 1
    0  1772  3544 1
    0  1773  3546 1
    0  1774  3548 1
    0  1775  3550 1
    0  1776  3552 1
    0  1777  3554 1
    0  1778  3556 1
    0  1779  3558 1
    0  1780  3560 1
    0  1781  3562 1
    0  1782  3564 1
    0  1783  3566 1
    0  1784  3568 1
    0  1785  3570 1
    0  1786  3572 1
    0  1787  3574 1
    0  1788  3576 1
    0  1789  3578 1
    0  1790  3580 1
    0  1791  3582 1
    0  1792  3584 1
    0  1793  3586 1
    0  1794  3588 1
    0  1795  3590 1
    0  1796  3592 1
    0  1797  3594 1
    0  1798  3596 1
    0  1799  3598 1
    0  1800  3600 1
    0  1801  3602 1
    0  1802  3604 1
    0  1803  3606 1
    0  1804  3608 1
    0  1805  3610 1
    0  1806  3612 1
    0  1807  3614 1
    0  1808  3616 1
    0  1809  3618 1
    0  1810  3620 1
    0  1811  3622 1
    0  1812  3624 1
    0  1813  3626 1
    0  1814  3628 1
    0  1815  3630 1
    0  1816  3632 1
    0  1817  3634 1
    0  1818  3636 1
    0  1819  3638 1
    0  1820  3640 1
    0  1821  3642 1
    0  1822  3644 1
    0  1823  3646 1
    0  1824  3648 1
    0  1825  3650 1
    0  1826  3652 1
    0  1827  3654 1
    0  1828  3656 1
    0  1829  3658 1
    0  1830  3660 1
    0  1831  3662 1
    0  1832  3664 1
    0  1833  3666 1
    0  1834  3668 1
    0  1835  3670 1
    0  1836  3672 1
    0  1837  3674 1
    0  1838  3676 1
    0  1839  3678 1
    0  1840  3680 1
    0  1841  3682 1
    0  1842  3684 1
    0  1843  3686 1
    0  1844  3688 1
    0  1845  3690 1
    0  1846  3692 1
    0  1847  3694 1
    0  1848  3696 1
    0  1849  3698 1
    0  1850  3700 1
    0  1851  3702 1
    0  1852  3704 1
    0  1853  3706 1
    0  1854  3708 1
    0  1855  3710 1
    0  1856  3712 1
    0  1857  3714 1
    0  1858  3716 1
    0  1859  3718 1
    0  1860  3720 1
    0  1861  3722 1
    0  1862  3724 1
    0  1863  3726 1
    0  1864  3728 1
    0  1865  3730 1
    0  1866  3732 1
    0  1867  3734 1
    0  1868  3736 1
    0  1869  3738 1
    0  1870  3740 1
    0  1871  3742 1
    0  1872  3744 1
    0  1873  3746 1
    0  1874  3748 1
    0  1875  3750 1
    0  1876  3752 1
    0  1877  3754 1
    0  1878  3756 1
    0  1879  3758 1
    0  1880  3760 1
    0  1881  3762 1
    0  1882  3764 1
    0  1883  3766 1
    0  1884  3768 1
    0  1885  3770 1
    0  1886  3772 1
    0  1887  3774 1
    0  1888  3776 1
    0  1889  3778 1
    0  1890  3780 1
    0  1891  3782 1
    0  1892  3784 1
    0  1893  3786 1
    0  1894  3788 1
    0  1895  3790 1
    0  1896  3792 1
    0  1897  3794 1
    0  1898  3796 1
    0  1899  3798 1
    0  1900  3800 1
    0  1901  3802 1
    0  1902  3804 1
    0  1903  3806 1
    0  1904  3808 1
    0  1905  3810 1
    0  1906  3812 1
    0  1907  3814 1
    0  1908  3816 1
    0  1909  3818 1
    0  1910  3820 1
    0  1911  3822 1
    0  1912  3824 1
    0  1913  3826 1
    0  1914  3828 1
    0  1915  3830 1
    0  1916  3832 1
    0  1917  3834 1
    0  1918  3836 1
    0  1919  3838 1
    0  1920  3840 1
    0  1921  3842 1
    0  1922  3844 1
    0  1923  3846 1
    0  1924  3848 1
    0  1925  3850 1
    0  1926  3852 1
    0  1927  3854 1
    0  1928  3856 1
    0  1929  3858 1
    0  1930  3860 1
    0  1931  3862 1
    0  1932  3864 1
    0  1933  3866 1
    0  1934  3868 1
    0  1935  3870 1
    0  1936  3872 1
    0  1937  3874 1
    0  1938  3876 1
    0  1939  3878 1
    0  1940  3880 1
    0  1941  3882 1
    0  1942  3884 1
    0  1943  3886 1
    0  1944  3888 1
    0  1945  3890 1
    0  1946  3892 1
    0  1947  3894 1
    0  1948  3896 1
    0  1949  3898 1
    0  1950  3900 1
    0  1951  3902 1
    0  1952  3904 1
    0  1953  3906 1
    0  1954  3908 1
    0  1955  3910 1
    0  1956  3912 1
    0  1957  3914 1
    0  1958  3916 1
    0  1959  3918 1
    0  1960  3920 1
    0  1961  3922 1
    0  1962  3924 1
    0  1963  3926 1
    0  1964  3928 1
    0  1965  3930 1
    0  1966  3932 1
    0  1967  3934 1
    0  1968  3936 1
    0  1969  3938 1
    0  1970  3940 1
    0  1971  3942 1
    0  1972  3944 1
    0  1973  3946 1
    0  1974  3948 1
    0  1975  3950 1
    0  1976  3952 1
    0  1977  3954 1
    0  1978  3956 1
    0  1979  3958 1
    0  1980  3960 1
    0  1981  3962 1
    0  1982  3964 1
    0  1983  3966 1
    0  1984  3968 1
    0  1985  3970 1
    0  1986  3972 1
    0  1987  3974 1
    0  1988  3976 1
    0  1989  3978 1
    0  1990  3980 1
    0  1991  3982 1
    0  1992  3984 1
    0  1993  3986 1
    0  1994  3988 1
    0  1995  3990 1
    0  1996  3992 1
    0  1997  3994 1
    0  1998  3996 1
    0  1999  3998 1
    0  2000  4000 1
    0  2001  4002 1
    0  2002  4004 1
    0  2003  4006 1
    0  2004  4008 1
    0  2005  4010 1
    0  2006  4012 1
    0  2007  4014 1
    0  2008  4016 1
    0  2009  4018 1
    0  2010  4020 1
    0  2011  4022 1
    0  2012  4024 1
    0  2013  4026 1
    0  2014  4028 1
    0  2015  4030 1
    0  2016  4032 1
    0  2017  4034 1
    0  2018  4036 1
    0  2019  4038 1
    0  2020  4040 1
    0  2021  4042 1
    0  2022  4044 1
    0  2023  4046 1
    0  2024  4048 1
    0  2025  4050 1
    0  2026  4052 1
    0  2027  4054 1
    0  2028  4056 1
    0  2029  4058 1
    0  2030  4060 1
    0  2031  4062 1
    0  2032  4064 1
    0  2033  4066 1
    0  2034  4068 1
    0  2035  4070 1
    0  2036  4072 1
    0  2037  4074 1
    0  2038  4076 1
    0  2039  4078 1
    0  2040  4080 1
    0  2041  4082 1
    0  2042  4084 1
    0  2043  4086 1
    0  2044  4088 1
    0  2045  4090 1
    0  2046  4092 1
    0  2047  4094 1
    0  2048     1 1
    0  2049     3 1
    0  2050     5 1
    0  2051     7 1
    0  2052     9 1
    0  2053    11 1
    0  2054    13 1
    0  2055    15 1
    0  2056    17 1
    0  2057    19 1
    0  2058    21 1
    0  2059    23 1
    0  2060    25 1
    0  2061    27 1
    0  2062    29 1
    0  2063    31 1
    0  2064    33 1
    0  2065    35 1
    0  2066    37 1
    0  2067    39 1
    0  2068    41 1
    0  2069    43 1
    0  2070    45 1
    0  2071    47 1
    0  2072    49 1
    0  2073    51 1
    0  2074    53 1
    0  2075    55 1
    0  2076    57 1
    0  2077    59 1
    0  2078    61 1
    0  2079    63 1
    0  2080    65 1
    0  2081    67 1
    0  2082    69 1
    0  2083    71 1
    0  2084    73 1
    0  2085    75 1
    0  2086    77 1
    0  2087    79 1
    0  2088    81 1
    0  2089    83 1
    0  2090    85 1
    0  2091    87 1
    0  2092    89 1
    0  2093    91 1
    0  2094    93 1
    0  2095    95 1
    0  2096    97 1
    0  2097    99 1
    0  2098   101 1
    0  2099   103 1
    0  2100   105 1
    0  2101   107 1
    0  2102   109 1
    0  2103   111 1
    0  2104   113 1
    0  2105   115 1
    0  2106   117 1
    0  2107   119 1
    0  2108   121 1
    0  2109   123 1
    0  2110   125 1
    0  2111   127 1
    0  2112   129 1
    0  2113   131 1
    0  2114   133 1
    0  2115   135 1
    0  2116   137 1
    0  2117   139 1
    0  2118   141 1
    0  2119   143 1
    0  2120   145 1
    0  2121   147 1
    0  2122   149 1
    0  2123   151 1
    0  2124   153 1
    0  2125   155 1
    0  2126   157 1
    0  2127   159 1
    0  2128   161 1
    0  2129   163 1
    0  2130   165 1
    0  2131   167 1
    0  2132   169 1
    0  2133   171 1
    0  2134   173 1
    0  2135   175 1
    0  2136   177 1
    0  2137   179 1
    0  2138   181 1
    0  2139   183 1
    0  2140   185 1
    0  2141   187 1
    0  2142   189 1
    0  2143   191 1
    0  2144   193 1
    0  2145   195 1
    0  2146   197 1
    0  2147   199 1
    0  2148   201 1
    0  2149   203 1
    0  2150   205 1
    0  2151   207 1
    0  2152   209 1
    0  2153   211 1
    0  2154   213 1
    0  2155   215 1
    0  2156   217 1
    0  2157   219 1
    0  2158   221 1
    0  2159   223 1
    0  2160   225 1
    0  2161   227 1
    0  2162   229 1
    0  2163   231 1
    0  2164   233 1
    0  2165   235 1
    0  2166   237 1
    0  2167   239 1
    0  2168   241 1
    0  2169   243 1
    0  2170   245 1
    0  2171   247 1
    0  2172   249 1
    0  2173   251 1
    0  2174   253 1
    0  2175   255 1
    0  2176   257 1
    0  2177   259 1
    0  2178   261 1
    0  2179   263 1
    0  2180   265 1
    0  2181   267 1
    0  2182   269 1
    0  2183   271 1
    0  2184   273 1
    0  2185   275 1
    0  2186   277 1
    0  2187   279 1
    0  2188   281 1
    0  2189   283 1
    0  2190   285 1
    0  2191   287 1
    0  2192   289 1
    0  2193   291 1
    0  2194   293 1
    0  2195   295 1
    0  2196   297 1
    0  2197   299 1
    0  2198   301 1
    0  2199   303 1
    0  2200   305 1
    0  2201   307 1
    0  2202   309 1
    0  2203   311 1
    0  2204   313 1
    0  2205   315 1
    0  2206   317 1
    0  2207   319 1
    0  2208   321 1
    0  2209   323 1
    0  2210   325 1
    0  2211   327 1
    0  2212   329 1
    0  2213   331 1
    0  2214   333 1
    0  2215   335 1
    0  2216   337 1
    0  2217   339 1
    0  2218   341 1
    0  2219   343 1
    0  2220   345 1
    0  2221   347 1
    0  2222   349 1
    0  2223   351 1
    0  2224   353 1
    0  2225   355 1
    0  2226   357 1
    0  2227   359 1
    0  2228   361 1
    0  2229   363 1
    0  2230   365 1
    0  2231   367 1
    0  2232   369 1
    0  2233   371 1
    0  2234   373 1
    0  2235   375 1
    0  2236   377 1
    0  2237   379 1
    0  2238   381 1
    0  2239   383 1
    0  2240   385 1
    0  2241   387 1
    0  2242   389 1
    0  2243   391 1
    0  2244   393 1
    0  2245   395 1
    0  2246   397 1
    0  2247   399 1
    0  2248   401 1
    0  2249   403 1
    0  2250   405 1
    0  2251   407 1
    0  2252   409 1
    0  2253   411 1
    0  2254   413 1
    0  2255   415 1
    0  2256   417 1
    0  2257   419 1
    0  2258   421 1
    0  2259   423 1
    0  2260   425 1
    0  2261   427 1
    0  2262   429 1
    0  2263   431 1
    0  2264   433 1
    0  2265   435 1
    0  2266   437 1
    0  2267   439 1
    0  2268   441 1
    0  2269   443 1
    0  2270   445 1
    0  2271   447 1
    0  2272   449 1
    0  2273   451 1
    0  2274   453 1
    0  2275   455 1
    0  2276   457 1
    0  2277   459 1
    0  2278   461 1
    0  2279   463 1
    0  2280   465 1
    0  2281   467 1
    0  2282   469 1
    0  2283   471 1
    0  2284   473 1
    0  2285   475 1
    0  2286   477 1
    0  2287   479 1
    0  2288   481 1
    0  2289   483 1
    0  2290   485 1
    0  2291   487 1
    0  2292   489 1
    0  2293   491 1
    0  2294   493 1
    0  2295   495 1
    0  2296   497 1
    0  2297   499 1
    0  2298   501 1
    0  2299   503 1
    0  2300   505 1
    0  2301   507 1
    0  2302   509 1
    0  2303   511 1
    0  2304   513 1
    0  2305   515 1
    0  2306   517 1
    0  2307   519 1
    0  2308   521 1
    0  2309   523 1
    0  2310   525 1
    0  2311   527 1
    0  2312   529 1
    0  2313   531 1
    0  2314   533 1
    0  2315   535 1
    0  2316   537 1
    0  2317   539 1
    0  2318   541 1
    0  2319   543 1
    0  2320   545 1
    0  2321   547 1
    0  2322   549 1
    0  2323   551 1
    0  2324   553 1
    0  2325   555 1
    0  2326   557 1
    0  2327   559 1
    0  2328   561 1
    0  2329   563 1
    0  2330   565 1
    0  2331   567 1
    0  2332   569 1
    0  2333   571 1
    0  2334   573 1
    0  2335   575 1
    0  2336   577 1
    0  2337   579 1
    0  2338   581 1
    0  2339   583 1
    0  2340   585 1
    0  2341   587 1
    0  2342   589 1
    0  2343   591 1
    0  2344   593 1
    0  2345   595 1
    0  2346   597 1
    0  2347   599 1
    0  2348   601 1
    0  2349   603 1
    0  2350   605 1
    0  2351   607 1
    0  2352   609 1
    0  2353   611 1
    0  2354   613 1
    0  2355   615 1
    0  2356   617 1
    0  2357   619 1
    0  2358   621 1
    0  2359   623 1
    0  2360   625 1
    0  2361   627 1
    0  2362   629 1
    0  2363   631 1
    0  2364   633 1
    0  2365   635 1
    0  2366   637 1
    0  2367   639 1
    0  2368   641 1
    0  2369   643 1
    0  2370   645 1
    0  2371   647 1
    0  2372   649 1
    0  2373   651 1
    0  2374   653 1
    0  2375   655 1
    0  2376   657 1
    0  2377   659 1
    0  2378   661 1
    0  2379   663 1
    0  2380   665 1
    0  2381   667 1
    0  2382   669 1
    0  2383   671 1
    0  2384   673 1
    0  2385   675 1
    0  2386   677 1
    0  2387   679 1
    0  2388   681 1
    0  2389   683 1
    0  2390   685 1
    0  2391   687 1
    0  2392   689 1
    0  2393   691 1
    0  2394   693 1
    0  2395   695 1
    0  2396   697 1
    0  2397   699 1
    0  2398   701 1
    0  2399   703 1
    0  2400   705 1
    0  2401   707 1
    0  2402   709 1
    0  2403   711 1
    0  2404   713 1
    0  2405   715 1
    0  2406   717 1
    0  2407   719 1
    0  2408   721 1
    0  2409   723 1
    0  2410   725 1
    0  2411   727 1
    0  2412   729 1
    0  2413   731 1
    0  2414   733 1
    0  2415   735 1
    0  2416   737 1
    0  2417   739 1
    0  2418   741 1
    0  2419   743 1
    0  2420   745 1
    0  2421   747 1
    0  2422   749 1
    0  2423   751 1
    0  2424   753 1
    0  2425   755 1
    0  2426   757 1
    0  2427   759 1
    0  2428   761 1
    0  2429   763 1
    0  2430   765 1
    0  2431   767 1
    0  2432   769 1
    0  2433   771 1
    0  2434   773 1
    0  2435   775 1
    0  2436   777 1
    0  2437   779 1
    0  2438   781 1
    0  2439   783 1
    0  2440   785 1
    0  2441   787 1
    0  2442   789 1
    0  2443   791 1
    0  2444   793 1
    0  2445   795 1
    0  2446   797 1
    0  2447   799 1
    0  2448   801 1
    0  2449   803 1
    0  2450   805 1
    0  2451   807 1
    0  2452   809 1
    0  2453   811 1
    0  2454   813 1
    0  2455   815 1
    0  2456   817 1
    0  2457   819 1
    0  2458   821 1
    0  2459   823 1
    0  2460   825 1
    0  2461   827 1
    0  2462   829 1
    0  2463   831 1
    0  2464   833 1
    0  2465   835 1
    0  2466   837 1
    0  2467   839 1
    0  2468   841 1
    0  2469   843 1
    0  2470   845 1
    0  2471   847 1
    0  2472   849 1
    0  2473   851 1
    0  2474   853 1
    0  2475   855 1
    0  2476   857 1
    0  2477   859 1
    0  2478   861 1
    0  2479   863 1
    0  2480   865 1
    0  2481   867 1
    0  2482   869 1
    0  2483   871 1
    0  2484   873 1
    0  2485   875 1
    0  2486   877 1
    0  2487   879 1
    0  2488   881 1
    0  2489   883 1
    0  2490   885 1
    0  2491   887 1
    0  2492   889 1
    0  2493   891 1
    0  2494   893 1
    0  2495   895 1
    0  2496   897 1
    0  2497   899 1
    0  2498   901 1
    0  2499   903 1
    0  2500   905 1
    0  2501   907 1
    0  2502   909 1
    0  2503   911 1
    0  2504   913 1
    0  2505   915 1
    0  2506   917 1
    0  2507   919 1
    0  2508   921 1
    0  2509   923 1
    0  2510   925 1
    0  2511   927 1
    0  2512   929 1
    0  2513   931 1
    0  2514   933 1
    0  2515   935 1
    0  2516   937 1
    0  2517   939 1
    0  2518   941 1
    0  2519   943 1
    0  2520   945 1
    0  2521   947 1
    0  2522   949 1
    0  2523   951 1
    0  2524   953 1
    0  2525   955 1
    0  2526   957 1
    0  2527   959 1
    0  2528   961 1
    0  2529   963 1
    0  2530   965 1
    0  2531   967 1
    0  2532   969 1
    0  2533   971 1
    0  2534   973 1
    0  2535   975 1
    0  2536   977 1
    0  2537   979 1
    0  2538   981 1
    0  2539   983 1
    0  2540   985 1
    0  2541   987 1
    0  2542   989 1
    0  2543   991 1
    0  2544   993 1
    0  2545   995 1
    0  2546   997 1
    0  2547   999 1
    0  2548  1001 1
    0  2549  1003 1
    0  2550  1005 1
    0  2551  1007 1
    0  2552  1009 1
    0  2553  1011 1
    0  2554  1013 1
    0  2555  1015 1
    0  2556  1017 1
    0  2557  1019 1
    0  2558  1021 1
    0  2559  1023 1
    0  2560  1025 1
    0  2561  1027 1
    0  2562  1029 1
    0  2563  1031 1
    0  2564  1033 1
    0  2565  1035 1
    0  2566  1037 1
    0  2567  1039 1
    0  2568  1041 1
    0  2569  1043 1
    0  2570  1045 1
    0  2571  1047 1
    0  2572  1049 1
    0  2573  1051 1
    0  2574  1053 1
    0  2575  1055 1
    0  2576  1057 1
    0  2577  1059 1
    0  2578  1061 1
    0  2579  1063 1
    0  2580  1065 1
    0  2581  1067 1
    0  2582  1069 1
    0  2583  1071 1
    0  2584  1073 1
    0  2585  1075 1
    0  2586  1077 1
    0  2587  1079 1
    0  2588  1081 1
    0  2589  1083 1
    0  2590  1085 1
    0  2591  1087 1
    0  2592  1089 1
    0  2593  1091 1
    0  2594  1093 1
    0  2595  1095 1
    0  2596  1097 1
    0  2597  1099 1
    0  2598  1101 1
    0  2599  1103 1
    0  2600  1105 1
    0  2601  1107 1
    0  2602  1109 1
    0  2603  1111 1
    0  2604  1113 1
    0  2605  1115 1
    0  2606  1117 1
    0  2607  1119 1
    0  2608  1121 1
    0  2609  1123 1
    0  2610  1125 1
    0  2611  1127 1
    0  2612  1129 1
    0  2613  1131 1
    0  2614  1133 1
    0  2615  1135 1
    0  2616  1137 1
    0  2617  1139 1
    0  2618  1141 1
    0  2619  1143 1
    0  2620  1145 1
    0  2621  1147 1
    0  2622  1149 1
    0  2623  1151 1
    0  2624  1153 1
    0  2625  1155 1
    0  2626  1157 1
    0  2627  1159 1
    0  2628  1161 1
    0  2629  1163 1
    0  2630  1165 1
    0  2631  1167 1
    0  2632  1169 1
    0  2633  1171 1
    0  2634  1173 1
    0  2635  1175 1
    0  2636  1177 1
    0  2637  1179 1
    0  2638  1181 1
    0  2639  1183 1
    0  2640  1185 1
    0  2641  1187 1
    0  2642  1189 1
    0  2643  1191 1
    0  2644  1193 1
    0  2645  1195 1
    0  2646  1197 1
    0  2647  1199 1
    0  2648  1201 1
    0  2649  1203 1
    0  2650  1205 1
    0  2651  1207 1
    0  2652  1209 1
    0  2653  1211 1
    0  2654  1213 1
    0  2655  1215 1
    0  2656  1217 1
    0  2657  1219 1
    0  2658  1221 1
    0  2659  1223 1
    0  2660  1225 1
    0  2661  1227 1
    0  2662  1229 1
    0  2663  1231 1
    0  2664  1233 1
    0  2665  1235 1
    0  2666  1237 1
    0  2667  1239 1
    0  2668  1241 1
    0  2669  1243 1
    0  2670  1245 1
    0  2671  1247 1
    0  2672  1249 1
    0  2673  1251 1
    0  2674  1253 1
    0  2675  1255 1
    0  2676  1257 1
    0  2677  1259 1
    0  2678  1261 1
    0  2679  1263 1
    0  2680  1265 1
    0  2681  1267 1
    0  2682  1269 1
    0  2683  1271 1
    0  2684  1273 1
    0  2685  1275 1
    0  2686  1277 1
    0  2687  1279 1
    0  2688  1281 1
    0  2689  1283 1
    0  2690  1285 1
    0  2691  1287 1
    0  2692  1289 1
    0  2693  1291 1
    0  2694  1293 1
    0  2695  1295 1
    0  2696  1297 1
    0  2697  1299 1
    0  2698  1301 1
    0  2699  1303 1
    0  2700  1305 1
    0  2701  1307 1
    0  2702  1309 1
    0  2703  1311 1
    0  2704  1313 1
    0  2705  1315 1
    0  2706  1317 1
    0  2707  1319 1
    0  2708  1321 1
    0  2709  1323 1
    0  2710  1325 1
    0  2711  1327 1
    0  2712  1329 1
    0  2713  1331 1
    0  2714  1333 1
    0  2715  1335 1
    0  2716  1337 1
    0  2717  1339 1
    0  2718  1341 1
    0  2719  1343 1
    0  2720  1345 1
    0  2721  1347 1
    0  2722  1349 1
    0  2723  1351 1
    0  2724  1353 1
    0  2725  1355 1
    0  2726  1357 1
    0  2727  1359 1
    0  2728  1361 1
    0  2729  1363 1
    0  2730  1365 1
    0  2731  1367 1
    0  2732  1369 1
    0  2733  1371 1
    0  2734  1373 1
    0  2735  1375 1
    0  2736  1377 1
    0  2737  1379 1
    0  2738  1381 1
    0  2739  1383 1
    0  2740  1385 1
    0  2741  1387 1
    0  2742  1389 1
    0  2743  1391 1
    0  2744  1393 1
    0  2745  1395 1
    0  2746  1397 1
    0  2747  1399 1
    0  2748  1401 1
    0  2749  1403 1
    0  2750  1405 1
    0  2751  1407 1
    0  2752  1409 1
    0  2753  1411 1
    0  2754  1413 1
    0  2755  1415 1
    0  2756  1417 1
    0  2757  1419 1
    0  2758  1421 1
    0  2759  1423 1
    0  2760  1425 1
    0  2761  1427 1
    0  2762  1429 1
    0  2763  1431 1
    0  2764  1433 1
    0  2765  1435 1
    0  2766  1437 1
    0  2767  1439 1
    0  2768  1441 1
    0  2769  1443 1
    0  2770  1445 1
    0  2771  1447 1
    0  2772  1449 1
    0  2773  1451 1
    0  2774  1453 1
    0  2775  1455 1
    0  2776  1457 1
    0  2777  1459 1
    0  2778  1461 1
    0  2779  1463 1
    0  2780  1465 1
    0  2781  1467 1
    0  2782  1469 1
    0  2783  1471 1
    0  2784  1473 1
    0  2785  1475 1
    0  2786  1477 1
    0  2787  1479 1
    0  2788  1481 1
    0  2789  1483 1
    0  2790  1485 1
    0  2791  1487 1
    0  2792  1489 1
    0  2793  1491 1
    0  2794  1493 1
    0  2795  1495 1
    0  2796  1497 1
    0  2797  1499 1
    0  2798  1501 1
    0  2799  1503 1
    0  2800  1505 1
    0  2801  1507 1
    0  2802  1509 1
    0  2803  1511 1
    0  2804  1513 1
    0  2805  1515 1
    0  2806  1517 1
    0  2807  1519 1
    0  2808  1521 1
    0  2809  1523 1
    0  2810  1525 1
    0  2811  1527 1
    0  2812  1529 1
    0  2813  1531 1
    0  2814  1533 1
    0  2815  1535 1
    0  2816  1537 1
    0  2817  1539 1
    0  2818  1541 1
    0  2819  1543 1
    0  2820  1545 1
    0  2821  1547 1
    0  2822  1549 1
    0  2823  1551 1
    0  2824  1553 1
    0  2825  1555 1
    0  2826  1557 1
    0  2827  1559 1
    0  2828  1561 1
    0  2829  1563 1
    0  2830  1565 1
    0  2831  1567 1
    0  2832  1569 1
    0  2833  1571 1
    0  2834  1573 1
    0  2835  1575 1
    0  2836  1577 1
    0  2837  1579 1
    0  2838  1581 1
    0  2839  1583 1
    0  2840  1585 1
    0  2841  1587 1
    0  2842  1589 1
    0  2843  1591 1
    0  2844  1593 1
    0  2845  1595 1
    0  2846  1597 1
    0  2847  1599 1
    0  2848  1601 1
    0  2849  1603 1
    0  2850  1605 1
    0  2851  1607 1
    0  2852  1609 1
    0  2853  1611 1
    0  2854  1613 1
    0  2855  1615 1
    0  2856  1617 1
    0  2857  1619 1
    0  2858  1621 1
    0  2859  1623 1
    0  2860  1625 1
    0  2861  1627 1
    0  2862  1629 1
    0  2863  1631 1
    0  2864  1633 1
    0  2865  1635 1
    0  2866  1637 1
    0  2867  1639 1
    0  2868  1641 1
    0  2869  1643 1
    0  2870  1645 1
    0  2871  1647 1
    0  2872  1649 1
    0  2873  1651 1
    0  2874  1653 1
    0  2875  1655 1
    0  2876  1657 1
    0  2877  1659 1
    0  2878  1661 1
    0  2879  1663 1
    0  2880  1665 1
    0  2881  1667 1
    0  2882  1669 1
    0  2883  1671 1
    0  2884  1673 1
    0  2885  1675 1
    0  2886  1677 1
    0  2887  1679 1
    0  2888  1681 1
    0  2889  1683 1
    0  2890  1685 1
    0  2891  1687 1
    0  2892  1689 1
    0  2893  1691 1
    0  2894  1693 1
    0  2895  1695 1
    0  2896  1697 1
    0  2897  1699 1
    0  2898  1701 1
    0  2899  1703 1
    0  2900  1705 1
    0  2901  1707 1
    0  2902  1709 1
    0  2903  1711 1
    0  2904  1713 1
    0  2905  1715 1
    0  2906  1717 1
    0  2907  1719 1
    0  2908  1721 1
    0  2909  1723 1
    0  2910  1725 1
    0  2911  1727 1
    0  2912  1729 1
    0  2913  1731 1
    0  2914  1733 1
    0  2915  1735 1
    0  2916  1737 1
    0  2917  1739 1
    0  2918  1741 1
    0  2919  1743 1
    0  2920  1745 1
    0  2921  1747 1
    0  2922  1749 1
    0  2923  1751 1
    0  2924  1753 1
    0  2925  1755 1
    0  2926  1757 1
    0  2927  1759 1
    0  2928  1761 1
    0  2929  1763 1
    0  2930  1765 1
    0  2931  1767 1
    0  2932  1769 1
    0  2933  1771 1
    0  2934  1773 1
    0  2935  1775 1
    0  2936  1777 1
    0  2937  1779 1
    0  2938  1781 1
    0  2939  1783 1
    0  2940  1785 1
    0  2941  1787 1
    0  2942  1789 1
    0  2943  1791 1
    0  2944  1793 1
    0  2945  1795 1
    0  2946  1797 1
    0  2947  1799 1
    0  2948  1801 1
    0  2949  1803 1
    0  2950  1805 1
    0  2951  1807 1
    0  2952  1809 1
    0  2953  1811 1
    0  2954  1813 1
    0  2955  1815 1
    0  2956  1817 1
    0  2957  1819 1
    0  2958  1821 1
    0  2959  1823 1
    0  2960  1825 1
    0  2961  1827 1
    0  2962  1829 1
    0  2963  1831 1
    0  2964  1833 1
    0  2965  1835 1
    0  2966  1837 1
    0  2967  1839 1
    0  2968  1841 1
    0  2969  1843 1
    0  2970  1845 1
    0  2971  1847 1
    0  2972  1849 1
    0  2973  1851 1
    0  2974  1853 1
    0  2975  1855 1
    0  2976  1857 1
    0  2977  1859 1
    0  2978  1861 1
    0  2979  1863 1
    0  2980  1865 1
    0  2981  1867 1
    0  2982  1869 1
    0  2983  1871 1
    0  2984  1873 1
    0  2985  1875 1
    0  2986  1877 1
    0  2987  1879 1
    0  2988  1881 1
    0  2989  1883 1
    0  2990  1885 1
    0  2991  1887 1
    0  2992  1889 1
    0  2993  1891 1
    0  2994  1893 1
    0  2995  1895 1
    0  2996  1897 1
    0  2997  1899 1
    0  2998  1901 1
    0  2999  1903 1
    0  3000  1905 1
    0  3001  1907 1
    0  3002  1909 1
    0  3003  1911 1
    0  3004  1913 1
    0  3005  1915 1
    0  3006  1917 1
    0  3007  1919 1
    0  3008  1921 1
    0  3009  1923 1
    0  3010  1925 1
    0  3011  1927 1
    0  3012  1929 1
    0  3013  1931 1
    0  3014  1933 1
    0  3015  1935 1
    0  3016  1937 1
    0  3017  1939 1
    0  3018  1941 1
    0  3019  1943 1
    0  3020  1945 1
    0  3021  1947 1
    0  3022  1949 1
    0  3023  1951 1
    0  3024  1953 1
    0  3025  1955 1
    0  3026  1957 1
    0  3027  1959 1
    0  3028  1961 1
    0  3029  1963 1
    0  3030  1965 1
    0  3031  1967 1
    0  3032  1969 1
    0  3033  1971 1
    0  3034  1973 1
    0  3035  1975 1
    0  3036  1977 1
    0  3037  1979 1
    0  3038  1981 1
    0  3039  1983 1
    0  3040  1985 1
    0  3041  1987 1
    0  3042  1989 1
    0  3043  1991 1
    0  3044  1993 1
    0  3045  1995 1
    0  3046  1997 1
    0  3047  1999 1
    0  3048  2001 1
    0  3049  2003 1
    0  3050  2005 1
    0  3051  2007 1
    0  3052  2009 1
    0  3053  2011 1
    0  3054  2013 1
    0  3055  2015 1
    0  3056  2017 1
    0  3057  2019 1
    0  3058  2021 1
    0  3059  2023 1
    0  3060  2025 1
    0  3061  2027 1
    0  3062  2029 1
    0  3063  2031 1
    0  3064  2033 1
    0  3065  2035 1
    0  3066  2037 1
    0  3067  2039 1
    0  3068  2041 1
    0  3069  2043 1
    0  3070  2045 1
    0  3071  2047 1
    0  3072  2049 1
    0  3073  2051 1
    0  3074  2053 1
    0  3075  2055 1
    0  3076  2057 1
    0  3077  2059 1
    0  3078  2061 1
    0  3079  2063 1
    0  3080  2065 1
    0  3081  2067 1
    0  3082  2069 1
    0  3083  2071 1
    0  3084  2073 1
    0  3085  2075 1
    0  3086  2077 1
    0  3087  2079 1
    0  3088  2081 1
    0  3089  2083 1
    0  3090  2085 1
    0  3091  2087 1
    0  3092  2089 1
    0  3093  2091 1
    0  3094  2093 1
    0  3095  2095 1
    0  3096  2097 1
    0  3097  2099 1
    0  3098  2101 1
    0  3099  2103 1
    0  3100  2105 1
    0  3101  2107 1
    0  3102  2109 1
    0  3103  2111 1
    0  3104  2113 1
    0  3105  2115 1
    0  3106  2117 1
    0  3107  2119 1
    0  3108  2121 1
    0  3109  2123 1
    0  3110  2125 1
    0  3111  2127 1
    0  3112  2129 1
    0  3113  2131 1
    0  3114  2133 1
    0  3115  2135 1
    0  3116  2137 1
    0  3117  2139 1
    0  3118  2141 1
    0  3119  2143 1
    0  3120  2145 1
    0  3121  2147 1
    0  3122  2149 1
    0  3123  2151 1
    0  3124  2153 1
    0  3125  2155 1
    0  3126  2157 1
    0  3127  2159 1
    0  3128  2161 1
    0  3129  2163 1
    0  3130  2165 1
    0  3131  2167 1
    0  3132  2169 1
    0  3133  2171 1
    0  3134  2173 1
    0  3135  2175 1
    0  3136  2177 1
    0  3137  2179 1
    0  3138  2181 1
    0  3139  2183 1
    0  3140  2185 1
    0  3141  2187 1
    0  3142  2189 1
    0  3143  2191 1
    0  3144  2193 1
    0  3145  2195 1
    0  3146  2197 1
    0  3147  2199 1
    0  3148  2201 1
    0  3149  2203 1
    0  3150  2205 1
    0  3151  2207 1
    0  3152  2209 1
    0  3153  2211 1
    0  3154  2213 1
    0  3155  2215 1
    0  3156  2217 1
    0  3157  2219 1
    0  3158  2221 1
    0  3159  2223 1
    0  3160  2225 1
    0  3161  2227 1
    0  3162  2229 1
    0  3163  2231 1
    0  3164  2233 1
    0  3165  2235 1
    0  3166  2237 1
    0  3167  2239 1
    0  3168  2241 1
    0  3169  2243 1
    0  3170  2245 1
    0  3171  2247 1
    0  3172  2249 1
    0  3173  2251 1
    0  3174  2253 1
    0  3175  2255 1
    0  3176  2257 1
    0  3177  2259 1
    0  3178  2261 1
    0  3179  2263 1
    0  3180  2265 1
    0  3181  2267 1
    0  3182  2269 1
    0  3183  2271 1
    0  3184  2273 1
    0  3185  2275 1
    0  3186  2277 1
    0  3187  2279 1
    0  3188  2281 1
    0  3189  2283 1
    0  3190  2285 1
    0  3191  2287 1
    0  3192  2289 1
    0  3193  2291 1
    0  3194  2293 1
    0  3195  2295 1
    0  3196  2297 1
    0  3197  2299 1
    0  3198  2301 1
    0  3199  2303 1
    0  3200  2305 1
    0  3201  2307 1
    0  3202  2309 1
    0  3203  2311 1
    0  3204  2313 1
    0  3205  2315 1
    0  3206  2317 1
    0  3207  2319 1
    0  3208  2321 1
    0  3209  2323 1
    0  3210  2325 1
    0  3211  2327 1
    0  3212  2329 1
    0  3213  2331 1
    0  3214  2333 1
    0  3215  2335 1
    0  3216  2337 1
    0  3217  2339 1
    0  3218  2341 1
    0  3219  2343 1
    0  3220  2345 1
    0  3221  2347 1
    0  3222  2349 1
    0  3223  2351 1
    0  3224  2353 1
    0  3225  2355 1
    0  3226  2357 1
    0  3227  2359 1
    0  3228  2361 1
    0  3229  2363 1
    0  3230  2365 1
    0  3231  2367 1
    0  3232  2369 1
    0  3233  2371 1
    0  3234  2373 1
    0  3235  2375 1
    0  3236  2377 1
    0  3237  2379 1
    0  3238  2381 1
    0  3239  2383 1
    0  3240  2385 1
    0  3241  2387 1
    0  3242  2389 1
    0  3243  2391 1
    0  3244  2393 1
    0  3245  2395 1
    0  3246  2397 1
    0  3247  2399 1
    0  3248  2401 1
    0  3249  2403 1
    0  3250  2405 1
    0  3251  2407 1
    0  3252  2409 1
    0  3253  2411 1
    0  3254  2413 1
    0  3255  2415 1
    0  3256  2417 1
    0  3257  2419 1
    0  3258  2421 1
    0  3259  2423 1
    0  3260  2425 1
    0  3261  2427 1
    0  3262  2429 1
    0  3263  2431 1
    0  3264  2433 1
    0  3265  2435 1
    0  3266  2437 1
    0  3267  2439 1
    0  3268  2441 1
    0  3269  2443 1
    0  3270  2445 1
    0  3271  2447 1
    0  3272  2449 1
    0  3273  2451 1
    0  3274  2453 1
    0  3275  2455 1
    0  3276  2457 1
    0  3277  2459 1
    0  3278  2461 1
    0  3279  2463 1
    0  3280  2465 1
    0  3281  2467 1
    0  3282  2469 1
    0  3283  2471 1
    0  3284  2473 1
    0  3285  2475 1
    0  3286  2477 1
    0  3287  2479 1
    0  3288  2481 1
    0  3289  2483 1
    0  3290  2485 1
    0  3291  2487 1
    0  3292  2489 1
    0  3293  2491 1
    0  3294  2493 1
    0  3295  2495 1
    0  3296  2497 1
    0  3297  2499 1
    0  3298  2501 1
    0  3299  2503 1
    0  3300  2505 1
    0  3301  2507 1
    0  3302  2509 1
    0  3303  2511 1
    0  3304  2513 1
    0  3305  2515 1
    0  3306  2517 1
    0  3307  2519 1
    0  3308  2521 1
    0  3309  2523 1
    0  3310  2525 1
    0  3311  2527 1
    0  3312  2529 1
    0  3313  2531 1
    0  3314  2533 1
    0  3315  2535 1
    0  3316  2537 1
    0  3317  2539 1
    0  3318  2541 1
    0  3319  2543 1
    0  3320  2545 1
    0  3321  2547 1
    0  3322  2549 1
    0  3323  2551 1
    0  3324  2553 1
    0  3325  2555 1
    0  3326  2557 1
    0  3327  2559 1
    0  3328  2561 1
    0  3329  2563 1
    0  3330  2565 1
    0  3331  2567 1
    0  3332  2569 1
    0  3333  2571 1
    0  3334  2573 1
    0  3335  2575 1
    0  3336  2577 1
    0  3337  2579 1
    0  3338  2581 1
    0  3339  2583 1
    0  3340  2585 1
    0  3341  2587 1
    0  3342  2589 1
    0  3343  2591 1
    0  3344  2593 1
    0  3345  2595 1
    0  3346  2597 1
    0  3347  2599 1
    0  3348  2601 1
    0  3349  2603 1
    0  3350  2605 1
    0  3351  2607 1
    0  3352  2609 1
    0  3353  2611 1
    0  3354  2613 1
    0  3355  2615 1
    0  3356  2617 1
    0  3357  2619 1
    0  3358  2621 1
    0  3359  2623 1
    0  3360  2625 1
    0  3361  2627 1
    0  3362  2629 1
    0  3363  2631 1
    0  3364  2633 1
    0  3365  2635 1
    0  3366  2637 1
    0  3367  2639 1
    0  3368  2641 1
    0  3369  2643 1
    0  3370  2645 1
    0  3371  2647 1
    0  3372  2649 1
    0  3373  2651 1
    0  3374  2653 1
    0  3375  2655 1
    0  3376  2657 1
    0  3377  2659 1
    0  3378  2661 1
    0  3379  2663 1
    0  3380  2665 1
    0  3381  2667 1
    0  3382  2669 1
    0  3383  2671 1
    0  3384  2673 1
    0  3385  2675 1
    0  3386  2677 1
    0  3387  2679 1
    0  3388  2681 1
    0  3389  2683 1
    0  3390  2685 1
    0  3391  2687 1
    0  3392  2689 1
    0  3393  2691 1
    0  3394  2693 1
    0  3395  2695 1
    0  3396  2697 1
    0  3397  2699 1
    0  3398  2701 1
    0  3399  2703 1
    0  3400  2705 1
    0  3401  2707 1
    0  3402  2709 1
    0  3403  2711 1
    0  3404  2713 1
    0  3405  2715 1
    0  3406  2717 1
    0  3407  2719 1
    0  3408  2721 1
    0  3409  2723 1
    0  3410  2725 1
    0  3411  2727 1
    0  3412  2729 1
    0  3413  2731 1
    0  3414  2733 1
    0  3415  2735 1
    0  3416  2737 1
    0  3417  2739 1
    0  3418  2741 1
    0  3419  2743 1
    0  3420  2745 1
    0  3421  2747 1
    0  3422  2749 1
    0  3423  2751 1
    0  3424  2753 1
    0  3425  2755 1
    0  3426  2757 1
    0  3427  2759 1
    0  3428  2761 1
    0  3429  2763 1
    0  3430  2765 1
    0  3431  2767 1
    0  3432  2769 1
    0  3433  2771 1
    0  3434  2773 1
    0  3435  2775 1
    0  3436  2777 1
    0  3437  2779 1
    0  3438  2781 1
    0  3439  2783 1
    0  3440  2785 1
    0  3441  2787 1
    0  3442  2789 1
    0  3443  2791 1
    0  3444  2793 1
    0  3445  2795 1
    0  3446  2797 1
    0  3447  2799 1
    0  3448  2801 1
    0  3449  2803 1
    0  3450  2805 1
    0  3451  2807 1
    0  3452  2809 1
    0  3453  2811 1
    0  3454  2813 1
    0  3455  2815 1
    0  3456  2817 1
    0  3457  2819 1
    0  3458  2821 1
    0  3459  2823 1
    0  3460  2825 1
    0  3461  2827 1
    0  3462  2829 1
    0  3463  2831 1
    0  3464  2833 1
    0  3465  2835 1
    0  3466  2837 1
    0  3467  2839 1
    0  3468  2841 1
    0  3469  2843 1
    0  3470  2845 1
    0  3471  2847 1
    0  3472  2849 1
    0  3473  2851 1
    0  3474  2853 1
    0  3475  2855 1
    0  3476  2857 1
    0  3477  2859 1
    0  3478  2861 1
    0  3479  2863 1
    0  3480  2865 1
    0  3481  2867 1
    0  3482  2869 1
    0  3483  2871 1
    0  3484  2873 1
    0  3485  2875 1
    0  3486  2877 1
    0  3487  2879 1
    0  3488  2881 1
    0  3489  2883 1
    0  3490  2885 1
    0  3491  2887 1
    0  3492  2889 1
    0  3493  2891 1
    0  3494  2893 1
    0  3495  2895 1
    0  3496  2897 1
    0  3497  2899 1
    0  3498  2901 1
    0  3499  2903 1
    0  3500  2905 1
    0  3501  2907 1
    0  3502  2909 1
    0  3503  2911 1
    0  3504  2913 1
    0  3505  2915 1
    0  3506  2917 1
    0  3507  2919 1
    0  3508  2921 1
    0  3509  2923 1
    0  3510  2925 1
    0  3511  2927 1
    0  3512  2929 1
    0  3513  2931 1
    0  3514  2933 1
    0  3515  2935 1
    0  3516  2937 1
    0  3517  2939 1
    0  3518  2941 1
    0  3519  2943 1
    0  3520  2945 1
    0  3521  2947 1
    0  3522  2949 1
    0  3523  2951 1
    0  3524  2953 1
    0  3525  2955 1
    0  3526  2957 1
    0  3527  2959 1
    0  3528  2961 1
    0  3529  2963 1
    0  3530  2965 1
    0  3531  2967 1
    0  3532  2969 1
    0  3533  2971 1
    0  3534  2973 1
    0  3535  2975 1
    0  3536  2977 1
    0  3537  2979 1
    0  3538  2981 1
    0  3539  2983 1
    0  3540  2985 1
    0  3541  2987 1
    0  3542  2989 1
    0  3543  2991 1
    0  3544  2993 1
    0  3545  2995 1
    0  3546  2997 1
    0  3547  2999 1
    0  3548  3001 1
    0  3549  3003 1
    0  3550  3005 1
    0  3551  3007 1
    0  3552  3009 1
    0  3553  3011 1
    0  3554  3013 1
    0  3555  3015 1
    0  3556  3017 1
    0  3557  3019 1
    0  3558  3021 1
    0  3559  3023 1
    0  3560  3025 1
    0  3561  3027 1
    0  3562  3029 1
    0  3563  3031 1
    0  3564  3033 1
    0  3565  3035 1
    0  3566  3037 1
    0  3567  3039 1
    0  3568  3041 1
    0  3569  3043 1
    0  3570  3045 1
    0  3571  3047 1
    0  3572  3049 1
    0  3573  3051 1
    0  3574  3053 1
    0  3575  3055 1
    0  3576  3057 1
    0  3577  3059 1
    0  3578  3061 1
    0  3579  3063 1
    0  3580  3065 1
    0  3581  3067 1
    0  3582  3069 1
    0  3583  3071 1
    0  3584  3073 1
    0  3585  3075 1
    0  3586  3077 1
    0  3587  3079 1
    0  3588  3081 1
    0  3589  3083 1
    0  3590  3085 1
    0  3591  3087 1
    0  3592  3089 1
    0  3593  3091 1
    0  3594  3093 1
    0  3595  3095 1
    0  3596  3097 1
    0  3597  3099 1
    0  3598  3101 1
    0  3599  3103 1
    0  3600  3105 1
    0  3601  3107 1
    0  3602  3109 1
    0  3603  3111 1
    0  3604  3113 1
    0  3605  3115 1
    0  3606  3117 1
    0  3607  3119 1
    0  3608  3121 1
    0  3609  3123 1
    0  3610  3125 1
    0  3611  3127 1
    0  3612  3129 1
    0  3613  3131 1
    0  3614  3133 1
    0  3615  3135 1
    0  3616  3137 1
    0  3617  3139 1
    0  3618  3141 1
    0  3619  3143 1
    0  3620  3145 1
    0  3621  3147 1
    0  3622  3149 1
    0  3623  3151 1
    0  3624  3153 1
    0  3625  3155 1
    0  3626  3157 1
    0  3627  3159 1
    0  3628  3161 1
    0  3629  3163 1
    0  3630  3165 1
    0  3631  3167 1
    0  3632  3169 1
    0  3633  3171 1
    0  3634  3173 1
    0  3635  3175 1
    0  3636  3177 1
    0  3637  3179 1
    0  3638  3181 1
    0  3639  3183 1
    0  3640  3185 1
    0  3641  3187 1
    0  3642  3189 1
    0  3643  3191 1
    0  3644  3193 1
    0  3645  3195 1
    0  3646  3197 1
    0  3647  3199 1
    0  3648  3201 1
    0  3649  3203 1
    0  3650  3205 1
    0  3651  3207 1
    0  3652  3209 1
    0  3653  3211 1
    0  3654  3213 1
    0  3655  3215 1
    0  3656  3217 1
    0  3657  3219 1
    0  3658  3221 1
    0  3659  3223 1
    0  3660  3225 1
    0  3661  3227 1
    0  3662  3229 1
    0  3663  3231 1
    0  3664  3233 1
    0  3665  3235 1
    0  3666  3237 1
    0  3667  3239 1
    0  3668  3241 1
    0  3669  3243 1
    0  3670  3245 1
    0  3671  3247 1
    0  3672  3249 1
    0  3673  3251 1
    0  3674  3253 1
    0  3675  3255 1
    0  3676  3257 1
    0  3677  3259 1
    0  3678  3261 1
    0  3679  3263 1
    0  3680  3265 1
    0  3681  3267 1
    0  3682  3269 1
    0  3683  3271 1
    0  3684  3273 1
    0  3685  3275 1
    0  3686  3277 1
    0  3687  3279 1
    0  3688  3281 1
    0  3689  3283 1
    0  3690  3285 1
    0  3691  3287 1
    0  3692  3289 1
    0  3693  3291 1
    0  3694  3293 1
    0  3695  3295 1
    0  3696  3297 1
    0  3697  3299 1
    0  3698  3301 1
    0  3699  3303 1
    0  3700  3305 1
    0  3701  3307 1
    0  3702  3309 1
    0  3703  3311 1
    0  3704  3313 1
    0  3705  3315 1
    0  3706  3317 1
    0  3707  3319 1
    0  3708  3321 1
    0  3709  3323 1
    0  3710  3325 1
    0  3711  3327 1
    0  3712  3329 1
    0  3713  3331 1
    0  3714  3333 1
    0  3715  3335 1
    0  3716  3337 1
    0  3717  3339 1
    0  3718  3341 1
    0  3719  3343 1
    0  3720  3345 1
    0  3721  3347 1
    0  3722  3349 1
    0  3723  3351 1
    0  3724  3353 1
    0  3725  3355 1
    0  3726  3357 1
    0  3727  3359 1
    0  3728  3361 1
    0  3729  3363 1
    0  3730  3365 1
    0  3731  3367 1
    0  3732  3369 1
    0  3733  3371 1
    0  3734  3373 1
    0  3735  3375 1
    0  3736  3377 1
    0  3737  3379 1
    0  3738  3381 1
    0  3739  3383 1
    0  3740  3385 1
    0  3741  3387 1
    0  3742  3389 1
    0  3743  3391 1
    0  3744  3393 1
    0  3745  3395 1
    0  3746  3397 1
    0  3747  3399 1
    0  3748  3401 1
    0  3749  3403 1
    0  3750  3405 1
    0  3751  3407 1
    0  3752  3409 1
    0  3753  3411 1
    0  3754  3413 1
    0  3755  3415 1
    0  3756  3417 1
    0  3757  3419 1
    0  3758  3421 1
    0  3759  3423 1
    0  3760  3425 1
    0  3761  3427 1
    0  3762  3429 1
    0  3763  3431 1
    0  3764  3433 1
    0  3765  3435 1
    0  3766  3437 1
    0  3767  3439 1
    0  3768  3441 1
    0  3769  3443 1
    0  3770  3445 1
    0  3771  3447 1
    0  3772  3449 1
    0  3773  3451 1
    0  3774  3453 1
    0  3775  3455 1
    0  3776  3457 1
    0  3777  3459 1
    0  3778  3461 1
    0  3779  3463 1
    0  3780  3465 1
    0  3781  3467 1
    0  3782  3469 1
    0  3783  3471 1
    0  3784  3473 1
    0  3785  3475 1
    0  3786  3477 1
    0  3787  3479 1
    0  3788  3481 1
    0  3789  3483 1
    0  3790  3485 1
    0  3791  3487 1
    0  3792  3489 1
    0  3793  3491 1
    0  3794  3493 1
    0  3795  3495 1
    0  3796  3497 1
    0  3797  3499 1
    0  3798  3501 1
    0  3799  3503 1
    0  3800  3505 1
    0  3801  3507 1
    0  3802  3509 1
    0  3803  3511 1
    0  3804  3513 1
    0  3805  3515 1
    0  3806  3517 1
    0  3807  3519 1
    0  3808  3521 1
    0  3809  3523 1
    0  3810  3525 1
    0  3811  3527 1
    0  3812  3529 1
    0  3813  3531 1
    0  3814  3533 1
    0  3815  3535 1
    0  3816  3537 1
    0  3817  3539 1
    0  3818  3541 1
    0  3819  3543 1
    0  3820  3545 1
    0  3821  3547 1
    0  3822  3549 1
    0  3823  3551 1
    0  3824  3553 1
    0  3825  3555 1
    0  3826  3557 1
    0  3827  3559 1
    0  3828  3561 1
    0  3829  3563 1
    0  3830  3565 1
    0  3831  3567 1
    0  3832  3569 1
    0  3833  3571 1
    0  3834  3573 1
    0  3835  3575 1
    0  3836  3577 1
    0  3837  3579 1
    0  3838  3581 1
    0  3839  3583 1
    0  3840  3585 1
    0  3841  3587 1
    0  3842  3589 1
    0  3843  3591 1
    0  3844  3593 1
    0  3845  3595 1
    0  3846  3597 1
    0  3847  3599 1
    0  3848  3601 1
    0  3849  3603 1
    0  3850  3605 1
    0  3851  3607 1
    0  3852  3609 1
    0  3853  3611 1
    0  3854  3613 1
    0  3855  3615 1
    0  3856  3617 1
    0  3857  3619 1
    0  3858  3621 1
    0  3859  3623 1
    0  3860  3625 1
    0  3861  3627 1
    0  3862  3629 1
    0  3863  3631 1
    0  3864  3633 1
    0  3865  3635 1
    0  3866  3637 1
    0  3867  3639 1
    0  3868  3641 1
    0  3869  3643 1
    0  3870  3645 1
    0  3871  3647 1
    0  3872  3649 1
    0  3873  3651 1
    0  3874  3653 1
    0  3875  3655 1
    0  3876  3657 1
    0  3877  3659 1
    0  3878  3661 1
    0  3879  3663 1
    0  3880  3665 1
    0  3881  3667 1
    0  3882  3669 1
    0  3883  3671 1
    0  3884  3673 1
    0  3885  3675 1
    0  3886  3677 1
    0  3887  3679 1
    0  3888  3681 1
    0  3889  3683 1
    0  3890  3685 1
    0  3891  3687 1
    0  3892  3689 1
    0  3893  3691 1
    0  3894  3693 1
    0  3895  3695 1
    0  3896  3697 1
    0  3897  3699 1
    0  3898  3701 1
    0  3899  3703 1
    0  3900  3705 1
    0  3901  3707 1
    0  3902  3709 1
    0  3903  3711 1
    0  3904  3713 1
    0  3905  3715 1
    0  3906  3717 1
    0  3907  3719 1
    0  3908  3721 1
    0  3909  3723 1
    0  3910  3725 1
    0  3911  3727 1
    0  3912  3729 1
    0  3913  3731 1
    0  3914  3733 1
    0  3915  3735 1
    0  3916  3737 1
    0  3917  3739 1
    0  3918  3741 1
    0  3919  3743 1
    0  3920  3745 1
    0  3921  3747 1
    0  3922  3749 1
    0  3923  3751 1
    0  3924  3753 1
    0  3925  3755 1
    0  3926  3757 1
    0  3927  3759 1
    0  3928  3761 1
    0  3929  3763 1
    0  3930  3765 1
    0  3931  3767 1
    0  3932  3769 1
    0  3933  3771 1
    0  3934  3773 1
    0  3935  3775 1
    0  3936  3777 1
    0  3937  3779 1
    0  3938  3781 1
    0  3939  3783 1
    0  3940  3785 1
    0  3941  3787 1
    0  3942  3789 1
    0  3943  3791 1
    0  3944  3793 1
    0  3945  3795 1
    0  3946  3797 1
    0  3947  3799 1
    0  3948  3801 1
    0  3949  3803 1
    0  3950  3805 1
    0  3951  3807 1
    0  3952  3809 1
    0  3953  3811 1
    0  3954  3813 1
    0  3955  3815 1
    0  3956  3817 1
    0  3957  3819 1
    0  3958  3821 1
    0  3959  3823 1
    0  3960  3825 1
    0  3961  3827 1
    0  3962  3829 1
    0  3963  3831 1
    0  3964  3833 1
    0  3965  3835 1
    0  3966  3837 1
    0  3967  3839 1
    0  3968  3841 1
    0  3969  3843 1
    0  3970  3845 1
    0  3971  3847 1
    0  3972  3849 1
    0  3973  3851 1
    0  3974  3853 1
    0  3975  3855 1
    0  3976  3857 1
    0  3977  3859 1
    0  3978  3861 1
    0  3979  3863 1
    0  3980  3865 1
    0  3981  3867 1
    0  3982  3869 1
    0  3983  3871 1
    0  3984  3873 1
    0  3985  3875 1
    0  3986  3877 1
    0  3987  3879 1
    0  3988  3881 1
    0  3989  3883 1
    0  3990  3885 1
    0  3991  3887 1
    0  3992  3889 1
    0  3993  3891 1
    0  3994  3893 1
    0  3995  3895 1
    0  3996  3897 1
    0  3997  3899 1
    0  3998  3901 1
    0  3999  3903 1
    0  4000  3905 1
    0  4001  3907 1
    0  4002  3909 1
    0  4003  3911 1
    0  4004  3913 1
    0  4005  3915 1
    0  4006  3917 1
    0  4007  3919 1
    0  4008  3921 1
    0  4009  3923 1
    0  4010  3925 1
    0  4011  3927 1
    0  4012  3929 1
    0  4013  3931 1
    0  4014  3933 1
    0  4015  3935 1
    0  4016  3937 1
    0  4017  3939 1
    0  4018  3941 1
    0  4019  3943 1
    0  4020  3945 1
    0  4021  3947 1
    0  4022  3949 1
    0  4023  3951 1
    0  4024  3953 1
    0  4025  3955 1
    0  4026  3957 1
    0  4027  3959 1
    0  4028  3961 1
    0  4029  3963 1
    0  4030  3965 1
    0  4031  3967 1
    0  4032  3969 1
    0  4033  3971 1
    0  4034  3973 1
    0  4035  3975 1
    0  4036  3977 1
    0  4037  3979 1
    0  4038  3981 1
    0  4039  3983 1
    0  4040  3985 1
    0  4041  3987 1
    0  4042  3989 1
    0  4043  3991 1
    0  4044  3993 1
    0  4045  3995 1
    0  4046  3997 1
    0  4047  3999 1
    0  4048  4001 1
    0  4049  4003 1
    0  4050  4005 1
    0  4051  4007 1
    0  4052  4009 1
    0  4053  4011 1
    0  4054  4013 1
    0  4055  4015 1
    0  4056  4017 1
    0  4057  4019 1
    0  4058  4021 1
    0  4059  4023 1
    0  4060  4025 1
    0  4061  4027 1
    0  4062  4029 1
    0  4063  4031 1
    0  4064  4033 1
    0  4065  4035 1
    0  4066  4037 1
    0  4067  4039 1
    0  4068  4041 1
    0  4069  4043 1
    0  4070  4045 1
    0  4071  4047 1
    0  4072  4049 1
    0  4073  4051 1
    0  4074  4053 1
    0  4075  4055 1
    0  4076  4057 1
    0  4077  4059 1
    0  4078  4061 1
    0  4079  4063 1
    0  4080  4065 1
    0  4081  4067 1
    0  4082  4069 1
    0  4083  4071 1
    0  4084  4073 1
    0  4085  4075 1
    0  4086  4077 1
    0  4087  4079 1
    0  4088  4081 1
    0  4089  4083 1
    0  4090  4085 1
    0  4091  4087 1
    0  4092  4089 1
    0  4093  4091 1
    0  4094  4093 1
    0  4095     0 1
