    0     0    63 1
    0     1     2 1
    0     2     4 1
    0     3     6 1
    0     4     8 1
    0     5    10 1
    0     6    12 1
    0     7    14 1
    0     8    16 1
    0     9    18 1
    0    10    20 1
    0    11    22 1
    0    12    24 1
    0    13    26 1
    0    14    28 1
    0    15    30 1
    0    16    32 1
    0    17    34 1
    0    18    36 1
    0    19    38 1
    0    20    40 1
    0    21    42 1
    0    22    44 1
    0    23    46 1
    0    24    48 1
    0    25    50 1
    0    26    52 1
    0    27    54 1
    0    28    56 1
    0    29    58 1
    0    30    60 1
    0    31    62 1
    0    32     1 1
    0    33     3 1
    0    34     5 1
    0    35     7 1
    0    36     9 1
    0    37    11 1
    0    38    13 1
    0    39    15 1
    0    40    17 1
    0    41    19 1
    0    42    21 1
    0    43    23 1
    0    44    25 1
    0    45    27 1
    0    46    29 1
    0    47    31 1
    0    48    33 1
    0    49    35 1
    0    50    37 1
    0    51    39 1
    0    52    41 1
    0    53    43 1
    0    54    45 1
    0    55    47 1
    0    56    49 1
    0    57    51 1
    0    58    53 1
    0    59    55 1
    0    60    57 1
    0    61    59 1
    0    62    61 1
    0    63     0 1
