    0     0  2047 1
    0     1  2048 1
    0     2  2049 1
    0     3  2050 1
    0     4  2051 1
    0     5  2052 1
    0     6  2053 1
    0     7  2054 1
    0     8  2055 1
    0     9  2056 1
    0    10  2057 1
    0    11  2058 1
    0    12  2059 1
    0    13  2060 1
    0    14  2061 1
    0    15  2062 1
    0    16  2063 1
    0    17  2064 1
    0    18  2065 1
    0    19  2066 1
    0    20  2067 1
    0    21  2068 1
    0    22  2069 1
    0    23  2070 1
    0    24  2071 1
    0    25  2072 1
    0    26  2073 1
    0    27  2074 1
    0    28  2075 1
    0    29  2076 1
    0    30  2077 1
    0    31  2078 1
    0    32  2079 1
    0    33  2080 1
    0    34  2081 1
    0    35  2082 1
    0    36  2083 1
    0    37  2084 1
    0    38  2085 1
    0    39  2086 1
    0    40  2087 1
    0    41  2088 1
    0    42  2089 1
    0    43  2090 1
    0    44  2091 1
    0    45  2092 1
    0    46  2093 1
    0    47  2094 1
    0    48  2095 1
    0    49  2096 1
    0    50  2097 1
    0    51  2098 1
    0    52  2099 1
    0    53  2100 1
    0    54  2101 1
    0    55  2102 1
    0    56  2103 1
    0    57  2104 1
    0    58  2105 1
    0    59  2106 1
    0    60  2107 1
    0    61  2108 1
    0    62  2109 1
    0    63  2110 1
    0    64  2111 1
    0    65  2112 1
    0    66  2113 1
    0    67  2114 1
    0    68  2115 1
    0    69  2116 1
    0    70  2117 1
    0    71  2118 1
    0    72  2119 1
    0    73  2120 1
    0    74  2121 1
    0    75  2122 1
    0    76  2123 1
    0    77  2124 1
    0    78  2125 1
    0    79  2126 1
    0    80  2127 1
    0    81  2128 1
    0    82  2129 1
    0    83  2130 1
    0    84  2131 1
    0    85  2132 1
    0    86  2133 1
    0    87  2134 1
    0    88  2135 1
    0    89  2136 1
    0    90  2137 1
    0    91  2138 1
    0    92  2139 1
    0    93  2140 1
    0    94  2141 1
    0    95  2142 1
    0    96  2143 1
    0    97  2144 1
    0    98  2145 1
    0    99  2146 1
    0   100  2147 1
    0   101  2148 1
    0   102  2149 1
    0   103  2150 1
    0   104  2151 1
    0   105  2152 1
    0   106  2153 1
    0   107  2154 1
    0   108  2155 1
    0   109  2156 1
    0   110  2157 1
    0   111  2158 1
    0   112  2159 1
    0   113  2160 1
    0   114  2161 1
    0   115  2162 1
    0   116  2163 1
    0   117  2164 1
    0   118  2165 1
    0   119  2166 1
    0   120  2167 1
    0   121  2168 1
    0   122  2169 1
    0   123  2170 1
    0   124  2171 1
    0   125  2172 1
    0   126  2173 1
    0   127  2174 1
    0   128  2175 1
    0   129  2176 1
    0   130  2177 1
    0   131  2178 1
    0   132  2179 1
    0   133  2180 1
    0   134  2181 1
    0   135  2182 1
    0   136  2183 1
    0   137  2184 1
    0   138  2185 1
    0   139  2186 1
    0   140  2187 1
    0   141  2188 1
    0   142  2189 1
    0   143  2190 1
    0   144  2191 1
    0   145  2192 1
    0   146  2193 1
    0   147  2194 1
    0   148  2195 1
    0   149  2196 1
    0   150  2197 1
    0   151  2198 1
    0   152  2199 1
    0   153  2200 1
    0   154  2201 1
    0   155  2202 1
    0   156  2203 1
    0   157  2204 1
    0   158  2205 1
    0   159  2206 1
    0   160  2207 1
    0   161  2208 1
    0   162  2209 1
    0   163  2210 1
    0   164  2211 1
    0   165  2212 1
    0   166  2213 1
    0   167  2214 1
    0   168  2215 1
    0   169  2216 1
    0   170  2217 1
    0   171  2218 1
    0   172  2219 1
    0   173  2220 1
    0   174  2221 1
    0   175  2222 1
    0   176  2223 1
    0   177  2224 1
    0   178  2225 1
    0   179  2226 1
    0   180  2227 1
    0   181  2228 1
    0   182  2229 1
    0   183  2230 1
    0   184  2231 1
    0   185  2232 1
    0   186  2233 1
    0   187  2234 1
    0   188  2235 1
    0   189  2236 1
    0   190  2237 1
    0   191  2238 1
    0   192  2239 1
    0   193  2240 1
    0   194  2241 1
    0   195  2242 1
    0   196  2243 1
    0   197  2244 1
    0   198  2245 1
    0   199  2246 1
    0   200  2247 1
    0   201  2248 1
    0   202  2249 1
    0   203  2250 1
    0   204  2251 1
    0   205  2252 1
    0   206  2253 1
    0   207  2254 1
    0   208  2255 1
    0   209  2256 1
    0   210  2257 1
    0   211  2258 1
    0   212  2259 1
    0   213  2260 1
    0   214  2261 1
    0   215  2262 1
    0   216  2263 1
    0   217  2264 1
    0   218  2265 1
    0   219  2266 1
    0   220  2267 1
    0   221  2268 1
    0   222  2269 1
    0   223  2270 1
    0   224  2271 1
    0   225  2272 1
    0   226  2273 1
    0   227  2274 1
    0   228  2275 1
    0   229  2276 1
    0   230  2277 1
    0   231  2278 1
    0   232  2279 1
    0   233  2280 1
    0   234  2281 1
    0   235  2282 1
    0   236  2283 1
    0   237  2284 1
    0   238  2285 1
    0   239  2286 1
    0   240  2287 1
    0   241  2288 1
    0   242  2289 1
    0   243  2290 1
    0   244  2291 1
    0   245  2292 1
    0   246  2293 1
    0   247  2294 1
    0   248  2295 1
    0   249  2296 1
    0   250  2297 1
    0   251  2298 1
    0   252  2299 1
    0   253  2300 1
    0   254  2301 1
    0   255  2302 1
    0   256  2303 1
    0   257  2304 1
    0   258  2305 1
    0   259  2306 1
    0   260  2307 1
    0   261  2308 1
    0   262  2309 1
    0   263  2310 1
    0   264  2311 1
    0   265  2312 1
    0   266  2313 1
    0   267  2314 1
    0   268  2315 1
    0   269  2316 1
    0   270  2317 1
    0   271  2318 1
    0   272  2319 1
    0   273  2320 1
    0   274  2321 1
    0   275  2322 1
    0   276  2323 1
    0   277  2324 1
    0   278  2325 1
    0   279  2326 1
    0   280  2327 1
    0   281  2328 1
    0   282  2329 1
    0   283  2330 1
    0   284  2331 1
    0   285  2332 1
    0   286  2333 1
    0   287  2334 1
    0   288  2335 1
    0   289  2336 1
    0   290  2337 1
    0   291  2338 1
    0   292  2339 1
    0   293  2340 1
    0   294  2341 1
    0   295  2342 1
    0   296  2343 1
    0   297  2344 1
    0   298  2345 1
    0   299  2346 1
    0   300  2347 1
    0   301  2348 1
    0   302  2349 1
    0   303  2350 1
    0   304  2351 1
    0   305  2352 1
    0   306  2353 1
    0   307  2354 1
    0   308  2355 1
    0   309  2356 1
    0   310  2357 1
    0   311  2358 1
    0   312  2359 1
    0   313  2360 1
    0   314  2361 1
    0   315  2362 1
    0   316  2363 1
    0   317  2364 1
    0   318  2365 1
    0   319  2366 1
    0   320  2367 1
    0   321  2368 1
    0   322  2369 1
    0   323  2370 1
    0   324  2371 1
    0   325  2372 1
    0   326  2373 1
    0   327  2374 1
    0   328  2375 1
    0   329  2376 1
    0   330  2377 1
    0   331  2378 1
    0   332  2379 1
    0   333  2380 1
    0   334  2381 1
    0   335  2382 1
    0   336  2383 1
    0   337  2384 1
    0   338  2385 1
    0   339  2386 1
    0   340  2387 1
    0   341  2388 1
    0   342  2389 1
    0   343  2390 1
    0   344  2391 1
    0   345  2392 1
    0   346  2393 1
    0   347  2394 1
    0   348  2395 1
    0   349  2396 1
    0   350  2397 1
    0   351  2398 1
    0   352  2399 1
    0   353  2400 1
    0   354  2401 1
    0   355  2402 1
    0   356  2403 1
    0   357  2404 1
    0   358  2405 1
    0   359  2406 1
    0   360  2407 1
    0   361  2408 1
    0   362  2409 1
    0   363  2410 1
    0   364  2411 1
    0   365  2412 1
    0   366  2413 1
    0   367  2414 1
    0   368  2415 1
    0   369  2416 1
    0   370  2417 1
    0   371  2418 1
    0   372  2419 1
    0   373  2420 1
    0   374  2421 1
    0   375  2422 1
    0   376  2423 1
    0   377  2424 1
    0   378  2425 1
    0   379  2426 1
    0   380  2427 1
    0   381  2428 1
    0   382  2429 1
    0   383  2430 1
    0   384  2431 1
    0   385  2432 1
    0   386  2433 1
    0   387  2434 1
    0   388  2435 1
    0   389  2436 1
    0   390  2437 1
    0   391  2438 1
    0   392  2439 1
    0   393  2440 1
    0   394  2441 1
    0   395  2442 1
    0   396  2443 1
    0   397  2444 1
    0   398  2445 1
    0   399  2446 1
    0   400  2447 1
    0   401  2448 1
    0   402  2449 1
    0   403  2450 1
    0   404  2451 1
    0   405  2452 1
    0   406  2453 1
    0   407  2454 1
    0   408  2455 1
    0   409  2456 1
    0   410  2457 1
    0   411  2458 1
    0   412  2459 1
    0   413  2460 1
    0   414  2461 1
    0   415  2462 1
    0   416  2463 1
    0   417  2464 1
    0   418  2465 1
    0   419  2466 1
    0   420  2467 1
    0   421  2468 1
    0   422  2469 1
    0   423  2470 1
    0   424  2471 1
    0   425  2472 1
    0   426  2473 1
    0   427  2474 1
    0   428  2475 1
    0   429  2476 1
    0   430  2477 1
    0   431  2478 1
    0   432  2479 1
    0   433  2480 1
    0   434  2481 1
    0   435  2482 1
    0   436  2483 1
    0   437  2484 1
    0   438  2485 1
    0   439  2486 1
    0   440  2487 1
    0   441  2488 1
    0   442  2489 1
    0   443  2490 1
    0   444  2491 1
    0   445  2492 1
    0   446  2493 1
    0   447  2494 1
    0   448  2495 1
    0   449  2496 1
    0   450  2497 1
    0   451  2498 1
    0   452  2499 1
    0   453  2500 1
    0   454  2501 1
    0   455  2502 1
    0   456  2503 1
    0   457  2504 1
    0   458  2505 1
    0   459  2506 1
    0   460  2507 1
    0   461  2508 1
    0   462  2509 1
    0   463  2510 1
    0   464  2511 1
    0   465  2512 1
    0   466  2513 1
    0   467  2514 1
    0   468  2515 1
    0   469  2516 1
    0   470  2517 1
    0   471  2518 1
    0   472  2519 1
    0   473  2520 1
    0   474  2521 1
    0   475  2522 1
    0   476  2523 1
    0   477  2524 1
    0   478  2525 1
    0   479  2526 1
    0   480  2527 1
    0   481  2528 1
    0   482  2529 1
    0   483  2530 1
    0   484  2531 1
    0   485  2532 1
    0   486  2533 1
    0   487  2534 1
    0   488  2535 1
    0   489  2536 1
    0   490  2537 1
    0   491  2538 1
    0   492  2539 1
    0   493  2540 1
    0   494  2541 1
    0   495  2542 1
    0   496  2543 1
    0   497  2544 1
    0   498  2545 1
    0   499  2546 1
    0   500  2547 1
    0   501  2548 1
    0   502  2549 1
    0   503  2550 1
    0   504  2551 1
    0   505  2552 1
    0   506  2553 1
    0   507  2554 1
    0   508  2555 1
    0   509  2556 1
    0   510  2557 1
    0   511  2558 1
    0   512  2559 1
    0   513  2560 1
    0   514  2561 1
    0   515  2562 1
    0   516  2563 1
    0   517  2564 1
    0   518  2565 1
    0   519  2566 1
    0   520  2567 1
    0   521  2568 1
    0   522  2569 1
    0   523  2570 1
    0   524  2571 1
    0   525  2572 1
    0   526  2573 1
    0   527  2574 1
    0   528  2575 1
    0   529  2576 1
    0   530  2577 1
    0   531  2578 1
    0   532  2579 1
    0   533  2580 1
    0   534  2581 1
    0   535  2582 1
    0   536  2583 1
    0   537  2584 1
    0   538  2585 1
    0   539  2586 1
    0   540  2587 1
    0   541  2588 1
    0   542  2589 1
    0   543  2590 1
    0   544  2591 1
    0   545  2592 1
    0   546  2593 1
    0   547  2594 1
    0   548  2595 1
    0   549  2596 1
    0   550  2597 1
    0   551  2598 1
    0   552  2599 1
    0   553  2600 1
    0   554  2601 1
    0   555  2602 1
    0   556  2603 1
    0   557  2604 1
    0   558  2605 1
    0   559  2606 1
    0   560  2607 1
    0   561  2608 1
    0   562  2609 1
    0   563  2610 1
    0   564  2611 1
    0   565  2612 1
    0   566  2613 1
    0   567  2614 1
    0   568  2615 1
    0   569  2616 1
    0   570  2617 1
    0   571  2618 1
    0   572  2619 1
    0   573  2620 1
    0   574  2621 1
    0   575  2622 1
    0   576  2623 1
    0   577  2624 1
    0   578  2625 1
    0   579  2626 1
    0   580  2627 1
    0   581  2628 1
    0   582  2629 1
    0   583  2630 1
    0   584  2631 1
    0   585  2632 1
    0   586  2633 1
    0   587  2634 1
    0   588  2635 1
    0   589  2636 1
    0   590  2637 1
    0   591  2638 1
    0   592  2639 1
    0   593  2640 1
    0   594  2641 1
    0   595  2642 1
    0   596  2643 1
    0   597  2644 1
    0   598  2645 1
    0   599  2646 1
    0   600  2647 1
    0   601  2648 1
    0   602  2649 1
    0   603  2650 1
    0   604  2651 1
    0   605  2652 1
    0   606  2653 1
    0   607  2654 1
    0   608  2655 1
    0   609  2656 1
    0   610  2657 1
    0   611  2658 1
    0   612  2659 1
    0   613  2660 1
    0   614  2661 1
    0   615  2662 1
    0   616  2663 1
    0   617  2664 1
    0   618  2665 1
    0   619  2666 1
    0   620  2667 1
    0   621  2668 1
    0   622  2669 1
    0   623  2670 1
    0   624  2671 1
    0   625  2672 1
    0   626  2673 1
    0   627  2674 1
    0   628  2675 1
    0   629  2676 1
    0   630  2677 1
    0   631  2678 1
    0   632  2679 1
    0   633  2680 1
    0   634  2681 1
    0   635  2682 1
    0   636  2683 1
    0   637  2684 1
    0   638  2685 1
    0   639  2686 1
    0   640  2687 1
    0   641  2688 1
    0   642  2689 1
    0   643  2690 1
    0   644  2691 1
    0   645  2692 1
    0   646  2693 1
    0   647  2694 1
    0   648  2695 1
    0   649  2696 1
    0   650  2697 1
    0   651  2698 1
    0   652  2699 1
    0   653  2700 1
    0   654  2701 1
    0   655  2702 1
    0   656  2703 1
    0   657  2704 1
    0   658  2705 1
    0   659  2706 1
    0   660  2707 1
    0   661  2708 1
    0   662  2709 1
    0   663  2710 1
    0   664  2711 1
    0   665  2712 1
    0   666  2713 1
    0   667  2714 1
    0   668  2715 1
    0   669  2716 1
    0   670  2717 1
    0   671  2718 1
    0   672  2719 1
    0   673  2720 1
    0   674  2721 1
    0   675  2722 1
    0   676  2723 1
    0   677  2724 1
    0   678  2725 1
    0   679  2726 1
    0   680  2727 1
    0   681  2728 1
    0   682  2729 1
    0   683  2730 1
    0   684  2731 1
    0   685  2732 1
    0   686  2733 1
    0   687  2734 1
    0   688  2735 1
    0   689  2736 1
    0   690  2737 1
    0   691  2738 1
    0   692  2739 1
    0   693  2740 1
    0   694  2741 1
    0   695  2742 1
    0   696  2743 1
    0   697  2744 1
    0   698  2745 1
    0   699  2746 1
    0   700  2747 1
    0   701  2748 1
    0   702  2749 1
    0   703  2750 1
    0   704  2751 1
    0   705  2752 1
    0   706  2753 1
    0   707  2754 1
    0   708  2755 1
    0   709  2756 1
    0   710  2757 1
    0   711  2758 1
    0   712  2759 1
    0   713  2760 1
    0   714  2761 1
    0   715  2762 1
    0   716  2763 1
    0   717  2764 1
    0   718  2765 1
    0   719  2766 1
    0   720  2767 1
    0   721  2768 1
    0   722  2769 1
    0   723  2770 1
    0   724  2771 1
    0   725  2772 1
    0   726  2773 1
    0   727  2774 1
    0   728  2775 1
    0   729  2776 1
    0   730  2777 1
    0   731  2778 1
    0   732  2779 1
    0   733  2780 1
    0   734  2781 1
    0   735  2782 1
    0   736  2783 1
    0   737  2784 1
    0   738  2785 1
    0   739  2786 1
    0   740  2787 1
    0   741  2788 1
    0   742  2789 1
    0   743  2790 1
    0   744  2791 1
    0   745  2792 1
    0   746  2793 1
    0   747  2794 1
    0   748  2795 1
    0   749  2796 1
    0   750  2797 1
    0   751  2798 1
    0   752  2799 1
    0   753  2800 1
    0   754  2801 1
    0   755  2802 1
    0   756  2803 1
    0   757  2804 1
    0   758  2805 1
    0   759  2806 1
    0   760  2807 1
    0   761  2808 1
    0   762  2809 1
    0   763  2810 1
    0   764  2811 1
    0   765  2812 1
    0   766  2813 1
    0   767  2814 1
    0   768  2815 1
    0   769  2816 1
    0   770  2817 1
    0   771  2818 1
    0   772  2819 1
    0   773  2820 1
    0   774  2821 1
    0   775  2822 1
    0   776  2823 1
    0   777  2824 1
    0   778  2825 1
    0   779  2826 1
    0   780  2827 1
    0   781  2828 1
    0   782  2829 1
    0   783  2830 1
    0   784  2831 1
    0   785  2832 1
    0   786  2833 1
    0   787  2834 1
    0   788  2835 1
    0   789  2836 1
    0   790  2837 1
    0   791  2838 1
    0   792  2839 1
    0   793  2840 1
    0   794  2841 1
    0   795  2842 1
    0   796  2843 1
    0   797  2844 1
    0   798  2845 1
    0   799  2846 1
    0   800  2847 1
    0   801  2848 1
    0   802  2849 1
    0   803  2850 1
    0   804  2851 1
    0   805  2852 1
    0   806  2853 1
    0   807  2854 1
    0   808  2855 1
    0   809  2856 1
    0   810  2857 1
    0   811  2858 1
    0   812  2859 1
    0   813  2860 1
    0   814  2861 1
    0   815  2862 1
    0   816  2863 1
    0   817  2864 1
    0   818  2865 1
    0   819  2866 1
    0   820  2867 1
    0   821  2868 1
    0   822  2869 1
    0   823  2870 1
    0   824  2871 1
    0   825  2872 1
    0   826  2873 1
    0   827  2874 1
    0   828  2875 1
    0   829  2876 1
    0   830  2877 1
    0   831  2878 1
    0   832  2879 1
    0   833  2880 1
    0   834  2881 1
    0   835  2882 1
    0   836  2883 1
    0   837  2884 1
    0   838  2885 1
    0   839  2886 1
    0   840  2887 1
    0   841  2888 1
    0   842  2889 1
    0   843  2890 1
    0   844  2891 1
    0   845  2892 1
    0   846  2893 1
    0   847  2894 1
    0   848  2895 1
    0   849  2896 1
    0   850  2897 1
    0   851  2898 1
    0   852  2899 1
    0   853  2900 1
    0   854  2901 1
    0   855  2902 1
    0   856  2903 1
    0   857  2904 1
    0   858  2905 1
    0   859  2906 1
    0   860  2907 1
    0   861  2908 1
    0   862  2909 1
    0   863  2910 1
    0   864  2911 1
    0   865  2912 1
    0   866  2913 1
    0   867  2914 1
    0   868  2915 1
    0   869  2916 1
    0   870  2917 1
    0   871  2918 1
    0   872  2919 1
    0   873  2920 1
    0   874  2921 1
    0   875  2922 1
    0   876  2923 1
    0   877  2924 1
    0   878  2925 1
    0   879  2926 1
    0   880  2927 1
    0   881  2928 1
    0   882  2929 1
    0   883  2930 1
    0   884  2931 1
    0   885  2932 1
    0   886  2933 1
    0   887  2934 1
    0   888  2935 1
    0   889  2936 1
    0   890  2937 1
    0   891  2938 1
    0   892  2939 1
    0   893  2940 1
    0   894  2941 1
    0   895  2942 1
    0   896  2943 1
    0   897  2944 1
    0   898  2945 1
    0   899  2946 1
    0   900  2947 1
    0   901  2948 1
    0   902  2949 1
    0   903  2950 1
    0   904  2951 1
    0   905  2952 1
    0   906  2953 1
    0   907  2954 1
    0   908  2955 1
    0   909  2956 1
    0   910  2957 1
    0   911  2958 1
    0   912  2959 1
    0   913  2960 1
    0   914  2961 1
    0   915  2962 1
    0   916  2963 1
    0   917  2964 1
    0   918  2965 1
    0   919  2966 1
    0   920  2967 1
    0   921  2968 1
    0   922  2969 1
    0   923  2970 1
    0   924  2971 1
    0   925  2972 1
    0   926  2973 1
    0   927  2974 1
    0   928  2975 1
    0   929  2976 1
    0   930  2977 1
    0   931  2978 1
    0   932  2979 1
    0   933  2980 1
    0   934  2981 1
    0   935  2982 1
    0   936  2983 1
    0   937  2984 1
    0   938  2985 1
    0   939  2986 1
    0   940  2987 1
    0   941  2988 1
    0   942  2989 1
    0   943  2990 1
    0   944  2991 1
    0   945  2992 1
    0   946  2993 1
    0   947  2994 1
    0   948  2995 1
    0   949  2996 1
    0   950  2997 1
    0   951  2998 1
    0   952  2999 1
    0   953  3000 1
    0   954  3001 1
    0   955  3002 1
    0   956  3003 1
    0   957  3004 1
    0   958  3005 1
    0   959  3006 1
    0   960  3007 1
    0   961  3008 1
    0   962  3009 1
    0   963  3010 1
    0   964  3011 1
    0   965  3012 1
    0   966  3013 1
    0   967  3014 1
    0   968  3015 1
    0   969  3016 1
    0   970  3017 1
    0   971  3018 1
    0   972  3019 1
    0   973  3020 1
    0   974  3021 1
    0   975  3022 1
    0   976  3023 1
    0   977  3024 1
    0   978  3025 1
    0   979  3026 1
    0   980  3027 1
    0   981  3028 1
    0   982  3029 1
    0   983  3030 1
    0   984  3031 1
    0   985  3032 1
    0   986  3033 1
    0   987  3034 1
    0   988  3035 1
    0   989  3036 1
    0   990  3037 1
    0   991  3038 1
    0   992  3039 1
    0   993  3040 1
    0   994  3041 1
    0   995  3042 1
    0   996  3043 1
    0   997  3044 1
    0   998  3045 1
    0   999  3046 1
    0  1000  3047 1
    0  1001  3048 1
    0  1002  3049 1
    0  1003  3050 1
    0  1004  3051 1
    0  1005  3052 1
    0  1006  3053 1
    0  1007  3054 1
    0  1008  3055 1
    0  1009  3056 1
    0  1010  3057 1
    0  1011  3058 1
    0  1012  3059 1
    0  1013  3060 1
    0  1014  3061 1
    0  1015  3062 1
    0  1016  3063 1
    0  1017  3064 1
    0  1018  3065 1
    0  1019  3066 1
    0  1020  3067 1
    0  1021  3068 1
    0  1022  3069 1
    0  1023  3070 1
    0  1024  3071 1
    0  1025  3072 1
    0  1026  3073 1
    0  1027  3074 1
    0  1028  3075 1
    0  1029  3076 1
    0  1030  3077 1
    0  1031  3078 1
    0  1032  3079 1
    0  1033  3080 1
    0  1034  3081 1
    0  1035  3082 1
    0  1036  3083 1
    0  1037  3084 1
    0  1038  3085 1
    0  1039  3086 1
    0  1040  3087 1
    0  1041  3088 1
    0  1042  3089 1
    0  1043  3090 1
    0  1044  3091 1
    0  1045  3092 1
    0  1046  3093 1
    0  1047  3094 1
    0  1048  3095 1
    0  1049  3096 1
    0  1050  3097 1
    0  1051  3098 1
    0  1052  3099 1
    0  1053  3100 1
    0  1054  3101 1
    0  1055  3102 1
    0  1056  3103 1
    0  1057  3104 1
    0  1058  3105 1
    0  1059  3106 1
    0  1060  3107 1
    0  1061  3108 1
    0  1062  3109 1
    0  1063  3110 1
    0  1064  3111 1
    0  1065  3112 1
    0  1066  3113 1
    0  1067  3114 1
    0  1068  3115 1
    0  1069  3116 1
    0  1070  3117 1
    0  1071  3118 1
    0  1072  3119 1
    0  1073  3120 1
    0  1074  3121 1
    0  1075  3122 1
    0  1076  3123 1
    0  1077  3124 1
    0  1078  3125 1
    0  1079  3126 1
    0  1080  3127 1
    0  1081  3128 1
    0  1082  3129 1
    0  1083  3130 1
    0  1084  3131 1
    0  1085  3132 1
    0  1086  3133 1
    0  1087  3134 1
    0  1088  3135 1
    0  1089  3136 1
    0  1090  3137 1
    0  1091  3138 1
    0  1092  3139 1
    0  1093  3140 1
    0  1094  3141 1
    0  1095  3142 1
    0  1096  3143 1
    0  1097  3144 1
    0  1098  3145 1
    0  1099  3146 1
    0  1100  3147 1
    0  1101  3148 1
    0  1102  3149 1
    0  1103  3150 1
    0  1104  3151 1
    0  1105  3152 1
    0  1106  3153 1
    0  1107  3154 1
    0  1108  3155 1
    0  1109  3156 1
    0  1110  3157 1
    0  1111  3158 1
    0  1112  3159 1
    0  1113  3160 1
    0  1114  3161 1
    0  1115  3162 1
    0  1116  3163 1
    0  1117  3164 1
    0  1118  3165 1
    0  1119  3166 1
    0  1120  3167 1
    0  1121  3168 1
    0  1122  3169 1
    0  1123  3170 1
    0  1124  3171 1
    0  1125  3172 1
    0  1126  3173 1
    0  1127  3174 1
    0  1128  3175 1
    0  1129  3176 1
    0  1130  3177 1
    0  1131  3178 1
    0  1132  3179 1
    0  1133  3180 1
    0  1134  3181 1
    0  1135  3182 1
    0  1136  3183 1
    0  1137  3184 1
    0  1138  3185 1
    0  1139  3186 1
    0  1140  3187 1
    0  1141  3188 1
    0  1142  3189 1
    0  1143  3190 1
    0  1144  3191 1
    0  1145  3192 1
    0  1146  3193 1
    0  1147  3194 1
    0  1148  3195 1
    0  1149  3196 1
    0  1150  3197 1
    0  1151  3198 1
    0  1152  3199 1
    0  1153  3200 1
    0  1154  3201 1
    0  1155  3202 1
    0  1156  3203 1
    0  1157  3204 1
    0  1158  3205 1
    0  1159  3206 1
    0  1160  3207 1
    0  1161  3208 1
    0  1162  3209 1
    0  1163  3210 1
    0  1164  3211 1
    0  1165  3212 1
    0  1166  3213 1
    0  1167  3214 1
    0  1168  3215 1
    0  1169  3216 1
    0  1170  3217 1
    0  1171  3218 1
    0  1172  3219 1
    0  1173  3220 1
    0  1174  3221 1
    0  1175  3222 1
    0  1176  3223 1
    0  1177  3224 1
    0  1178  3225 1
    0  1179  3226 1
    0  1180  3227 1
    0  1181  3228 1
    0  1182  3229 1
    0  1183  3230 1
    0  1184  3231 1
    0  1185  3232 1
    0  1186  3233 1
    0  1187  3234 1
    0  1188  3235 1
    0  1189  3236 1
    0  1190  3237 1
    0  1191  3238 1
    0  1192  3239 1
    0  1193  3240 1
    0  1194  3241 1
    0  1195  3242 1
    0  1196  3243 1
    0  1197  3244 1
    0  1198  3245 1
    0  1199  3246 1
    0  1200  3247 1
    0  1201  3248 1
    0  1202  3249 1
    0  1203  3250 1
    0  1204  3251 1
    0  1205  3252 1
    0  1206  3253 1
    0  1207  3254 1
    0  1208  3255 1
    0  1209  3256 1
    0  1210  3257 1
    0  1211  3258 1
    0  1212  3259 1
    0  1213  3260 1
    0  1214  3261 1
    0  1215  3262 1
    0  1216  3263 1
    0  1217  3264 1
    0  1218  3265 1
    0  1219  3266 1
    0  1220  3267 1
    0  1221  3268 1
    0  1222  3269 1
    0  1223  3270 1
    0  1224  3271 1
    0  1225  3272 1
    0  1226  3273 1
    0  1227  3274 1
    0  1228  3275 1
    0  1229  3276 1
    0  1230  3277 1
    0  1231  3278 1
    0  1232  3279 1
    0  1233  3280 1
    0  1234  3281 1
    0  1235  3282 1
    0  1236  3283 1
    0  1237  3284 1
    0  1238  3285 1
    0  1239  3286 1
    0  1240  3287 1
    0  1241  3288 1
    0  1242  3289 1
    0  1243  3290 1
    0  1244  3291 1
    0  1245  3292 1
    0  1246  3293 1
    0  1247  3294 1
    0  1248  3295 1
    0  1249  3296 1
    0  1250  3297 1
    0  1251  3298 1
    0  1252  3299 1
    0  1253  3300 1
    0  1254  3301 1
    0  1255  3302 1
    0  1256  3303 1
    0  1257  3304 1
    0  1258  3305 1
    0  1259  3306 1
    0  1260  3307 1
    0  1261  3308 1
    0  1262  3309 1
    0  1263  3310 1
    0  1264  3311 1
    0  1265  3312 1
    0  1266  3313 1
    0  1267  3314 1
    0  1268  3315 1
    0  1269  3316 1
    0  1270  3317 1
    0  1271  3318 1
    0  1272  3319 1
    0  1273  3320 1
    0  1274  3321 1
    0  1275  3322 1
    0  1276  3323 1
    0  1277  3324 1
    0  1278  3325 1
    0  1279  3326 1
    0  1280  3327 1
    0  1281  3328 1
    0  1282  3329 1
    0  1283  3330 1
    0  1284  3331 1
    0  1285  3332 1
    0  1286  3333 1
    0  1287  3334 1
    0  1288  3335 1
    0  1289  3336 1
    0  1290  3337 1
    0  1291  3338 1
    0  1292  3339 1
    0  1293  3340 1
    0  1294  3341 1
    0  1295  3342 1
    0  1296  3343 1
    0  1297  3344 1
    0  1298  3345 1
    0  1299  3346 1
    0  1300  3347 1
    0  1301  3348 1
    0  1302  3349 1
    0  1303  3350 1
    0  1304  3351 1
    0  1305  3352 1
    0  1306  3353 1
    0  1307  3354 1
    0  1308  3355 1
    0  1309  3356 1
    0  1310  3357 1
    0  1311  3358 1
    0  1312  3359 1
    0  1313  3360 1
    0  1314  3361 1
    0  1315  3362 1
    0  1316  3363 1
    0  1317  3364 1
    0  1318  3365 1
    0  1319  3366 1
    0  1320  3367 1
    0  1321  3368 1
    0  1322  3369 1
    0  1323  3370 1
    0  1324  3371 1
    0  1325  3372 1
    0  1326  3373 1
    0  1327  3374 1
    0  1328  3375 1
    0  1329  3376 1
    0  1330  3377 1
    0  1331  3378 1
    0  1332  3379 1
    0  1333  3380 1
    0  1334  3381 1
    0  1335  3382 1
    0  1336  3383 1
    0  1337  3384 1
    0  1338  3385 1
    0  1339  3386 1
    0  1340  3387 1
    0  1341  3388 1
    0  1342  3389 1
    0  1343  3390 1
    0  1344  3391 1
    0  1345  3392 1
    0  1346  3393 1
    0  1347  3394 1
    0  1348  3395 1
    0  1349  3396 1
    0  1350  3397 1
    0  1351  3398 1
    0  1352  3399 1
    0  1353  3400 1
    0  1354  3401 1
    0  1355  3402 1
    0  1356  3403 1
    0  1357  3404 1
    0  1358  3405 1
    0  1359  3406 1
    0  1360  3407 1
    0  1361  3408 1
    0  1362  3409 1
    0  1363  3410 1
    0  1364  3411 1
    0  1365  3412 1
    0  1366  3413 1
    0  1367  3414 1
    0  1368  3415 1
    0  1369  3416 1
    0  1370  3417 1
    0  1371  3418 1
    0  1372  3419 1
    0  1373  3420 1
    0  1374  3421 1
    0  1375  3422 1
    0  1376  3423 1
    0  1377  3424 1
    0  1378  3425 1
    0  1379  3426 1
    0  1380  3427 1
    0  1381  3428 1
    0  1382  3429 1
    0  1383  3430 1
    0  1384  3431 1
    0  1385  3432 1
    0  1386  3433 1
    0  1387  3434 1
    0  1388  3435 1
    0  1389  3436 1
    0  1390  3437 1
    0  1391  3438 1
    0  1392  3439 1
    0  1393  3440 1
    0  1394  3441 1
    0  1395  3442 1
    0  1396  3443 1
    0  1397  3444 1
    0  1398  3445 1
    0  1399  3446 1
    0  1400  3447 1
    0  1401  3448 1
    0  1402  3449 1
    0  1403  3450 1
    0  1404  3451 1
    0  1405  3452 1
    0  1406  3453 1
    0  1407  3454 1
    0  1408  3455 1
    0  1409  3456 1
    0  1410  3457 1
    0  1411  3458 1
    0  1412  3459 1
    0  1413  3460 1
    0  1414  3461 1
    0  1415  3462 1
    0  1416  3463 1
    0  1417  3464 1
    0  1418  3465 1
    0  1419  3466 1
    0  1420  3467 1
    0  1421  3468 1
    0  1422  3469 1
    0  1423  3470 1
    0  1424  3471 1
    0  1425  3472 1
    0  1426  3473 1
    0  1427  3474 1
    0  1428  3475 1
    0  1429  3476 1
    0  1430  3477 1
    0  1431  3478 1
    0  1432  3479 1
    0  1433  3480 1
    0  1434  3481 1
    0  1435  3482 1
    0  1436  3483 1
    0  1437  3484 1
    0  1438  3485 1
    0  1439  3486 1
    0  1440  3487 1
    0  1441  3488 1
    0  1442  3489 1
    0  1443  3490 1
    0  1444  3491 1
    0  1445  3492 1
    0  1446  3493 1
    0  1447  3494 1
    0  1448  3495 1
    0  1449  3496 1
    0  1450  3497 1
    0  1451  3498 1
    0  1452  3499 1
    0  1453  3500 1
    0  1454  3501 1
    0  1455  3502 1
    0  1456  3503 1
    0  1457  3504 1
    0  1458  3505 1
    0  1459  3506 1
    0  1460  3507 1
    0  1461  3508 1
    0  1462  3509 1
    0  1463  3510 1
    0  1464  3511 1
    0  1465  3512 1
    0  1466  3513 1
    0  1467  3514 1
    0  1468  3515 1
    0  1469  3516 1
    0  1470  3517 1
    0  1471  3518 1
    0  1472  3519 1
    0  1473  3520 1
    0  1474  3521 1
    0  1475  3522 1
    0  1476  3523 1
    0  1477  3524 1
    0  1478  3525 1
    0  1479  3526 1
    0  1480  3527 1
    0  1481  3528 1
    0  1482  3529 1
    0  1483  3530 1
    0  1484  3531 1
    0  1485  3532 1
    0  1486  3533 1
    0  1487  3534 1
    0  1488  3535 1
    0  1489  3536 1
    0  1490  3537 1
    0  1491  3538 1
    0  1492  3539 1
    0  1493  3540 1
    0  1494  3541 1
    0  1495  3542 1
    0  1496  3543 1
    0  1497  3544 1
    0  1498  3545 1
    0  1499  3546 1
    0  1500  3547 1
    0  1501  3548 1
    0  1502  3549 1
    0  1503  3550 1
    0  1504  3551 1
    0  1505  3552 1
    0  1506  3553 1
    0  1507  3554 1
    0  1508  3555 1
    0  1509  3556 1
    0  1510  3557 1
    0  1511  3558 1
    0  1512  3559 1
    0  1513  3560 1
    0  1514  3561 1
    0  1515  3562 1
    0  1516  3563 1
    0  1517  3564 1
    0  1518  3565 1
    0  1519  3566 1
    0  1520  3567 1
    0  1521  3568 1
    0  1522  3569 1
    0  1523  3570 1
    0  1524  3571 1
    0  1525  3572 1
    0  1526  3573 1
    0  1527  3574 1
    0  1528  3575 1
    0  1529  3576 1
    0  1530  3577 1
    0  1531  3578 1
    0  1532  3579 1
    0  1533  3580 1
    0  1534  3581 1
    0  1535  3582 1
    0  1536  3583 1
    0  1537  3584 1
    0  1538  3585 1
    0  1539  3586 1
    0  1540  3587 1
    0  1541  3588 1
    0  1542  3589 1
    0  1543  3590 1
    0  1544  3591 1
    0  1545  3592 1
    0  1546  3593 1
    0  1547  3594 1
    0  1548  3595 1
    0  1549  3596 1
    0  1550  3597 1
    0  1551  3598 1
    0  1552  3599 1
    0  1553  3600 1
    0  1554  3601 1
    0  1555  3602 1
    0  1556  3603 1
    0  1557  3604 1
    0  1558  3605 1
    0  1559  3606 1
    0  1560  3607 1
    0  1561  3608 1
    0  1562  3609 1
    0  1563  3610 1
    0  1564  3611 1
    0  1565  3612 1
    0  1566  3613 1
    0  1567  3614 1
    0  1568  3615 1
    0  1569  3616 1
    0  1570  3617 1
    0  1571  3618 1
    0  1572  3619 1
    0  1573  3620 1
    0  1574  3621 1
    0  1575  3622 1
    0  1576  3623 1
    0  1577  3624 1
    0  1578  3625 1
    0  1579  3626 1
    0  1580  3627 1
    0  1581  3628 1
    0  1582  3629 1
    0  1583  3630 1
    0  1584  3631 1
    0  1585  3632 1
    0  1586  3633 1
    0  1587  3634 1
    0  1588  3635 1
    0  1589  3636 1
    0  1590  3637 1
    0  1591  3638 1
    0  1592  3639 1
    0  1593  3640 1
    0  1594  3641 1
    0  1595  3642 1
    0  1596  3643 1
    0  1597  3644 1
    0  1598  3645 1
    0  1599  3646 1
    0  1600  3647 1
    0  1601  3648 1
    0  1602  3649 1
    0  1603  3650 1
    0  1604  3651 1
    0  1605  3652 1
    0  1606  3653 1
    0  1607  3654 1
    0  1608  3655 1
    0  1609  3656 1
    0  1610  3657 1
    0  1611  3658 1
    0  1612  3659 1
    0  1613  3660 1
    0  1614  3661 1
    0  1615  3662 1
    0  1616  3663 1
    0  1617  3664 1
    0  1618  3665 1
    0  1619  3666 1
    0  1620  3667 1
    0  1621  3668 1
    0  1622  3669 1
    0  1623  3670 1
    0  1624  3671 1
    0  1625  3672 1
    0  1626  3673 1
    0  1627  3674 1
    0  1628  3675 1
    0  1629  3676 1
    0  1630  3677 1
    0  1631  3678 1
    0  1632  3679 1
    0  1633  3680 1
    0  1634  3681 1
    0  1635  3682 1
    0  1636  3683 1
    0  1637  3684 1
    0  1638  3685 1
    0  1639  3686 1
    0  1640  3687 1
    0  1641  3688 1
    0  1642  3689 1
    0  1643  3690 1
    0  1644  3691 1
    0  1645  3692 1
    0  1646  3693 1
    0  1647  3694 1
    0  1648  3695 1
    0  1649  3696 1
    0  1650  3697 1
    0  1651  3698 1
    0  1652  3699 1
    0  1653  3700 1
    0  1654  3701 1
    0  1655  3702 1
    0  1656  3703 1
    0  1657  3704 1
    0  1658  3705 1
    0  1659  3706 1
    0  1660  3707 1
    0  1661  3708 1
    0  1662  3709 1
    0  1663  3710 1
    0  1664  3711 1
    0  1665  3712 1
    0  1666  3713 1
    0  1667  3714 1
    0  1668  3715 1
    0  1669  3716 1
    0  1670  3717 1
    0  1671  3718 1
    0  1672  3719 1
    0  1673  3720 1
    0  1674  3721 1
    0  1675  3722 1
    0  1676  3723 1
    0  1677  3724 1
    0  1678  3725 1
    0  1679  3726 1
    0  1680  3727 1
    0  1681  3728 1
    0  1682  3729 1
    0  1683  3730 1
    0  1684  3731 1
    0  1685  3732 1
    0  1686  3733 1
    0  1687  3734 1
    0  1688  3735 1
    0  1689  3736 1
    0  1690  3737 1
    0  1691  3738 1
    0  1692  3739 1
    0  1693  3740 1
    0  1694  3741 1
    0  1695  3742 1
    0  1696  3743 1
    0  1697  3744 1
    0  1698  3745 1
    0  1699  3746 1
    0  1700  3747 1
    0  1701  3748 1
    0  1702  3749 1
    0  1703  3750 1
    0  1704  3751 1
    0  1705  3752 1
    0  1706  3753 1
    0  1707  3754 1
    0  1708  3755 1
    0  1709  3756 1
    0  1710  3757 1
    0  1711  3758 1
    0  1712  3759 1
    0  1713  3760 1
    0  1714  3761 1
    0  1715  3762 1
    0  1716  3763 1
    0  1717  3764 1
    0  1718  3765 1
    0  1719  3766 1
    0  1720  3767 1
    0  1721  3768 1
    0  1722  3769 1
    0  1723  3770 1
    0  1724  3771 1
    0  1725  3772 1
    0  1726  3773 1
    0  1727  3774 1
    0  1728  3775 1
    0  1729  3776 1
    0  1730  3777 1
    0  1731  3778 1
    0  1732  3779 1
    0  1733  3780 1
    0  1734  3781 1
    0  1735  3782 1
    0  1736  3783 1
    0  1737  3784 1
    0  1738  3785 1
    0  1739  3786 1
    0  1740  3787 1
    0  1741  3788 1
    0  1742  3789 1
    0  1743  3790 1
    0  1744  3791 1
    0  1745  3792 1
    0  1746  3793 1
    0  1747  3794 1
    0  1748  3795 1
    0  1749  3796 1
    0  1750  3797 1
    0  1751  3798 1
    0  1752  3799 1
    0  1753  3800 1
    0  1754  3801 1
    0  1755  3802 1
    0  1756  3803 1
    0  1757  3804 1
    0  1758  3805 1
    0  1759  3806 1
    0  1760  3807 1
    0  1761  3808 1
    0  1762  3809 1
    0  1763  3810 1
    0  1764  3811 1
    0  1765  3812 1
    0  1766  3813 1
    0  1767  3814 1
    0  1768  3815 1
    0  1769  3816 1
    0  1770  3817 1
    0  1771  3818 1
    0  1772  3819 1
    0  1773  3820 1
    0  1774  3821 1
    0  1775  3822 1
    0  1776  3823 1
    0  1777  3824 1
    0  1778  3825 1
    0  1779  3826 1
    0  1780  3827 1
    0  1781  3828 1
    0  1782  3829 1
    0  1783  3830 1
    0  1784  3831 1
    0  1785  3832 1
    0  1786  3833 1
    0  1787  3834 1
    0  1788  3835 1
    0  1789  3836 1
    0  1790  3837 1
    0  1791  3838 1
    0  1792  3839 1
    0  1793  3840 1
    0  1794  3841 1
    0  1795  3842 1
    0  1796  3843 1
    0  1797  3844 1
    0  1798  3845 1
    0  1799  3846 1
    0  1800  3847 1
    0  1801  3848 1
    0  1802  3849 1
    0  1803  3850 1
    0  1804  3851 1
    0  1805  3852 1
    0  1806  3853 1
    0  1807  3854 1
    0  1808  3855 1
    0  1809  3856 1
    0  1810  3857 1
    0  1811  3858 1
    0  1812  3859 1
    0  1813  3860 1
    0  1814  3861 1
    0  1815  3862 1
    0  1816  3863 1
    0  1817  3864 1
    0  1818  3865 1
    0  1819  3866 1
    0  1820  3867 1
    0  1821  3868 1
    0  1822  3869 1
    0  1823  3870 1
    0  1824  3871 1
    0  1825  3872 1
    0  1826  3873 1
    0  1827  3874 1
    0  1828  3875 1
    0  1829  3876 1
    0  1830  3877 1
    0  1831  3878 1
    0  1832  3879 1
    0  1833  3880 1
    0  1834  3881 1
    0  1835  3882 1
    0  1836  3883 1
    0  1837  3884 1
    0  1838  3885 1
    0  1839  3886 1
    0  1840  3887 1
    0  1841  3888 1
    0  1842  3889 1
    0  1843  3890 1
    0  1844  3891 1
    0  1845  3892 1
    0  1846  3893 1
    0  1847  3894 1
    0  1848  3895 1
    0  1849  3896 1
    0  1850  3897 1
    0  1851  3898 1
    0  1852  3899 1
    0  1853  3900 1
    0  1854  3901 1
    0  1855  3902 1
    0  1856  3903 1
    0  1857  3904 1
    0  1858  3905 1
    0  1859  3906 1
    0  1860  3907 1
    0  1861  3908 1
    0  1862  3909 1
    0  1863  3910 1
    0  1864  3911 1
    0  1865  3912 1
    0  1866  3913 1
    0  1867  3914 1
    0  1868  3915 1
    0  1869  3916 1
    0  1870  3917 1
    0  1871  3918 1
    0  1872  3919 1
    0  1873  3920 1
    0  1874  3921 1
    0  1875  3922 1
    0  1876  3923 1
    0  1877  3924 1
    0  1878  3925 1
    0  1879  3926 1
    0  1880  3927 1
    0  1881  3928 1
    0  1882  3929 1
    0  1883  3930 1
    0  1884  3931 1
    0  1885  3932 1
    0  1886  3933 1
    0  1887  3934 1
    0  1888  3935 1
    0  1889  3936 1
    0  1890  3937 1
    0  1891  3938 1
    0  1892  3939 1
    0  1893  3940 1
    0  1894  3941 1
    0  1895  3942 1
    0  1896  3943 1
    0  1897  3944 1
    0  1898  3945 1
    0  1899  3946 1
    0  1900  3947 1
    0  1901  3948 1
    0  1902  3949 1
    0  1903  3950 1
    0  1904  3951 1
    0  1905  3952 1
    0  1906  3953 1
    0  1907  3954 1
    0  1908  3955 1
    0  1909  3956 1
    0  1910  3957 1
    0  1911  3958 1
    0  1912  3959 1
    0  1913  3960 1
    0  1914  3961 1
    0  1915  3962 1
    0  1916  3963 1
    0  1917  3964 1
    0  1918  3965 1
    0  1919  3966 1
    0  1920  3967 1
    0  1921  3968 1
    0  1922  3969 1
    0  1923  3970 1
    0  1924  3971 1
    0  1925  3972 1
    0  1926  3973 1
    0  1927  3974 1
    0  1928  3975 1
    0  1929  3976 1
    0  1930  3977 1
    0  1931  3978 1
    0  1932  3979 1
    0  1933  3980 1
    0  1934  3981 1
    0  1935  3982 1
    0  1936  3983 1
    0  1937  3984 1
    0  1938  3985 1
    0  1939  3986 1
    0  1940  3987 1
    0  1941  3988 1
    0  1942  3989 1
    0  1943  3990 1
    0  1944  3991 1
    0  1945  3992 1
    0  1946  3993 1
    0  1947  3994 1
    0  1948  3995 1
    0  1949  3996 1
    0  1950  3997 1
    0  1951  3998 1
    0  1952  3999 1
    0  1953  4000 1
    0  1954  4001 1
    0  1955  4002 1
    0  1956  4003 1
    0  1957  4004 1
    0  1958  4005 1
    0  1959  4006 1
    0  1960  4007 1
    0  1961  4008 1
    0  1962  4009 1
    0  1963  4010 1
    0  1964  4011 1
    0  1965  4012 1
    0  1966  4013 1
    0  1967  4014 1
    0  1968  4015 1
    0  1969  4016 1
    0  1970  4017 1
    0  1971  4018 1
    0  1972  4019 1
    0  1973  4020 1
    0  1974  4021 1
    0  1975  4022 1
    0  1976  4023 1
    0  1977  4024 1
    0  1978  4025 1
    0  1979  4026 1
    0  1980  4027 1
    0  1981  4028 1
    0  1982  4029 1
    0  1983  4030 1
    0  1984  4031 1
    0  1985  4032 1
    0  1986  4033 1
    0  1987  4034 1
    0  1988  4035 1
    0  1989  4036 1
    0  1990  4037 1
    0  1991  4038 1
    0  1992  4039 1
    0  1993  4040 1
    0  1994  4041 1
    0  1995  4042 1
    0  1996  4043 1
    0  1997  4044 1
    0  1998  4045 1
    0  1999  4046 1
    0  2000  4047 1
    0  2001  4048 1
    0  2002  4049 1
    0  2003  4050 1
    0  2004  4051 1
    0  2005  4052 1
    0  2006  4053 1
    0  2007  4054 1
    0  2008  4055 1
    0  2009  4056 1
    0  2010  4057 1
    0  2011  4058 1
    0  2012  4059 1
    0  2013  4060 1
    0  2014  4061 1
    0  2015  4062 1
    0  2016  4063 1
    0  2017  4064 1
    0  2018  4065 1
    0  2019  4066 1
    0  2020  4067 1
    0  2021  4068 1
    0  2022  4069 1
    0  2023  4070 1
    0  2024  4071 1
    0  2025  4072 1
    0  2026  4073 1
    0  2027  4074 1
    0  2028  4075 1
    0  2029  4076 1
    0  2030  4077 1
    0  2031  4078 1
    0  2032  4079 1
    0  2033  4080 1
    0  2034  4081 1
    0  2035  4082 1
    0  2036  4083 1
    0  2037  4084 1
    0  2038  4085 1
    0  2039  4086 1
    0  2040  4087 1
    0  2041  4088 1
    0  2042  4089 1
    0  2043  4090 1
    0  2044  4091 1
    0  2045  4092 1
    0  2046  4093 1
    0  2047  4094 1
    0  2048  4095 1
    0  2049     0 1
    0  2050     1 1
    0  2051     2 1
    0  2052     3 1
    0  2053     4 1
    0  2054     5 1
    0  2055     6 1
    0  2056     7 1
    0  2057     8 1
    0  2058     9 1
    0  2059    10 1
    0  2060    11 1
    0  2061    12 1
    0  2062    13 1
    0  2063    14 1
    0  2064    15 1
    0  2065    16 1
    0  2066    17 1
    0  2067    18 1
    0  2068    19 1
    0  2069    20 1
    0  2070    21 1
    0  2071    22 1
    0  2072    23 1
    0  2073    24 1
    0  2074    25 1
    0  2075    26 1
    0  2076    27 1
    0  2077    28 1
    0  2078    29 1
    0  2079    30 1
    0  2080    31 1
    0  2081    32 1
    0  2082    33 1
    0  2083    34 1
    0  2084    35 1
    0  2085    36 1
    0  2086    37 1
    0  2087    38 1
    0  2088    39 1
    0  2089    40 1
    0  2090    41 1
    0  2091    42 1
    0  2092    43 1
    0  2093    44 1
    0  2094    45 1
    0  2095    46 1
    0  2096    47 1
    0  2097    48 1
    0  2098    49 1
    0  2099    50 1
    0  2100    51 1
    0  2101    52 1
    0  2102    53 1
    0  2103    54 1
    0  2104    55 1
    0  2105    56 1
    0  2106    57 1
    0  2107    58 1
    0  2108    59 1
    0  2109    60 1
    0  2110    61 1
    0  2111    62 1
    0  2112    63 1
    0  2113    64 1
    0  2114    65 1
    0  2115    66 1
    0  2116    67 1
    0  2117    68 1
    0  2118    69 1
    0  2119    70 1
    0  2120    71 1
    0  2121    72 1
    0  2122    73 1
    0  2123    74 1
    0  2124    75 1
    0  2125    76 1
    0  2126    77 1
    0  2127    78 1
    0  2128    79 1
    0  2129    80 1
    0  2130    81 1
    0  2131    82 1
    0  2132    83 1
    0  2133    84 1
    0  2134    85 1
    0  2135    86 1
    0  2136    87 1
    0  2137    88 1
    0  2138    89 1
    0  2139    90 1
    0  2140    91 1
    0  2141    92 1
    0  2142    93 1
    0  2143    94 1
    0  2144    95 1
    0  2145    96 1
    0  2146    97 1
    0  2147    98 1
    0  2148    99 1
    0  2149   100 1
    0  2150   101 1
    0  2151   102 1
    0  2152   103 1
    0  2153   104 1
    0  2154   105 1
    0  2155   106 1
    0  2156   107 1
    0  2157   108 1
    0  2158   109 1
    0  2159   110 1
    0  2160   111 1
    0  2161   112 1
    0  2162   113 1
    0  2163   114 1
    0  2164   115 1
    0  2165   116 1
    0  2166   117 1
    0  2167   118 1
    0  2168   119 1
    0  2169   120 1
    0  2170   121 1
    0  2171   122 1
    0  2172   123 1
    0  2173   124 1
    0  2174   125 1
    0  2175   126 1
    0  2176   127 1
    0  2177   128 1
    0  2178   129 1
    0  2179   130 1
    0  2180   131 1
    0  2181   132 1
    0  2182   133 1
    0  2183   134 1
    0  2184   135 1
    0  2185   136 1
    0  2186   137 1
    0  2187   138 1
    0  2188   139 1
    0  2189   140 1
    0  2190   141 1
    0  2191   142 1
    0  2192   143 1
    0  2193   144 1
    0  2194   145 1
    0  2195   146 1
    0  2196   147 1
    0  2197   148 1
    0  2198   149 1
    0  2199   150 1
    0  2200   151 1
    0  2201   152 1
    0  2202   153 1
    0  2203   154 1
    0  2204   155 1
    0  2205   156 1
    0  2206   157 1
    0  2207   158 1
    0  2208   159 1
    0  2209   160 1
    0  2210   161 1
    0  2211   162 1
    0  2212   163 1
    0  2213   164 1
    0  2214   165 1
    0  2215   166 1
    0  2216   167 1
    0  2217   168 1
    0  2218   169 1
    0  2219   170 1
    0  2220   171 1
    0  2221   172 1
    0  2222   173 1
    0  2223   174 1
    0  2224   175 1
    0  2225   176 1
    0  2226   177 1
    0  2227   178 1
    0  2228   179 1
    0  2229   180 1
    0  2230   181 1
    0  2231   182 1
    0  2232   183 1
    0  2233   184 1
    0  2234   185 1
    0  2235   186 1
    0  2236   187 1
    0  2237   188 1
    0  2238   189 1
    0  2239   190 1
    0  2240   191 1
    0  2241   192 1
    0  2242   193 1
    0  2243   194 1
    0  2244   195 1
    0  2245   196 1
    0  2246   197 1
    0  2247   198 1
    0  2248   199 1
    0  2249   200 1
    0  2250   201 1
    0  2251   202 1
    0  2252   203 1
    0  2253   204 1
    0  2254   205 1
    0  2255   206 1
    0  2256   207 1
    0  2257   208 1
    0  2258   209 1
    0  2259   210 1
    0  2260   211 1
    0  2261   212 1
    0  2262   213 1
    0  2263   214 1
    0  2264   215 1
    0  2265   216 1
    0  2266   217 1
    0  2267   218 1
    0  2268   219 1
    0  2269   220 1
    0  2270   221 1
    0  2271   222 1
    0  2272   223 1
    0  2273   224 1
    0  2274   225 1
    0  2275   226 1
    0  2276   227 1
    0  2277   228 1
    0  2278   229 1
    0  2279   230 1
    0  2280   231 1
    0  2281   232 1
    0  2282   233 1
    0  2283   234 1
    0  2284   235 1
    0  2285   236 1
    0  2286   237 1
    0  2287   238 1
    0  2288   239 1
    0  2289   240 1
    0  2290   241 1
    0  2291   242 1
    0  2292   243 1
    0  2293   244 1
    0  2294   245 1
    0  2295   246 1
    0  2296   247 1
    0  2297   248 1
    0  2298   249 1
    0  2299   250 1
    0  2300   251 1
    0  2301   252 1
    0  2302   253 1
    0  2303   254 1
    0  2304   255 1
    0  2305   256 1
    0  2306   257 1
    0  2307   258 1
    0  2308   259 1
    0  2309   260 1
    0  2310   261 1
    0  2311   262 1
    0  2312   263 1
    0  2313   264 1
    0  2314   265 1
    0  2315   266 1
    0  2316   267 1
    0  2317   268 1
    0  2318   269 1
    0  2319   270 1
    0  2320   271 1
    0  2321   272 1
    0  2322   273 1
    0  2323   274 1
    0  2324   275 1
    0  2325   276 1
    0  2326   277 1
    0  2327   278 1
    0  2328   279 1
    0  2329   280 1
    0  2330   281 1
    0  2331   282 1
    0  2332   283 1
    0  2333   284 1
    0  2334   285 1
    0  2335   286 1
    0  2336   287 1
    0  2337   288 1
    0  2338   289 1
    0  2339   290 1
    0  2340   291 1
    0  2341   292 1
    0  2342   293 1
    0  2343   294 1
    0  2344   295 1
    0  2345   296 1
    0  2346   297 1
    0  2347   298 1
    0  2348   299 1
    0  2349   300 1
    0  2350   301 1
    0  2351   302 1
    0  2352   303 1
    0  2353   304 1
    0  2354   305 1
    0  2355   306 1
    0  2356   307 1
    0  2357   308 1
    0  2358   309 1
    0  2359   310 1
    0  2360   311 1
    0  2361   312 1
    0  2362   313 1
    0  2363   314 1
    0  2364   315 1
    0  2365   316 1
    0  2366   317 1
    0  2367   318 1
    0  2368   319 1
    0  2369   320 1
    0  2370   321 1
    0  2371   322 1
    0  2372   323 1
    0  2373   324 1
    0  2374   325 1
    0  2375   326 1
    0  2376   327 1
    0  2377   328 1
    0  2378   329 1
    0  2379   330 1
    0  2380   331 1
    0  2381   332 1
    0  2382   333 1
    0  2383   334 1
    0  2384   335 1
    0  2385   336 1
    0  2386   337 1
    0  2387   338 1
    0  2388   339 1
    0  2389   340 1
    0  2390   341 1
    0  2391   342 1
    0  2392   343 1
    0  2393   344 1
    0  2394   345 1
    0  2395   346 1
    0  2396   347 1
    0  2397   348 1
    0  2398   349 1
    0  2399   350 1
    0  2400   351 1
    0  2401   352 1
    0  2402   353 1
    0  2403   354 1
    0  2404   355 1
    0  2405   356 1
    0  2406   357 1
    0  2407   358 1
    0  2408   359 1
    0  2409   360 1
    0  2410   361 1
    0  2411   362 1
    0  2412   363 1
    0  2413   364 1
    0  2414   365 1
    0  2415   366 1
    0  2416   367 1
    0  2417   368 1
    0  2418   369 1
    0  2419   370 1
    0  2420   371 1
    0  2421   372 1
    0  2422   373 1
    0  2423   374 1
    0  2424   375 1
    0  2425   376 1
    0  2426   377 1
    0  2427   378 1
    0  2428   379 1
    0  2429   380 1
    0  2430   381 1
    0  2431   382 1
    0  2432   383 1
    0  2433   384 1
    0  2434   385 1
    0  2435   386 1
    0  2436   387 1
    0  2437   388 1
    0  2438   389 1
    0  2439   390 1
    0  2440   391 1
    0  2441   392 1
    0  2442   393 1
    0  2443   394 1
    0  2444   395 1
    0  2445   396 1
    0  2446   397 1
    0  2447   398 1
    0  2448   399 1
    0  2449   400 1
    0  2450   401 1
    0  2451   402 1
    0  2452   403 1
    0  2453   404 1
    0  2454   405 1
    0  2455   406 1
    0  2456   407 1
    0  2457   408 1
    0  2458   409 1
    0  2459   410 1
    0  2460   411 1
    0  2461   412 1
    0  2462   413 1
    0  2463   414 1
    0  2464   415 1
    0  2465   416 1
    0  2466   417 1
    0  2467   418 1
    0  2468   419 1
    0  2469   420 1
    0  2470   421 1
    0  2471   422 1
    0  2472   423 1
    0  2473   424 1
    0  2474   425 1
    0  2475   426 1
    0  2476   427 1
    0  2477   428 1
    0  2478   429 1
    0  2479   430 1
    0  2480   431 1
    0  2481   432 1
    0  2482   433 1
    0  2483   434 1
    0  2484   435 1
    0  2485   436 1
    0  2486   437 1
    0  2487   438 1
    0  2488   439 1
    0  2489   440 1
    0  2490   441 1
    0  2491   442 1
    0  2492   443 1
    0  2493   444 1
    0  2494   445 1
    0  2495   446 1
    0  2496   447 1
    0  2497   448 1
    0  2498   449 1
    0  2499   450 1
    0  2500   451 1
    0  2501   452 1
    0  2502   453 1
    0  2503   454 1
    0  2504   455 1
    0  2505   456 1
    0  2506   457 1
    0  2507   458 1
    0  2508   459 1
    0  2509   460 1
    0  2510   461 1
    0  2511   462 1
    0  2512   463 1
    0  2513   464 1
    0  2514   465 1
    0  2515   466 1
    0  2516   467 1
    0  2517   468 1
    0  2518   469 1
    0  2519   470 1
    0  2520   471 1
    0  2521   472 1
    0  2522   473 1
    0  2523   474 1
    0  2524   475 1
    0  2525   476 1
    0  2526   477 1
    0  2527   478 1
    0  2528   479 1
    0  2529   480 1
    0  2530   481 1
    0  2531   482 1
    0  2532   483 1
    0  2533   484 1
    0  2534   485 1
    0  2535   486 1
    0  2536   487 1
    0  2537   488 1
    0  2538   489 1
    0  2539   490 1
    0  2540   491 1
    0  2541   492 1
    0  2542   493 1
    0  2543   494 1
    0  2544   495 1
    0  2545   496 1
    0  2546   497 1
    0  2547   498 1
    0  2548   499 1
    0  2549   500 1
    0  2550   501 1
    0  2551   502 1
    0  2552   503 1
    0  2553   504 1
    0  2554   505 1
    0  2555   506 1
    0  2556   507 1
    0  2557   508 1
    0  2558   509 1
    0  2559   510 1
    0  2560   511 1
    0  2561   512 1
    0  2562   513 1
    0  2563   514 1
    0  2564   515 1
    0  2565   516 1
    0  2566   517 1
    0  2567   518 1
    0  2568   519 1
    0  2569   520 1
    0  2570   521 1
    0  2571   522 1
    0  2572   523 1
    0  2573   524 1
    0  2574   525 1
    0  2575   526 1
    0  2576   527 1
    0  2577   528 1
    0  2578   529 1
    0  2579   530 1
    0  2580   531 1
    0  2581   532 1
    0  2582   533 1
    0  2583   534 1
    0  2584   535 1
    0  2585   536 1
    0  2586   537 1
    0  2587   538 1
    0  2588   539 1
    0  2589   540 1
    0  2590   541 1
    0  2591   542 1
    0  2592   543 1
    0  2593   544 1
    0  2594   545 1
    0  2595   546 1
    0  2596   547 1
    0  2597   548 1
    0  2598   549 1
    0  2599   550 1
    0  2600   551 1
    0  2601   552 1
    0  2602   553 1
    0  2603   554 1
    0  2604   555 1
    0  2605   556 1
    0  2606   557 1
    0  2607   558 1
    0  2608   559 1
    0  2609   560 1
    0  2610   561 1
    0  2611   562 1
    0  2612   563 1
    0  2613   564 1
    0  2614   565 1
    0  2615   566 1
    0  2616   567 1
    0  2617   568 1
    0  2618   569 1
    0  2619   570 1
    0  2620   571 1
    0  2621   572 1
    0  2622   573 1
    0  2623   574 1
    0  2624   575 1
    0  2625   576 1
    0  2626   577 1
    0  2627   578 1
    0  2628   579 1
    0  2629   580 1
    0  2630   581 1
    0  2631   582 1
    0  2632   583 1
    0  2633   584 1
    0  2634   585 1
    0  2635   586 1
    0  2636   587 1
    0  2637   588 1
    0  2638   589 1
    0  2639   590 1
    0  2640   591 1
    0  2641   592 1
    0  2642   593 1
    0  2643   594 1
    0  2644   595 1
    0  2645   596 1
    0  2646   597 1
    0  2647   598 1
    0  2648   599 1
    0  2649   600 1
    0  2650   601 1
    0  2651   602 1
    0  2652   603 1
    0  2653   604 1
    0  2654   605 1
    0  2655   606 1
    0  2656   607 1
    0  2657   608 1
    0  2658   609 1
    0  2659   610 1
    0  2660   611 1
    0  2661   612 1
    0  2662   613 1
    0  2663   614 1
    0  2664   615 1
    0  2665   616 1
    0  2666   617 1
    0  2667   618 1
    0  2668   619 1
    0  2669   620 1
    0  2670   621 1
    0  2671   622 1
    0  2672   623 1
    0  2673   624 1
    0  2674   625 1
    0  2675   626 1
    0  2676   627 1
    0  2677   628 1
    0  2678   629 1
    0  2679   630 1
    0  2680   631 1
    0  2681   632 1
    0  2682   633 1
    0  2683   634 1
    0  2684   635 1
    0  2685   636 1
    0  2686   637 1
    0  2687   638 1
    0  2688   639 1
    0  2689   640 1
    0  2690   641 1
    0  2691   642 1
    0  2692   643 1
    0  2693   644 1
    0  2694   645 1
    0  2695   646 1
    0  2696   647 1
    0  2697   648 1
    0  2698   649 1
    0  2699   650 1
    0  2700   651 1
    0  2701   652 1
    0  2702   653 1
    0  2703   654 1
    0  2704   655 1
    0  2705   656 1
    0  2706   657 1
    0  2707   658 1
    0  2708   659 1
    0  2709   660 1
    0  2710   661 1
    0  2711   662 1
    0  2712   663 1
    0  2713   664 1
    0  2714   665 1
    0  2715   666 1
    0  2716   667 1
    0  2717   668 1
    0  2718   669 1
    0  2719   670 1
    0  2720   671 1
    0  2721   672 1
    0  2722   673 1
    0  2723   674 1
    0  2724   675 1
    0  2725   676 1
    0  2726   677 1
    0  2727   678 1
    0  2728   679 1
    0  2729   680 1
    0  2730   681 1
    0  2731   682 1
    0  2732   683 1
    0  2733   684 1
    0  2734   685 1
    0  2735   686 1
    0  2736   687 1
    0  2737   688 1
    0  2738   689 1
    0  2739   690 1
    0  2740   691 1
    0  2741   692 1
    0  2742   693 1
    0  2743   694 1
    0  2744   695 1
    0  2745   696 1
    0  2746   697 1
    0  2747   698 1
    0  2748   699 1
    0  2749   700 1
    0  2750   701 1
    0  2751   702 1
    0  2752   703 1
    0  2753   704 1
    0  2754   705 1
    0  2755   706 1
    0  2756   707 1
    0  2757   708 1
    0  2758   709 1
    0  2759   710 1
    0  2760   711 1
    0  2761   712 1
    0  2762   713 1
    0  2763   714 1
    0  2764   715 1
    0  2765   716 1
    0  2766   717 1
    0  2767   718 1
    0  2768   719 1
    0  2769   720 1
    0  2770   721 1
    0  2771   722 1
    0  2772   723 1
    0  2773   724 1
    0  2774   725 1
    0  2775   726 1
    0  2776   727 1
    0  2777   728 1
    0  2778   729 1
    0  2779   730 1
    0  2780   731 1
    0  2781   732 1
    0  2782   733 1
    0  2783   734 1
    0  2784   735 1
    0  2785   736 1
    0  2786   737 1
    0  2787   738 1
    0  2788   739 1
    0  2789   740 1
    0  2790   741 1
    0  2791   742 1
    0  2792   743 1
    0  2793   744 1
    0  2794   745 1
    0  2795   746 1
    0  2796   747 1
    0  2797   748 1
    0  2798   749 1
    0  2799   750 1
    0  2800   751 1
    0  2801   752 1
    0  2802   753 1
    0  2803   754 1
    0  2804   755 1
    0  2805   756 1
    0  2806   757 1
    0  2807   758 1
    0  2808   759 1
    0  2809   760 1
    0  2810   761 1
    0  2811   762 1
    0  2812   763 1
    0  2813   764 1
    0  2814   765 1
    0  2815   766 1
    0  2816   767 1
    0  2817   768 1
    0  2818   769 1
    0  2819   770 1
    0  2820   771 1
    0  2821   772 1
    0  2822   773 1
    0  2823   774 1
    0  2824   775 1
    0  2825   776 1
    0  2826   777 1
    0  2827   778 1
    0  2828   779 1
    0  2829   780 1
    0  2830   781 1
    0  2831   782 1
    0  2832   783 1
    0  2833   784 1
    0  2834   785 1
    0  2835   786 1
    0  2836   787 1
    0  2837   788 1
    0  2838   789 1
    0  2839   790 1
    0  2840   791 1
    0  2841   792 1
    0  2842   793 1
    0  2843   794 1
    0  2844   795 1
    0  2845   796 1
    0  2846   797 1
    0  2847   798 1
    0  2848   799 1
    0  2849   800 1
    0  2850   801 1
    0  2851   802 1
    0  2852   803 1
    0  2853   804 1
    0  2854   805 1
    0  2855   806 1
    0  2856   807 1
    0  2857   808 1
    0  2858   809 1
    0  2859   810 1
    0  2860   811 1
    0  2861   812 1
    0  2862   813 1
    0  2863   814 1
    0  2864   815 1
    0  2865   816 1
    0  2866   817 1
    0  2867   818 1
    0  2868   819 1
    0  2869   820 1
    0  2870   821 1
    0  2871   822 1
    0  2872   823 1
    0  2873   824 1
    0  2874   825 1
    0  2875   826 1
    0  2876   827 1
    0  2877   828 1
    0  2878   829 1
    0  2879   830 1
    0  2880   831 1
    0  2881   832 1
    0  2882   833 1
    0  2883   834 1
    0  2884   835 1
    0  2885   836 1
    0  2886   837 1
    0  2887   838 1
    0  2888   839 1
    0  2889   840 1
    0  2890   841 1
    0  2891   842 1
    0  2892   843 1
    0  2893   844 1
    0  2894   845 1
    0  2895   846 1
    0  2896   847 1
    0  2897   848 1
    0  2898   849 1
    0  2899   850 1
    0  2900   851 1
    0  2901   852 1
    0  2902   853 1
    0  2903   854 1
    0  2904   855 1
    0  2905   856 1
    0  2906   857 1
    0  2907   858 1
    0  2908   859 1
    0  2909   860 1
    0  2910   861 1
    0  2911   862 1
    0  2912   863 1
    0  2913   864 1
    0  2914   865 1
    0  2915   866 1
    0  2916   867 1
    0  2917   868 1
    0  2918   869 1
    0  2919   870 1
    0  2920   871 1
    0  2921   872 1
    0  2922   873 1
    0  2923   874 1
    0  2924   875 1
    0  2925   876 1
    0  2926   877 1
    0  2927   878 1
    0  2928   879 1
    0  2929   880 1
    0  2930   881 1
    0  2931   882 1
    0  2932   883 1
    0  2933   884 1
    0  2934   885 1
    0  2935   886 1
    0  2936   887 1
    0  2937   888 1
    0  2938   889 1
    0  2939   890 1
    0  2940   891 1
    0  2941   892 1
    0  2942   893 1
    0  2943   894 1
    0  2944   895 1
    0  2945   896 1
    0  2946   897 1
    0  2947   898 1
    0  2948   899 1
    0  2949   900 1
    0  2950   901 1
    0  2951   902 1
    0  2952   903 1
    0  2953   904 1
    0  2954   905 1
    0  2955   906 1
    0  2956   907 1
    0  2957   908 1
    0  2958   909 1
    0  2959   910 1
    0  2960   911 1
    0  2961   912 1
    0  2962   913 1
    0  2963   914 1
    0  2964   915 1
    0  2965   916 1
    0  2966   917 1
    0  2967   918 1
    0  2968   919 1
    0  2969   920 1
    0  2970   921 1
    0  2971   922 1
    0  2972   923 1
    0  2973   924 1
    0  2974   925 1
    0  2975   926 1
    0  2976   927 1
    0  2977   928 1
    0  2978   929 1
    0  2979   930 1
    0  2980   931 1
    0  2981   932 1
    0  2982   933 1
    0  2983   934 1
    0  2984   935 1
    0  2985   936 1
    0  2986   937 1
    0  2987   938 1
    0  2988   939 1
    0  2989   940 1
    0  2990   941 1
    0  2991   942 1
    0  2992   943 1
    0  2993   944 1
    0  2994   945 1
    0  2995   946 1
    0  2996   947 1
    0  2997   948 1
    0  2998   949 1
    0  2999   950 1
    0  3000   951 1
    0  3001   952 1
    0  3002   953 1
    0  3003   954 1
    0  3004   955 1
    0  3005   956 1
    0  3006   957 1
    0  3007   958 1
    0  3008   959 1
    0  3009   960 1
    0  3010   961 1
    0  3011   962 1
    0  3012   963 1
    0  3013   964 1
    0  3014   965 1
    0  3015   966 1
    0  3016   967 1
    0  3017   968 1
    0  3018   969 1
    0  3019   970 1
    0  3020   971 1
    0  3021   972 1
    0  3022   973 1
    0  3023   974 1
    0  3024   975 1
    0  3025   976 1
    0  3026   977 1
    0  3027   978 1
    0  3028   979 1
    0  3029   980 1
    0  3030   981 1
    0  3031   982 1
    0  3032   983 1
    0  3033   984 1
    0  3034   985 1
    0  3035   986 1
    0  3036   987 1
    0  3037   988 1
    0  3038   989 1
    0  3039   990 1
    0  3040   991 1
    0  3041   992 1
    0  3042   993 1
    0  3043   994 1
    0  3044   995 1
    0  3045   996 1
    0  3046   997 1
    0  3047   998 1
    0  3048   999 1
    0  3049  1000 1
    0  3050  1001 1
    0  3051  1002 1
    0  3052  1003 1
    0  3053  1004 1
    0  3054  1005 1
    0  3055  1006 1
    0  3056  1007 1
    0  3057  1008 1
    0  3058  1009 1
    0  3059  1010 1
    0  3060  1011 1
    0  3061  1012 1
    0  3062  1013 1
    0  3063  1014 1
    0  3064  1015 1
    0  3065  1016 1
    0  3066  1017 1
    0  3067  1018 1
    0  3068  1019 1
    0  3069  1020 1
    0  3070  1021 1
    0  3071  1022 1
    0  3072  1023 1
    0  3073  1024 1
    0  3074  1025 1
    0  3075  1026 1
    0  3076  1027 1
    0  3077  1028 1
    0  3078  1029 1
    0  3079  1030 1
    0  3080  1031 1
    0  3081  1032 1
    0  3082  1033 1
    0  3083  1034 1
    0  3084  1035 1
    0  3085  1036 1
    0  3086  1037 1
    0  3087  1038 1
    0  3088  1039 1
    0  3089  1040 1
    0  3090  1041 1
    0  3091  1042 1
    0  3092  1043 1
    0  3093  1044 1
    0  3094  1045 1
    0  3095  1046 1
    0  3096  1047 1
    0  3097  1048 1
    0  3098  1049 1
    0  3099  1050 1
    0  3100  1051 1
    0  3101  1052 1
    0  3102  1053 1
    0  3103  1054 1
    0  3104  1055 1
    0  3105  1056 1
    0  3106  1057 1
    0  3107  1058 1
    0  3108  1059 1
    0  3109  1060 1
    0  3110  1061 1
    0  3111  1062 1
    0  3112  1063 1
    0  3113  1064 1
    0  3114  1065 1
    0  3115  1066 1
    0  3116  1067 1
    0  3117  1068 1
    0  3118  1069 1
    0  3119  1070 1
    0  3120  1071 1
    0  3121  1072 1
    0  3122  1073 1
    0  3123  1074 1
    0  3124  1075 1
    0  3125  1076 1
    0  3126  1077 1
    0  3127  1078 1
    0  3128  1079 1
    0  3129  1080 1
    0  3130  1081 1
    0  3131  1082 1
    0  3132  1083 1
    0  3133  1084 1
    0  3134  1085 1
    0  3135  1086 1
    0  3136  1087 1
    0  3137  1088 1
    0  3138  1089 1
    0  3139  1090 1
    0  3140  1091 1
    0  3141  1092 1
    0  3142  1093 1
    0  3143  1094 1
    0  3144  1095 1
    0  3145  1096 1
    0  3146  1097 1
    0  3147  1098 1
    0  3148  1099 1
    0  3149  1100 1
    0  3150  1101 1
    0  3151  1102 1
    0  3152  1103 1
    0  3153  1104 1
    0  3154  1105 1
    0  3155  1106 1
    0  3156  1107 1
    0  3157  1108 1
    0  3158  1109 1
    0  3159  1110 1
    0  3160  1111 1
    0  3161  1112 1
    0  3162  1113 1
    0  3163  1114 1
    0  3164  1115 1
    0  3165  1116 1
    0  3166  1117 1
    0  3167  1118 1
    0  3168  1119 1
    0  3169  1120 1
    0  3170  1121 1
    0  3171  1122 1
    0  3172  1123 1
    0  3173  1124 1
    0  3174  1125 1
    0  3175  1126 1
    0  3176  1127 1
    0  3177  1128 1
    0  3178  1129 1
    0  3179  1130 1
    0  3180  1131 1
    0  3181  1132 1
    0  3182  1133 1
    0  3183  1134 1
    0  3184  1135 1
    0  3185  1136 1
    0  3186  1137 1
    0  3187  1138 1
    0  3188  1139 1
    0  3189  1140 1
    0  3190  1141 1
    0  3191  1142 1
    0  3192  1143 1
    0  3193  1144 1
    0  3194  1145 1
    0  3195  1146 1
    0  3196  1147 1
    0  3197  1148 1
    0  3198  1149 1
    0  3199  1150 1
    0  3200  1151 1
    0  3201  1152 1
    0  3202  1153 1
    0  3203  1154 1
    0  3204  1155 1
    0  3205  1156 1
    0  3206  1157 1
    0  3207  1158 1
    0  3208  1159 1
    0  3209  1160 1
    0  3210  1161 1
    0  3211  1162 1
    0  3212  1163 1
    0  3213  1164 1
    0  3214  1165 1
    0  3215  1166 1
    0  3216  1167 1
    0  3217  1168 1
    0  3218  1169 1
    0  3219  1170 1
    0  3220  1171 1
    0  3221  1172 1
    0  3222  1173 1
    0  3223  1174 1
    0  3224  1175 1
    0  3225  1176 1
    0  3226  1177 1
    0  3227  1178 1
    0  3228  1179 1
    0  3229  1180 1
    0  3230  1181 1
    0  3231  1182 1
    0  3232  1183 1
    0  3233  1184 1
    0  3234  1185 1
    0  3235  1186 1
    0  3236  1187 1
    0  3237  1188 1
    0  3238  1189 1
    0  3239  1190 1
    0  3240  1191 1
    0  3241  1192 1
    0  3242  1193 1
    0  3243  1194 1
    0  3244  1195 1
    0  3245  1196 1
    0  3246  1197 1
    0  3247  1198 1
    0  3248  1199 1
    0  3249  1200 1
    0  3250  1201 1
    0  3251  1202 1
    0  3252  1203 1
    0  3253  1204 1
    0  3254  1205 1
    0  3255  1206 1
    0  3256  1207 1
    0  3257  1208 1
    0  3258  1209 1
    0  3259  1210 1
    0  3260  1211 1
    0  3261  1212 1
    0  3262  1213 1
    0  3263  1214 1
    0  3264  1215 1
    0  3265  1216 1
    0  3266  1217 1
    0  3267  1218 1
    0  3268  1219 1
    0  3269  1220 1
    0  3270  1221 1
    0  3271  1222 1
    0  3272  1223 1
    0  3273  1224 1
    0  3274  1225 1
    0  3275  1226 1
    0  3276  1227 1
    0  3277  1228 1
    0  3278  1229 1
    0  3279  1230 1
    0  3280  1231 1
    0  3281  1232 1
    0  3282  1233 1
    0  3283  1234 1
    0  3284  1235 1
    0  3285  1236 1
    0  3286  1237 1
    0  3287  1238 1
    0  3288  1239 1
    0  3289  1240 1
    0  3290  1241 1
    0  3291  1242 1
    0  3292  1243 1
    0  3293  1244 1
    0  3294  1245 1
    0  3295  1246 1
    0  3296  1247 1
    0  3297  1248 1
    0  3298  1249 1
    0  3299  1250 1
    0  3300  1251 1
    0  3301  1252 1
    0  3302  1253 1
    0  3303  1254 1
    0  3304  1255 1
    0  3305  1256 1
    0  3306  1257 1
    0  3307  1258 1
    0  3308  1259 1
    0  3309  1260 1
    0  3310  1261 1
    0  3311  1262 1
    0  3312  1263 1
    0  3313  1264 1
    0  3314  1265 1
    0  3315  1266 1
    0  3316  1267 1
    0  3317  1268 1
    0  3318  1269 1
    0  3319  1270 1
    0  3320  1271 1
    0  3321  1272 1
    0  3322  1273 1
    0  3323  1274 1
    0  3324  1275 1
    0  3325  1276 1
    0  3326  1277 1
    0  3327  1278 1
    0  3328  1279 1
    0  3329  1280 1
    0  3330  1281 1
    0  3331  1282 1
    0  3332  1283 1
    0  3333  1284 1
    0  3334  1285 1
    0  3335  1286 1
    0  3336  1287 1
    0  3337  1288 1
    0  3338  1289 1
    0  3339  1290 1
    0  3340  1291 1
    0  3341  1292 1
    0  3342  1293 1
    0  3343  1294 1
    0  3344  1295 1
    0  3345  1296 1
    0  3346  1297 1
    0  3347  1298 1
    0  3348  1299 1
    0  3349  1300 1
    0  3350  1301 1
    0  3351  1302 1
    0  3352  1303 1
    0  3353  1304 1
    0  3354  1305 1
    0  3355  1306 1
    0  3356  1307 1
    0  3357  1308 1
    0  3358  1309 1
    0  3359  1310 1
    0  3360  1311 1
    0  3361  1312 1
    0  3362  1313 1
    0  3363  1314 1
    0  3364  1315 1
    0  3365  1316 1
    0  3366  1317 1
    0  3367  1318 1
    0  3368  1319 1
    0  3369  1320 1
    0  3370  1321 1
    0  3371  1322 1
    0  3372  1323 1
    0  3373  1324 1
    0  3374  1325 1
    0  3375  1326 1
    0  3376  1327 1
    0  3377  1328 1
    0  3378  1329 1
    0  3379  1330 1
    0  3380  1331 1
    0  3381  1332 1
    0  3382  1333 1
    0  3383  1334 1
    0  3384  1335 1
    0  3385  1336 1
    0  3386  1337 1
    0  3387  1338 1
    0  3388  1339 1
    0  3389  1340 1
    0  3390  1341 1
    0  3391  1342 1
    0  3392  1343 1
    0  3393  1344 1
    0  3394  1345 1
    0  3395  1346 1
    0  3396  1347 1
    0  3397  1348 1
    0  3398  1349 1
    0  3399  1350 1
    0  3400  1351 1
    0  3401  1352 1
    0  3402  1353 1
    0  3403  1354 1
    0  3404  1355 1
    0  3405  1356 1
    0  3406  1357 1
    0  3407  1358 1
    0  3408  1359 1
    0  3409  1360 1
    0  3410  1361 1
    0  3411  1362 1
    0  3412  1363 1
    0  3413  1364 1
    0  3414  1365 1
    0  3415  1366 1
    0  3416  1367 1
    0  3417  1368 1
    0  3418  1369 1
    0  3419  1370 1
    0  3420  1371 1
    0  3421  1372 1
    0  3422  1373 1
    0  3423  1374 1
    0  3424  1375 1
    0  3425  1376 1
    0  3426  1377 1
    0  3427  1378 1
    0  3428  1379 1
    0  3429  1380 1
    0  3430  1381 1
    0  3431  1382 1
    0  3432  1383 1
    0  3433  1384 1
    0  3434  1385 1
    0  3435  1386 1
    0  3436  1387 1
    0  3437  1388 1
    0  3438  1389 1
    0  3439  1390 1
    0  3440  1391 1
    0  3441  1392 1
    0  3442  1393 1
    0  3443  1394 1
    0  3444  1395 1
    0  3445  1396 1
    0  3446  1397 1
    0  3447  1398 1
    0  3448  1399 1
    0  3449  1400 1
    0  3450  1401 1
    0  3451  1402 1
    0  3452  1403 1
    0  3453  1404 1
    0  3454  1405 1
    0  3455  1406 1
    0  3456  1407 1
    0  3457  1408 1
    0  3458  1409 1
    0  3459  1410 1
    0  3460  1411 1
    0  3461  1412 1
    0  3462  1413 1
    0  3463  1414 1
    0  3464  1415 1
    0  3465  1416 1
    0  3466  1417 1
    0  3467  1418 1
    0  3468  1419 1
    0  3469  1420 1
    0  3470  1421 1
    0  3471  1422 1
    0  3472  1423 1
    0  3473  1424 1
    0  3474  1425 1
    0  3475  1426 1
    0  3476  1427 1
    0  3477  1428 1
    0  3478  1429 1
    0  3479  1430 1
    0  3480  1431 1
    0  3481  1432 1
    0  3482  1433 1
    0  3483  1434 1
    0  3484  1435 1
    0  3485  1436 1
    0  3486  1437 1
    0  3487  1438 1
    0  3488  1439 1
    0  3489  1440 1
    0  3490  1441 1
    0  3491  1442 1
    0  3492  1443 1
    0  3493  1444 1
    0  3494  1445 1
    0  3495  1446 1
    0  3496  1447 1
    0  3497  1448 1
    0  3498  1449 1
    0  3499  1450 1
    0  3500  1451 1
    0  3501  1452 1
    0  3502  1453 1
    0  3503  1454 1
    0  3504  1455 1
    0  3505  1456 1
    0  3506  1457 1
    0  3507  1458 1
    0  3508  1459 1
    0  3509  1460 1
    0  3510  1461 1
    0  3511  1462 1
    0  3512  1463 1
    0  3513  1464 1
    0  3514  1465 1
    0  3515  1466 1
    0  3516  1467 1
    0  3517  1468 1
    0  3518  1469 1
    0  3519  1470 1
    0  3520  1471 1
    0  3521  1472 1
    0  3522  1473 1
    0  3523  1474 1
    0  3524  1475 1
    0  3525  1476 1
    0  3526  1477 1
    0  3527  1478 1
    0  3528  1479 1
    0  3529  1480 1
    0  3530  1481 1
    0  3531  1482 1
    0  3532  1483 1
    0  3533  1484 1
    0  3534  1485 1
    0  3535  1486 1
    0  3536  1487 1
    0  3537  1488 1
    0  3538  1489 1
    0  3539  1490 1
    0  3540  1491 1
    0  3541  1492 1
    0  3542  1493 1
    0  3543  1494 1
    0  3544  1495 1
    0  3545  1496 1
    0  3546  1497 1
    0  3547  1498 1
    0  3548  1499 1
    0  3549  1500 1
    0  3550  1501 1
    0  3551  1502 1
    0  3552  1503 1
    0  3553  1504 1
    0  3554  1505 1
    0  3555  1506 1
    0  3556  1507 1
    0  3557  1508 1
    0  3558  1509 1
    0  3559  1510 1
    0  3560  1511 1
    0  3561  1512 1
    0  3562  1513 1
    0  3563  1514 1
    0  3564  1515 1
    0  3565  1516 1
    0  3566  1517 1
    0  3567  1518 1
    0  3568  1519 1
    0  3569  1520 1
    0  3570  1521 1
    0  3571  1522 1
    0  3572  1523 1
    0  3573  1524 1
    0  3574  1525 1
    0  3575  1526 1
    0  3576  1527 1
    0  3577  1528 1
    0  3578  1529 1
    0  3579  1530 1
    0  3580  1531 1
    0  3581  1532 1
    0  3582  1533 1
    0  3583  1534 1
    0  3584  1535 1
    0  3585  1536 1
    0  3586  1537 1
    0  3587  1538 1
    0  3588  1539 1
    0  3589  1540 1
    0  3590  1541 1
    0  3591  1542 1
    0  3592  1543 1
    0  3593  1544 1
    0  3594  1545 1
    0  3595  1546 1
    0  3596  1547 1
    0  3597  1548 1
    0  3598  1549 1
    0  3599  1550 1
    0  3600  1551 1
    0  3601  1552 1
    0  3602  1553 1
    0  3603  1554 1
    0  3604  1555 1
    0  3605  1556 1
    0  3606  1557 1
    0  3607  1558 1
    0  3608  1559 1
    0  3609  1560 1
    0  3610  1561 1
    0  3611  1562 1
    0  3612  1563 1
    0  3613  1564 1
    0  3614  1565 1
    0  3615  1566 1
    0  3616  1567 1
    0  3617  1568 1
    0  3618  1569 1
    0  3619  1570 1
    0  3620  1571 1
    0  3621  1572 1
    0  3622  1573 1
    0  3623  1574 1
    0  3624  1575 1
    0  3625  1576 1
    0  3626  1577 1
    0  3627  1578 1
    0  3628  1579 1
    0  3629  1580 1
    0  3630  1581 1
    0  3631  1582 1
    0  3632  1583 1
    0  3633  1584 1
    0  3634  1585 1
    0  3635  1586 1
    0  3636  1587 1
    0  3637  1588 1
    0  3638  1589 1
    0  3639  1590 1
    0  3640  1591 1
    0  3641  1592 1
    0  3642  1593 1
    0  3643  1594 1
    0  3644  1595 1
    0  3645  1596 1
    0  3646  1597 1
    0  3647  1598 1
    0  3648  1599 1
    0  3649  1600 1
    0  3650  1601 1
    0  3651  1602 1
    0  3652  1603 1
    0  3653  1604 1
    0  3654  1605 1
    0  3655  1606 1
    0  3656  1607 1
    0  3657  1608 1
    0  3658  1609 1
    0  3659  1610 1
    0  3660  1611 1
    0  3661  1612 1
    0  3662  1613 1
    0  3663  1614 1
    0  3664  1615 1
    0  3665  1616 1
    0  3666  1617 1
    0  3667  1618 1
    0  3668  1619 1
    0  3669  1620 1
    0  3670  1621 1
    0  3671  1622 1
    0  3672  1623 1
    0  3673  1624 1
    0  3674  1625 1
    0  3675  1626 1
    0  3676  1627 1
    0  3677  1628 1
    0  3678  1629 1
    0  3679  1630 1
    0  3680  1631 1
    0  3681  1632 1
    0  3682  1633 1
    0  3683  1634 1
    0  3684  1635 1
    0  3685  1636 1
    0  3686  1637 1
    0  3687  1638 1
    0  3688  1639 1
    0  3689  1640 1
    0  3690  1641 1
    0  3691  1642 1
    0  3692  1643 1
    0  3693  1644 1
    0  3694  1645 1
    0  3695  1646 1
    0  3696  1647 1
    0  3697  1648 1
    0  3698  1649 1
    0  3699  1650 1
    0  3700  1651 1
    0  3701  1652 1
    0  3702  1653 1
    0  3703  1654 1
    0  3704  1655 1
    0  3705  1656 1
    0  3706  1657 1
    0  3707  1658 1
    0  3708  1659 1
    0  3709  1660 1
    0  3710  1661 1
    0  3711  1662 1
    0  3712  1663 1
    0  3713  1664 1
    0  3714  1665 1
    0  3715  1666 1
    0  3716  1667 1
    0  3717  1668 1
    0  3718  1669 1
    0  3719  1670 1
    0  3720  1671 1
    0  3721  1672 1
    0  3722  1673 1
    0  3723  1674 1
    0  3724  1675 1
    0  3725  1676 1
    0  3726  1677 1
    0  3727  1678 1
    0  3728  1679 1
    0  3729  1680 1
    0  3730  1681 1
    0  3731  1682 1
    0  3732  1683 1
    0  3733  1684 1
    0  3734  1685 1
    0  3735  1686 1
    0  3736  1687 1
    0  3737  1688 1
    0  3738  1689 1
    0  3739  1690 1
    0  3740  1691 1
    0  3741  1692 1
    0  3742  1693 1
    0  3743  1694 1
    0  3744  1695 1
    0  3745  1696 1
    0  3746  1697 1
    0  3747  1698 1
    0  3748  1699 1
    0  3749  1700 1
    0  3750  1701 1
    0  3751  1702 1
    0  3752  1703 1
    0  3753  1704 1
    0  3754  1705 1
    0  3755  1706 1
    0  3756  1707 1
    0  3757  1708 1
    0  3758  1709 1
    0  3759  1710 1
    0  3760  1711 1
    0  3761  1712 1
    0  3762  1713 1
    0  3763  1714 1
    0  3764  1715 1
    0  3765  1716 1
    0  3766  1717 1
    0  3767  1718 1
    0  3768  1719 1
    0  3769  1720 1
    0  3770  1721 1
    0  3771  1722 1
    0  3772  1723 1
    0  3773  1724 1
    0  3774  1725 1
    0  3775  1726 1
    0  3776  1727 1
    0  3777  1728 1
    0  3778  1729 1
    0  3779  1730 1
    0  3780  1731 1
    0  3781  1732 1
    0  3782  1733 1
    0  3783  1734 1
    0  3784  1735 1
    0  3785  1736 1
    0  3786  1737 1
    0  3787  1738 1
    0  3788  1739 1
    0  3789  1740 1
    0  3790  1741 1
    0  3791  1742 1
    0  3792  1743 1
    0  3793  1744 1
    0  3794  1745 1
    0  3795  1746 1
    0  3796  1747 1
    0  3797  1748 1
    0  3798  1749 1
    0  3799  1750 1
    0  3800  1751 1
    0  3801  1752 1
    0  3802  1753 1
    0  3803  1754 1
    0  3804  1755 1
    0  3805  1756 1
    0  3806  1757 1
    0  3807  1758 1
    0  3808  1759 1
    0  3809  1760 1
    0  3810  1761 1
    0  3811  1762 1
    0  3812  1763 1
    0  3813  1764 1
    0  3814  1765 1
    0  3815  1766 1
    0  3816  1767 1
    0  3817  1768 1
    0  3818  1769 1
    0  3819  1770 1
    0  3820  1771 1
    0  3821  1772 1
    0  3822  1773 1
    0  3823  1774 1
    0  3824  1775 1
    0  3825  1776 1
    0  3826  1777 1
    0  3827  1778 1
    0  3828  1779 1
    0  3829  1780 1
    0  3830  1781 1
    0  3831  1782 1
    0  3832  1783 1
    0  3833  1784 1
    0  3834  1785 1
    0  3835  1786 1
    0  3836  1787 1
    0  3837  1788 1
    0  3838  1789 1
    0  3839  1790 1
    0  3840  1791 1
    0  3841  1792 1
    0  3842  1793 1
    0  3843  1794 1
    0  3844  1795 1
    0  3845  1796 1
    0  3846  1797 1
    0  3847  1798 1
    0  3848  1799 1
    0  3849  1800 1
    0  3850  1801 1
    0  3851  1802 1
    0  3852  1803 1
    0  3853  1804 1
    0  3854  1805 1
    0  3855  1806 1
    0  3856  1807 1
    0  3857  1808 1
    0  3858  1809 1
    0  3859  1810 1
    0  3860  1811 1
    0  3861  1812 1
    0  3862  1813 1
    0  3863  1814 1
    0  3864  1815 1
    0  3865  1816 1
    0  3866  1817 1
    0  3867  1818 1
    0  3868  1819 1
    0  3869  1820 1
    0  3870  1821 1
    0  3871  1822 1
    0  3872  1823 1
    0  3873  1824 1
    0  3874  1825 1
    0  3875  1826 1
    0  3876  1827 1
    0  3877  1828 1
    0  3878  1829 1
    0  3879  1830 1
    0  3880  1831 1
    0  3881  1832 1
    0  3882  1833 1
    0  3883  1834 1
    0  3884  1835 1
    0  3885  1836 1
    0  3886  1837 1
    0  3887  1838 1
    0  3888  1839 1
    0  3889  1840 1
    0  3890  1841 1
    0  3891  1842 1
    0  3892  1843 1
    0  3893  1844 1
    0  3894  1845 1
    0  3895  1846 1
    0  3896  1847 1
    0  3897  1848 1
    0  3898  1849 1
    0  3899  1850 1
    0  3900  1851 1
    0  3901  1852 1
    0  3902  1853 1
    0  3903  1854 1
    0  3904  1855 1
    0  3905  1856 1
    0  3906  1857 1
    0  3907  1858 1
    0  3908  1859 1
    0  3909  1860 1
    0  3910  1861 1
    0  3911  1862 1
    0  3912  1863 1
    0  3913  1864 1
    0  3914  1865 1
    0  3915  1866 1
    0  3916  1867 1
    0  3917  1868 1
    0  3918  1869 1
    0  3919  1870 1
    0  3920  1871 1
    0  3921  1872 1
    0  3922  1873 1
    0  3923  1874 1
    0  3924  1875 1
    0  3925  1876 1
    0  3926  1877 1
    0  3927  1878 1
    0  3928  1879 1
    0  3929  1880 1
    0  3930  1881 1
    0  3931  1882 1
    0  3932  1883 1
    0  3933  1884 1
    0  3934  1885 1
    0  3935  1886 1
    0  3936  1887 1
    0  3937  1888 1
    0  3938  1889 1
    0  3939  1890 1
    0  3940  1891 1
    0  3941  1892 1
    0  3942  1893 1
    0  3943  1894 1
    0  3944  1895 1
    0  3945  1896 1
    0  3946  1897 1
    0  3947  1898 1
    0  3948  1899 1
    0  3949  1900 1
    0  3950  1901 1
    0  3951  1902 1
    0  3952  1903 1
    0  3953  1904 1
    0  3954  1905 1
    0  3955  1906 1
    0  3956  1907 1
    0  3957  1908 1
    0  3958  1909 1
    0  3959  1910 1
    0  3960  1911 1
    0  3961  1912 1
    0  3962  1913 1
    0  3963  1914 1
    0  3964  1915 1
    0  3965  1916 1
    0  3966  1917 1
    0  3967  1918 1
    0  3968  1919 1
    0  3969  1920 1
    0  3970  1921 1
    0  3971  1922 1
    0  3972  1923 1
    0  3973  1924 1
    0  3974  1925 1
    0  3975  1926 1
    0  3976  1927 1
    0  3977  1928 1
    0  3978  1929 1
    0  3979  1930 1
    0  3980  1931 1
    0  3981  1932 1
    0  3982  1933 1
    0  3983  1934 1
    0  3984  1935 1
    0  3985  1936 1
    0  3986  1937 1
    0  3987  1938 1
    0  3988  1939 1
    0  3989  1940 1
    0  3990  1941 1
    0  3991  1942 1
    0  3992  1943 1
    0  3993  1944 1
    0  3994  1945 1
    0  3995  1946 1
    0  3996  1947 1
    0  3997  1948 1
    0  3998  1949 1
    0  3999  1950 1
    0  4000  1951 1
    0  4001  1952 1
    0  4002  1953 1
    0  4003  1954 1
    0  4004  1955 1
    0  4005  1956 1
    0  4006  1957 1
    0  4007  1958 1
    0  4008  1959 1
    0  4009  1960 1
    0  4010  1961 1
    0  4011  1962 1
    0  4012  1963 1
    0  4013  1964 1
    0  4014  1965 1
    0  4015  1966 1
    0  4016  1967 1
    0  4017  1968 1
    0  4018  1969 1
    0  4019  1970 1
    0  4020  1971 1
    0  4021  1972 1
    0  4022  1973 1
    0  4023  1974 1
    0  4024  1975 1
    0  4025  1976 1
    0  4026  1977 1
    0  4027  1978 1
    0  4028  1979 1
    0  4029  1980 1
    0  4030  1981 1
    0  4031  1982 1
    0  4032  1983 1
    0  4033  1984 1
    0  4034  1985 1
    0  4035  1986 1
    0  4036  1987 1
    0  4037  1988 1
    0  4038  1989 1
    0  4039  1990 1
    0  4040  1991 1
    0  4041  1992 1
    0  4042  1993 1
    0  4043  1994 1
    0  4044  1995 1
    0  4045  1996 1
    0  4046  1997 1
    0  4047  1998 1
    0  4048  1999 1
    0  4049  2000 1
    0  4050  2001 1
    0  4051  2002 1
    0  4052  2003 1
    0  4053  2004 1
    0  4054  2005 1
    0  4055  2006 1
    0  4056  2007 1
    0  4057  2008 1
    0  4058  2009 1
    0  4059  2010 1
    0  4060  2011 1
    0  4061  2012 1
    0  4062  2013 1
    0  4063  2014 1
    0  4064  2015 1
    0  4065  2016 1
    0  4066  2017 1
    0  4067  2018 1
    0  4068  2019 1
    0  4069  2020 1
    0  4070  2021 1
    0  4071  2022 1
    0  4072  2023 1
    0  4073  2024 1
    0  4074  2025 1
    0  4075  2026 1
    0  4076  2027 1
    0  4077  2028 1
    0  4078  2029 1
    0  4079  2030 1
    0  4080  2031 1
    0  4081  2032 1
    0  4082  2033 1
    0  4083  2034 1
    0  4084  2035 1
    0  4085  2036 1
    0  4086  2037 1
    0  4087  2038 1
    0  4088  2039 1
    0  4089  2040 1
    0  4090  2041 1
    0  4091  2042 1
    0  4092  2043 1
    0  4093  2044 1
    0  4094  2045 1
    0  4095  2046 1
