1000
# Clk       1
# Dsts      1
# Data_Size 1
# Itvl_Flit 1000
# Itvl_Pkt  1000
# Npu       16
# Dimm      2
# Sgm       0
# Seed      1482937367
    0     0   127 1
    0     1   128 1
    0     2   129 1
    0     3   130 1
    0     4   131 1
    0     5   132 1
    0     6   133 1
    0     7   134 1
    0     8   135 1
    0     9   136 1
    0    10   137 1
    0    11   138 1
    0    12   139 1
    0    13   140 1
    0    14   141 1
    0    15   142 1
    0    16   143 1
    0    17   144 1
    0    18   145 1
    0    19   146 1
    0    20   147 1
    0    21   148 1
    0    22   149 1
    0    23   150 1
    0    24   151 1
    0    25   152 1
    0    26   153 1
    0    27   154 1
    0    28   155 1
    0    29   156 1
    0    30   157 1
    0    31   158 1
    0    32   159 1
    0    33   160 1
    0    34   161 1
    0    35   162 1
    0    36   163 1
    0    37   164 1
    0    38   165 1
    0    39   166 1
    0    40   167 1
    0    41   168 1
    0    42   169 1
    0    43   170 1
    0    44   171 1
    0    45   172 1
    0    46   173 1
    0    47   174 1
    0    48   175 1
    0    49   176 1
    0    50   177 1
    0    51   178 1
    0    52   179 1
    0    53   180 1
    0    54   181 1
    0    55   182 1
    0    56   183 1
    0    57   184 1
    0    58   185 1
    0    59   186 1
    0    60   187 1
    0    61   188 1
    0    62   189 1
    0    63   190 1
    0    64   191 1
    0    65   192 1
    0    66   193 1
    0    67   194 1
    0    68   195 1
    0    69   196 1
    0    70   197 1
    0    71   198 1
    0    72   199 1
    0    73   200 1
    0    74   201 1
    0    75   202 1
    0    76   203 1
    0    77   204 1
    0    78   205 1
    0    79   206 1
    0    80   207 1
    0    81   208 1
    0    82   209 1
    0    83   210 1
    0    84   211 1
    0    85   212 1
    0    86   213 1
    0    87   214 1
    0    88   215 1
    0    89   216 1
    0    90   217 1
    0    91   218 1
    0    92   219 1
    0    93   220 1
    0    94   221 1
    0    95   222 1
    0    96   223 1
    0    97   224 1
    0    98   225 1
    0    99   226 1
    0   100   227 1
    0   101   228 1
    0   102   229 1
    0   103   230 1
    0   104   231 1
    0   105   232 1
    0   106   233 1
    0   107   234 1
    0   108   235 1
    0   109   236 1
    0   110   237 1
    0   111   238 1
    0   112   239 1
    0   113   240 1
    0   114   241 1
    0   115   242 1
    0   116   243 1
    0   117   244 1
    0   118   245 1
    0   119   246 1
    0   120   247 1
    0   121   248 1
    0   122   249 1
    0   123   250 1
    0   124   251 1
    0   125   252 1
    0   126   253 1
    0   127   254 1
    0   128   255 1
    0   129     0 1
    0   130     1 1
    0   131     2 1
    0   132     3 1
    0   133     4 1
    0   134     5 1
    0   135     6 1
    0   136     7 1
    0   137     8 1
    0   138     9 1
    0   139    10 1
    0   140    11 1
    0   141    12 1
    0   142    13 1
    0   143    14 1
    0   144    15 1
    0   145    16 1
    0   146    17 1
    0   147    18 1
    0   148    19 1
    0   149    20 1
    0   150    21 1
    0   151    22 1
    0   152    23 1
    0   153    24 1
    0   154    25 1
    0   155    26 1
    0   156    27 1
    0   157    28 1
    0   158    29 1
    0   159    30 1
    0   160    31 1
    0   161    32 1
    0   162    33 1
    0   163    34 1
    0   164    35 1
    0   165    36 1
    0   166    37 1
    0   167    38 1
    0   168    39 1
    0   169    40 1
    0   170    41 1
    0   171    42 1
    0   172    43 1
    0   173    44 1
    0   174    45 1
    0   175    46 1
    0   176    47 1
    0   177    48 1
    0   178    49 1
    0   179    50 1
    0   180    51 1
    0   181    52 1
    0   182    53 1
    0   183    54 1
    0   184    55 1
    0   185    56 1
    0   186    57 1
    0   187    58 1
    0   188    59 1
    0   189    60 1
    0   190    61 1
    0   191    62 1
    0   192    63 1
    0   193    64 1
    0   194    65 1
    0   195    66 1
    0   196    67 1
    0   197    68 1
    0   198    69 1
    0   199    70 1
    0   200    71 1
    0   201    72 1
    0   202    73 1
    0   203    74 1
    0   204    75 1
    0   205    76 1
    0   206    77 1
    0   207    78 1
    0   208    79 1
    0   209    80 1
    0   210    81 1
    0   211    82 1
    0   212    83 1
    0   213    84 1
    0   214    85 1
    0   215    86 1
    0   216    87 1
    0   217    88 1
    0   218    89 1
    0   219    90 1
    0   220    91 1
    0   221    92 1
    0   222    93 1
    0   223    94 1
    0   224    95 1
    0   225    96 1
    0   226    97 1
    0   227    98 1
    0   228    99 1
    0   229   100 1
    0   230   101 1
    0   231   102 1
    0   232   103 1
    0   233   104 1
    0   234   105 1
    0   235   106 1
    0   236   107 1
    0   237   108 1
    0   238   109 1
    0   239   110 1
    0   240   111 1
    0   241   112 1
    0   242   113 1
    0   243   114 1
    0   244   115 1
    0   245   116 1
    0   246   117 1
    0   247   118 1
    0   248   119 1
    0   249   120 1
    0   250   121 1
    0   251   122 1
    0   252   123 1
    0   253   124 1
    0   254   125 1
    0   255   126 1
