    0     0    31 1
    0     1    32 1
    0     2    33 1
    0     3    34 1
    0     4    35 1
    0     5    36 1
    0     6    37 1
    0     7    38 1
    0     8    39 1
    0     9    40 1
    0    10    41 1
    0    11    42 1
    0    12    43 1
    0    13    44 1
    0    14    45 1
    0    15    46 1
    0    16    47 1
    0    17    48 1
    0    18    49 1
    0    19    50 1
    0    20    51 1
    0    21    52 1
    0    22    53 1
    0    23    54 1
    0    24    55 1
    0    25    56 1
    0    26    57 1
    0    27    58 1
    0    28    59 1
    0    29    60 1
    0    30    61 1
    0    31    62 1
    0    32    63 1
    0    33     0 1
    0    34     1 1
    0    35     2 1
    0    36     3 1
    0    37     4 1
    0    38     5 1
    0    39     6 1
    0    40     7 1
    0    41     8 1
    0    42     9 1
    0    43    10 1
    0    44    11 1
    0    45    12 1
    0    46    13 1
    0    47    14 1
    0    48    15 1
    0    49    16 1
    0    50    17 1
    0    51    18 1
    0    52    19 1
    0    53    20 1
    0    54    21 1
    0    55    22 1
    0    56    23 1
    0    57    24 1
    0    58    25 1
    0    59    26 1
    0    60    27 1
    0    61    28 1
    0    62    29 1
    0    63    30 1
