1000
# Clk       1
# Dsts      1
# Data_Size 1
# Itvl_Flit 1000
# Itvl_Pkt  1000
# Npu       32
# Dimm      2
# Sgm       0
# Seed      1482937399
    0     0   511 1
    0     1   512 1
    0     2   513 1
    0     3   514 1
    0     4   515 1
    0     5   516 1
    0     6   517 1
    0     7   518 1
    0     8   519 1
    0     9   520 1
    0    10   521 1
    0    11   522 1
    0    12   523 1
    0    13   524 1
    0    14   525 1
    0    15   526 1
    0    16   527 1
    0    17   528 1
    0    18   529 1
    0    19   530 1
    0    20   531 1
    0    21   532 1
    0    22   533 1
    0    23   534 1
    0    24   535 1
    0    25   536 1
    0    26   537 1
    0    27   538 1
    0    28   539 1
    0    29   540 1
    0    30   541 1
    0    31   542 1
    0    32   543 1
    0    33   544 1
    0    34   545 1
    0    35   546 1
    0    36   547 1
    0    37   548 1
    0    38   549 1
    0    39   550 1
    0    40   551 1
    0    41   552 1
    0    42   553 1
    0    43   554 1
    0    44   555 1
    0    45   556 1
    0    46   557 1
    0    47   558 1
    0    48   559 1
    0    49   560 1
    0    50   561 1
    0    51   562 1
    0    52   563 1
    0    53   564 1
    0    54   565 1
    0    55   566 1
    0    56   567 1
    0    57   568 1
    0    58   569 1
    0    59   570 1
    0    60   571 1
    0    61   572 1
    0    62   573 1
    0    63   574 1
    0    64   575 1
    0    65   576 1
    0    66   577 1
    0    67   578 1
    0    68   579 1
    0    69   580 1
    0    70   581 1
    0    71   582 1
    0    72   583 1
    0    73   584 1
    0    74   585 1
    0    75   586 1
    0    76   587 1
    0    77   588 1
    0    78   589 1
    0    79   590 1
    0    80   591 1
    0    81   592 1
    0    82   593 1
    0    83   594 1
    0    84   595 1
    0    85   596 1
    0    86   597 1
    0    87   598 1
    0    88   599 1
    0    89   600 1
    0    90   601 1
    0    91   602 1
    0    92   603 1
    0    93   604 1
    0    94   605 1
    0    95   606 1
    0    96   607 1
    0    97   608 1
    0    98   609 1
    0    99   610 1
    0   100   611 1
    0   101   612 1
    0   102   613 1
    0   103   614 1
    0   104   615 1
    0   105   616 1
    0   106   617 1
    0   107   618 1
    0   108   619 1
    0   109   620 1
    0   110   621 1
    0   111   622 1
    0   112   623 1
    0   113   624 1
    0   114   625 1
    0   115   626 1
    0   116   627 1
    0   117   628 1
    0   118   629 1
    0   119   630 1
    0   120   631 1
    0   121   632 1
    0   122   633 1
    0   123   634 1
    0   124   635 1
    0   125   636 1
    0   126   637 1
    0   127   638 1
    0   128   639 1
    0   129   640 1
    0   130   641 1
    0   131   642 1
    0   132   643 1
    0   133   644 1
    0   134   645 1
    0   135   646 1
    0   136   647 1
    0   137   648 1
    0   138   649 1
    0   139   650 1
    0   140   651 1
    0   141   652 1
    0   142   653 1
    0   143   654 1
    0   144   655 1
    0   145   656 1
    0   146   657 1
    0   147   658 1
    0   148   659 1
    0   149   660 1
    0   150   661 1
    0   151   662 1
    0   152   663 1
    0   153   664 1
    0   154   665 1
    0   155   666 1
    0   156   667 1
    0   157   668 1
    0   158   669 1
    0   159   670 1
    0   160   671 1
    0   161   672 1
    0   162   673 1
    0   163   674 1
    0   164   675 1
    0   165   676 1
    0   166   677 1
    0   167   678 1
    0   168   679 1
    0   169   680 1
    0   170   681 1
    0   171   682 1
    0   172   683 1
    0   173   684 1
    0   174   685 1
    0   175   686 1
    0   176   687 1
    0   177   688 1
    0   178   689 1
    0   179   690 1
    0   180   691 1
    0   181   692 1
    0   182   693 1
    0   183   694 1
    0   184   695 1
    0   185   696 1
    0   186   697 1
    0   187   698 1
    0   188   699 1
    0   189   700 1
    0   190   701 1
    0   191   702 1
    0   192   703 1
    0   193   704 1
    0   194   705 1
    0   195   706 1
    0   196   707 1
    0   197   708 1
    0   198   709 1
    0   199   710 1
    0   200   711 1
    0   201   712 1
    0   202   713 1
    0   203   714 1
    0   204   715 1
    0   205   716 1
    0   206   717 1
    0   207   718 1
    0   208   719 1
    0   209   720 1
    0   210   721 1
    0   211   722 1
    0   212   723 1
    0   213   724 1
    0   214   725 1
    0   215   726 1
    0   216   727 1
    0   217   728 1
    0   218   729 1
    0   219   730 1
    0   220   731 1
    0   221   732 1
    0   222   733 1
    0   223   734 1
    0   224   735 1
    0   225   736 1
    0   226   737 1
    0   227   738 1
    0   228   739 1
    0   229   740 1
    0   230   741 1
    0   231   742 1
    0   232   743 1
    0   233   744 1
    0   234   745 1
    0   235   746 1
    0   236   747 1
    0   237   748 1
    0   238   749 1
    0   239   750 1
    0   240   751 1
    0   241   752 1
    0   242   753 1
    0   243   754 1
    0   244   755 1
    0   245   756 1
    0   246   757 1
    0   247   758 1
    0   248   759 1
    0   249   760 1
    0   250   761 1
    0   251   762 1
    0   252   763 1
    0   253   764 1
    0   254   765 1
    0   255   766 1
    0   256   767 1
    0   257   768 1
    0   258   769 1
    0   259   770 1
    0   260   771 1
    0   261   772 1
    0   262   773 1
    0   263   774 1
    0   264   775 1
    0   265   776 1
    0   266   777 1
    0   267   778 1
    0   268   779 1
    0   269   780 1
    0   270   781 1
    0   271   782 1
    0   272   783 1
    0   273   784 1
    0   274   785 1
    0   275   786 1
    0   276   787 1
    0   277   788 1
    0   278   789 1
    0   279   790 1
    0   280   791 1
    0   281   792 1
    0   282   793 1
    0   283   794 1
    0   284   795 1
    0   285   796 1
    0   286   797 1
    0   287   798 1
    0   288   799 1
    0   289   800 1
    0   290   801 1
    0   291   802 1
    0   292   803 1
    0   293   804 1
    0   294   805 1
    0   295   806 1
    0   296   807 1
    0   297   808 1
    0   298   809 1
    0   299   810 1
    0   300   811 1
    0   301   812 1
    0   302   813 1
    0   303   814 1
    0   304   815 1
    0   305   816 1
    0   306   817 1
    0   307   818 1
    0   308   819 1
    0   309   820 1
    0   310   821 1
    0   311   822 1
    0   312   823 1
    0   313   824 1
    0   314   825 1
    0   315   826 1
    0   316   827 1
    0   317   828 1
    0   318   829 1
    0   319   830 1
    0   320   831 1
    0   321   832 1
    0   322   833 1
    0   323   834 1
    0   324   835 1
    0   325   836 1
    0   326   837 1
    0   327   838 1
    0   328   839 1
    0   329   840 1
    0   330   841 1
    0   331   842 1
    0   332   843 1
    0   333   844 1
    0   334   845 1
    0   335   846 1
    0   336   847 1
    0   337   848 1
    0   338   849 1
    0   339   850 1
    0   340   851 1
    0   341   852 1
    0   342   853 1
    0   343   854 1
    0   344   855 1
    0   345   856 1
    0   346   857 1
    0   347   858 1
    0   348   859 1
    0   349   860 1
    0   350   861 1
    0   351   862 1
    0   352   863 1
    0   353   864 1
    0   354   865 1
    0   355   866 1
    0   356   867 1
    0   357   868 1
    0   358   869 1
    0   359   870 1
    0   360   871 1
    0   361   872 1
    0   362   873 1
    0   363   874 1
    0   364   875 1
    0   365   876 1
    0   366   877 1
    0   367   878 1
    0   368   879 1
    0   369   880 1
    0   370   881 1
    0   371   882 1
    0   372   883 1
    0   373   884 1
    0   374   885 1
    0   375   886 1
    0   376   887 1
    0   377   888 1
    0   378   889 1
    0   379   890 1
    0   380   891 1
    0   381   892 1
    0   382   893 1
    0   383   894 1
    0   384   895 1
    0   385   896 1
    0   386   897 1
    0   387   898 1
    0   388   899 1
    0   389   900 1
    0   390   901 1
    0   391   902 1
    0   392   903 1
    0   393   904 1
    0   394   905 1
    0   395   906 1
    0   396   907 1
    0   397   908 1
    0   398   909 1
    0   399   910 1
    0   400   911 1
    0   401   912 1
    0   402   913 1
    0   403   914 1
    0   404   915 1
    0   405   916 1
    0   406   917 1
    0   407   918 1
    0   408   919 1
    0   409   920 1
    0   410   921 1
    0   411   922 1
    0   412   923 1
    0   413   924 1
    0   414   925 1
    0   415   926 1
    0   416   927 1
    0   417   928 1
    0   418   929 1
    0   419   930 1
    0   420   931 1
    0   421   932 1
    0   422   933 1
    0   423   934 1
    0   424   935 1
    0   425   936 1
    0   426   937 1
    0   427   938 1
    0   428   939 1
    0   429   940 1
    0   430   941 1
    0   431   942 1
    0   432   943 1
    0   433   944 1
    0   434   945 1
    0   435   946 1
    0   436   947 1
    0   437   948 1
    0   438   949 1
    0   439   950 1
    0   440   951 1
    0   441   952 1
    0   442   953 1
    0   443   954 1
    0   444   955 1
    0   445   956 1
    0   446   957 1
    0   447   958 1
    0   448   959 1
    0   449   960 1
    0   450   961 1
    0   451   962 1
    0   452   963 1
    0   453   964 1
    0   454   965 1
    0   455   966 1
    0   456   967 1
    0   457   968 1
    0   458   969 1
    0   459   970 1
    0   460   971 1
    0   461   972 1
    0   462   973 1
    0   463   974 1
    0   464   975 1
    0   465   976 1
    0   466   977 1
    0   467   978 1
    0   468   979 1
    0   469   980 1
    0   470   981 1
    0   471   982 1
    0   472   983 1
    0   473   984 1
    0   474   985 1
    0   475   986 1
    0   476   987 1
    0   477   988 1
    0   478   989 1
    0   479   990 1
    0   480   991 1
    0   481   992 1
    0   482   993 1
    0   483   994 1
    0   484   995 1
    0   485   996 1
    0   486   997 1
    0   487   998 1
    0   488   999 1
    0   489  1000 1
    0   490  1001 1
    0   491  1002 1
    0   492  1003 1
    0   493  1004 1
    0   494  1005 1
    0   495  1006 1
    0   496  1007 1
    0   497  1008 1
    0   498  1009 1
    0   499  1010 1
    0   500  1011 1
    0   501  1012 1
    0   502  1013 1
    0   503  1014 1
    0   504  1015 1
    0   505  1016 1
    0   506  1017 1
    0   507  1018 1
    0   508  1019 1
    0   509  1020 1
    0   510  1021 1
    0   511  1022 1
    0   512  1023 1
    0   513     0 1
    0   514     1 1
    0   515     2 1
    0   516     3 1
    0   517     4 1
    0   518     5 1
    0   519     6 1
    0   520     7 1
    0   521     8 1
    0   522     9 1
    0   523    10 1
    0   524    11 1
    0   525    12 1
    0   526    13 1
    0   527    14 1
    0   528    15 1
    0   529    16 1
    0   530    17 1
    0   531    18 1
    0   532    19 1
    0   533    20 1
    0   534    21 1
    0   535    22 1
    0   536    23 1
    0   537    24 1
    0   538    25 1
    0   539    26 1
    0   540    27 1
    0   541    28 1
    0   542    29 1
    0   543    30 1
    0   544    31 1
    0   545    32 1
    0   546    33 1
    0   547    34 1
    0   548    35 1
    0   549    36 1
    0   550    37 1
    0   551    38 1
    0   552    39 1
    0   553    40 1
    0   554    41 1
    0   555    42 1
    0   556    43 1
    0   557    44 1
    0   558    45 1
    0   559    46 1
    0   560    47 1
    0   561    48 1
    0   562    49 1
    0   563    50 1
    0   564    51 1
    0   565    52 1
    0   566    53 1
    0   567    54 1
    0   568    55 1
    0   569    56 1
    0   570    57 1
    0   571    58 1
    0   572    59 1
    0   573    60 1
    0   574    61 1
    0   575    62 1
    0   576    63 1
    0   577    64 1
    0   578    65 1
    0   579    66 1
    0   580    67 1
    0   581    68 1
    0   582    69 1
    0   583    70 1
    0   584    71 1
    0   585    72 1
    0   586    73 1
    0   587    74 1
    0   588    75 1
    0   589    76 1
    0   590    77 1
    0   591    78 1
    0   592    79 1
    0   593    80 1
    0   594    81 1
    0   595    82 1
    0   596    83 1
    0   597    84 1
    0   598    85 1
    0   599    86 1
    0   600    87 1
    0   601    88 1
    0   602    89 1
    0   603    90 1
    0   604    91 1
    0   605    92 1
    0   606    93 1
    0   607    94 1
    0   608    95 1
    0   609    96 1
    0   610    97 1
    0   611    98 1
    0   612    99 1
    0   613   100 1
    0   614   101 1
    0   615   102 1
    0   616   103 1
    0   617   104 1
    0   618   105 1
    0   619   106 1
    0   620   107 1
    0   621   108 1
    0   622   109 1
    0   623   110 1
    0   624   111 1
    0   625   112 1
    0   626   113 1
    0   627   114 1
    0   628   115 1
    0   629   116 1
    0   630   117 1
    0   631   118 1
    0   632   119 1
    0   633   120 1
    0   634   121 1
    0   635   122 1
    0   636   123 1
    0   637   124 1
    0   638   125 1
    0   639   126 1
    0   640   127 1
    0   641   128 1
    0   642   129 1
    0   643   130 1
    0   644   131 1
    0   645   132 1
    0   646   133 1
    0   647   134 1
    0   648   135 1
    0   649   136 1
    0   650   137 1
    0   651   138 1
    0   652   139 1
    0   653   140 1
    0   654   141 1
    0   655   142 1
    0   656   143 1
    0   657   144 1
    0   658   145 1
    0   659   146 1
    0   660   147 1
    0   661   148 1
    0   662   149 1
    0   663   150 1
    0   664   151 1
    0   665   152 1
    0   666   153 1
    0   667   154 1
    0   668   155 1
    0   669   156 1
    0   670   157 1
    0   671   158 1
    0   672   159 1
    0   673   160 1
    0   674   161 1
    0   675   162 1
    0   676   163 1
    0   677   164 1
    0   678   165 1
    0   679   166 1
    0   680   167 1
    0   681   168 1
    0   682   169 1
    0   683   170 1
    0   684   171 1
    0   685   172 1
    0   686   173 1
    0   687   174 1
    0   688   175 1
    0   689   176 1
    0   690   177 1
    0   691   178 1
    0   692   179 1
    0   693   180 1
    0   694   181 1
    0   695   182 1
    0   696   183 1
    0   697   184 1
    0   698   185 1
    0   699   186 1
    0   700   187 1
    0   701   188 1
    0   702   189 1
    0   703   190 1
    0   704   191 1
    0   705   192 1
    0   706   193 1
    0   707   194 1
    0   708   195 1
    0   709   196 1
    0   710   197 1
    0   711   198 1
    0   712   199 1
    0   713   200 1
    0   714   201 1
    0   715   202 1
    0   716   203 1
    0   717   204 1
    0   718   205 1
    0   719   206 1
    0   720   207 1
    0   721   208 1
    0   722   209 1
    0   723   210 1
    0   724   211 1
    0   725   212 1
    0   726   213 1
    0   727   214 1
    0   728   215 1
    0   729   216 1
    0   730   217 1
    0   731   218 1
    0   732   219 1
    0   733   220 1
    0   734   221 1
    0   735   222 1
    0   736   223 1
    0   737   224 1
    0   738   225 1
    0   739   226 1
    0   740   227 1
    0   741   228 1
    0   742   229 1
    0   743   230 1
    0   744   231 1
    0   745   232 1
    0   746   233 1
    0   747   234 1
    0   748   235 1
    0   749   236 1
    0   750   237 1
    0   751   238 1
    0   752   239 1
    0   753   240 1
    0   754   241 1
    0   755   242 1
    0   756   243 1
    0   757   244 1
    0   758   245 1
    0   759   246 1
    0   760   247 1
    0   761   248 1
    0   762   249 1
    0   763   250 1
    0   764   251 1
    0   765   252 1
    0   766   253 1
    0   767   254 1
    0   768   255 1
    0   769   256 1
    0   770   257 1
    0   771   258 1
    0   772   259 1
    0   773   260 1
    0   774   261 1
    0   775   262 1
    0   776   263 1
    0   777   264 1
    0   778   265 1
    0   779   266 1
    0   780   267 1
    0   781   268 1
    0   782   269 1
    0   783   270 1
    0   784   271 1
    0   785   272 1
    0   786   273 1
    0   787   274 1
    0   788   275 1
    0   789   276 1
    0   790   277 1
    0   791   278 1
    0   792   279 1
    0   793   280 1
    0   794   281 1
    0   795   282 1
    0   796   283 1
    0   797   284 1
    0   798   285 1
    0   799   286 1
    0   800   287 1
    0   801   288 1
    0   802   289 1
    0   803   290 1
    0   804   291 1
    0   805   292 1
    0   806   293 1
    0   807   294 1
    0   808   295 1
    0   809   296 1
    0   810   297 1
    0   811   298 1
    0   812   299 1
    0   813   300 1
    0   814   301 1
    0   815   302 1
    0   816   303 1
    0   817   304 1
    0   818   305 1
    0   819   306 1
    0   820   307 1
    0   821   308 1
    0   822   309 1
    0   823   310 1
    0   824   311 1
    0   825   312 1
    0   826   313 1
    0   827   314 1
    0   828   315 1
    0   829   316 1
    0   830   317 1
    0   831   318 1
    0   832   319 1
    0   833   320 1
    0   834   321 1
    0   835   322 1
    0   836   323 1
    0   837   324 1
    0   838   325 1
    0   839   326 1
    0   840   327 1
    0   841   328 1
    0   842   329 1
    0   843   330 1
    0   844   331 1
    0   845   332 1
    0   846   333 1
    0   847   334 1
    0   848   335 1
    0   849   336 1
    0   850   337 1
    0   851   338 1
    0   852   339 1
    0   853   340 1
    0   854   341 1
    0   855   342 1
    0   856   343 1
    0   857   344 1
    0   858   345 1
    0   859   346 1
    0   860   347 1
    0   861   348 1
    0   862   349 1
    0   863   350 1
    0   864   351 1
    0   865   352 1
    0   866   353 1
    0   867   354 1
    0   868   355 1
    0   869   356 1
    0   870   357 1
    0   871   358 1
    0   872   359 1
    0   873   360 1
    0   874   361 1
    0   875   362 1
    0   876   363 1
    0   877   364 1
    0   878   365 1
    0   879   366 1
    0   880   367 1
    0   881   368 1
    0   882   369 1
    0   883   370 1
    0   884   371 1
    0   885   372 1
    0   886   373 1
    0   887   374 1
    0   888   375 1
    0   889   376 1
    0   890   377 1
    0   891   378 1
    0   892   379 1
    0   893   380 1
    0   894   381 1
    0   895   382 1
    0   896   383 1
    0   897   384 1
    0   898   385 1
    0   899   386 1
    0   900   387 1
    0   901   388 1
    0   902   389 1
    0   903   390 1
    0   904   391 1
    0   905   392 1
    0   906   393 1
    0   907   394 1
    0   908   395 1
    0   909   396 1
    0   910   397 1
    0   911   398 1
    0   912   399 1
    0   913   400 1
    0   914   401 1
    0   915   402 1
    0   916   403 1
    0   917   404 1
    0   918   405 1
    0   919   406 1
    0   920   407 1
    0   921   408 1
    0   922   409 1
    0   923   410 1
    0   924   411 1
    0   925   412 1
    0   926   413 1
    0   927   414 1
    0   928   415 1
    0   929   416 1
    0   930   417 1
    0   931   418 1
    0   932   419 1
    0   933   420 1
    0   934   421 1
    0   935   422 1
    0   936   423 1
    0   937   424 1
    0   938   425 1
    0   939   426 1
    0   940   427 1
    0   941   428 1
    0   942   429 1
    0   943   430 1
    0   944   431 1
    0   945   432 1
    0   946   433 1
    0   947   434 1
    0   948   435 1
    0   949   436 1
    0   950   437 1
    0   951   438 1
    0   952   439 1
    0   953   440 1
    0   954   441 1
    0   955   442 1
    0   956   443 1
    0   957   444 1
    0   958   445 1
    0   959   446 1
    0   960   447 1
    0   961   448 1
    0   962   449 1
    0   963   450 1
    0   964   451 1
    0   965   452 1
    0   966   453 1
    0   967   454 1
    0   968   455 1
    0   969   456 1
    0   970   457 1
    0   971   458 1
    0   972   459 1
    0   973   460 1
    0   974   461 1
    0   975   462 1
    0   976   463 1
    0   977   464 1
    0   978   465 1
    0   979   466 1
    0   980   467 1
    0   981   468 1
    0   982   469 1
    0   983   470 1
    0   984   471 1
    0   985   472 1
    0   986   473 1
    0   987   474 1
    0   988   475 1
    0   989   476 1
    0   990   477 1
    0   991   478 1
    0   992   479 1
    0   993   480 1
    0   994   481 1
    0   995   482 1
    0   996   483 1
    0   997   484 1
    0   998   485 1
    0   999   486 1
    0  1000   487 1
    0  1001   488 1
    0  1002   489 1
    0  1003   490 1
    0  1004   491 1
    0  1005   492 1
    0  1006   493 1
    0  1007   494 1
    0  1008   495 1
    0  1009   496 1
    0  1010   497 1
    0  1011   498 1
    0  1012   499 1
    0  1013   500 1
    0  1014   501 1
    0  1015   502 1
    0  1016   503 1
    0  1017   504 1
    0  1018   505 1
    0  1019   506 1
    0  1020   507 1
    0  1021   508 1
    0  1022   509 1
    0  1023   510 1
