    0     0    47 1
    0     1   178 1
    0     2   109 1
    0     3   181 1
    0     4    95 1
    0     5   154 1
    0     6   236 1
    0     7   142 1
    0     8   210 1
    0     9   246 1
    0    10   234 1
    0    11   234 1
    0    12   219 1
    0    13   162 1
    0    14     6 1
    0    15    44 1
    0    16    72 1
    0    17    62 1
    0    18    49 1
    0    19   250 1
    0    20   247 1
    0    21   174 1
    0    22    89 1
    0    23   125 1
    0    24   171 1
    0    25   250 1
    0    26    40 1
    0    27   106 1
    0    28    90 1
    0    29    58 1
    0    30   254 1
    0    31   164 1
    0    32    83 1
    0    33   244 1
    0    34   223 1
    0    35   145 1
    0    36   202 1
    0    37   202 1
    0    38    77 1
    0    39   231 1
    0    40    82 1
    0    41   118 1
    0    42   112 1
    0    43   178 1
    0    44   166 1
    0    45   135 1
    0    46   214 1
    0    47     3 1
    0    48   135 1
    0    49     5 1
    0    50    29 1
    0    51   197 1
    0    52   246 1
    0    53    37 1
    0    54   254 1
    0    55   178 1
    0    56   104 1
    0    57   186 1
    0    58   101 1
    0    59   214 1
    0    60   109 1
    0    61   205 1
    0    62   168 1
    0    63   125 1
    0    64   144 1
    0    65   213 1
    0    66   140 1
    0    67   172 1
    0    68   160 1
    0    69    19 1
    0    70    71 1
    0    71   191 1
    0    72   171 1
    0    73    86 1
    0    74    69 1
    0    75   156 1
    0    76   203 1
    0    77   237 1
    0    78   167 1
    0    79   149 1
    0    80     5 1
    0    81   151 1
    0    82    66 1
    0    83    50 1
    0    84   101 1
    0    85   136 1
    0    86   242 1
    0    87   127 1
    0    88   119 1
    0    89   125 1
    0    90   245 1
    0    91   171 1
    0    92   154 1
    0    93   109 1
    0    94   190 1
    0    95    75 1
    0    96   209 1
    0    97   195 1
    0    98    33 1
    0    99    19 1
    0   100    98 1
    0   101   186 1
    0   102   123 1
    0   103   231 1
    0   104    39 1
    0   105   223 1
    0   106   198 1
    0   107    53 1
    0   108   189 1
    0   109   111 1
    0   110    39 1
    0   111   207 1
    0   112   186 1
    0   113   165 1
    0   114   139 1
    0   115   119 1
    0   116   229 1
    0   117   173 1
    0   118    15 1
    0   119   161 1
    0   120    30 1
    0   121    64 1
    0   122     3 1
    0   123    25 1
    0   124     0 1
    0   125   136 1
    0   126    76 1
    0   127   190 1
    0   128   126 1
    0   129    90 1
    0   130    34 1
    0   131   100 1
    0   132   243 1
    0   133   148 1
    0   134   192 1
    0   135   166 1
    0   136   156 1
    0   137    74 1
    0   138   163 1
    0   139   173 1
    0   140   104 1
    0   141   128 1
    0   142   169 1
    0   143    45 1
    0   144    35 1
    0   145   239 1
    0   146   142 1
    0   147    58 1
    0   148    42 1
    0   149    76 1
    0   150    66 1
    0   151   139 1
    0   152   115 1
    0   153   172 1
    0   154   148 1
    0   155    18 1
    0   156    92 1
    0   157   128 1
    0   158   249 1
    0   159   114 1
    0   160   139 1
    0   161   121 1
    0   162   215 1
    0   163   183 1
    0   164    92 1
    0   165   174 1
    0   166   121 1
    0   167   240 1
    0   168   244 1
    0   169    39 1
    0   170   100 1
    0   171   252 1
    0   172    77 1
    0   173   156 1
    0   174    44 1
    0   175   200 1
    0   176   200 1
    0   177    58 1
    0   178    52 1
    0   179    89 1
    0   180    65 1
    0   181    16 1
    0   182   193 1
    0   183   187 1
    0   184    29 1
    0   185   175 1
    0   186     1 1
    0   187    95 1
    0   188    81 1
    0   189   109 1
    0   190   105 1
    0   191   167 1
    0   192   165 1
    0   193   221 1
    0   194   135 1
    0   195   192 1
    0   196   247 1
    0   197   200 1
    0   198   182 1
    0   199     4 1
    0   200   146 1
    0   201   244 1
    0   202   221 1
    0   203    99 1
    0   204   178 1
    0   205    62 1
    0   206   174 1
    0   207   187 1
    0   208   191 1
    0   209   140 1
    0   210    71 1
    0   211   172 1
    0   212   246 1
    0   213     0 1
    0   214   165 1
    0   215     9 1
    0   216    60 1
    0   217   205 1
    0   218   150 1
    0   219    93 1
    0   220   166 1
    0   221    79 1
    0   222    50 1
    0   223   183 1
    0   224   122 1
    0   225   139 1
    0   226   155 1
    0   227    39 1
    0   228   191 1
    0   229   128 1
    0   230   122 1
    0   231   230 1
    0   232   163 1
    0   233   154 1
    0   234   239 1
    0   235   191 1
    0   236    14 1
    0   237   226 1
    0   238   168 1
    0   239   231 1
    0   240   213 1
    0   241   179 1
    0   242   250 1
    0   243   124 1
    0   244    91 1
    0   245   186 1
    0   246   215 1
    0   247   238 1
    0   248    85 1
    0   249   208 1
    0   250   157 1
    0   251   240 1
    0   252   198 1
    0   253    89 1
    0   254     0 1
    0   255   223 1
