1000
# Clk       1
# Dsts      1
# Data_Size 1
# Itvl_Flit 1000
# Itvl_Pkt  1000
# Npu       8
# Dimm      2
# Sgm       0
# Seed      1482677209
    0     0    49 1
    0     1    48 1
    0     2    49 1
    0     3    62 1
    0     4    62 1
    0     5    37 1
    0     6    42 1
    0     7    54 1
    0     8     7 1
    0     9    18 1
    0    10    48 1
    0    11    45 1
    0    12    29 1
    0    13    40 1
    0    14    41 1
    0    15    61 1
    0    16    36 1
    0    17    36 1
    0    18    35 1
    0    19     3 1
    0    20    31 1
    0    21    34 1
    0    22    52 1
    0    23    11 1
    0    24     6 1
    0    25    34 1
    0    26    61 1
    0    27    28 1
    0    28    23 1
    0    29    40 1
    0    30    43 1
    0    31    13 1
    0    32    54 1
    0    33    26 1
    0    34    28 1
    0    35     9 1
    0    36    22 1
    0    37    41 1
    0    38    52 1
    0    39    36 1
    0    40    22 1
    0    41    56 1
    0    42    62 1
    0    43    62 1
    0    44    51 1
    0    45    55 1
    0    46    11 1
    0    47     4 1
    0    48    19 1
    0    49     4 1
    0    50    23 1
    0    51     2 1
    0    52    23 1
    0    53    60 1
    0    54    27 1
    0    55    54 1
    0    56    57 1
    0    57    56 1
    0    58    32 1
    0    59     0 1
    0    60    41 1
    0    61    32 1
    0    62    35 1
    0    63     6 1
