    0     0  3482 1
    0     1   560 1
    0     2  3123 1
    0     3  1953 1
    0     4  3412 1
    0     5   566 1
    0     6  3884 1
    0     7  3361 1
    0     8   281 1
    0     9    95 1
    0    10  2369 1
    0    11  3351 1
    0    12  1814 1
    0    13   951 1
    0    14  3867 1
    0    15   190 1
    0    16  2636 1
    0    17  1950 1
    0    18   490 1
    0    19  2080 1
    0    20  3123 1
    0    21  2293 1
    0    22  2090 1
    0    23   993 1
    0    24  3096 1
    0    25   657 1
    0    26  3082 1
    0    27  2713 1
    0    28   608 1
    0    29  2718 1
    0    30  3469 1
    0    31  1477 1
    0    32  2044 1
    0    33  3931 1
    0    34  3708 1
    0    35  1721 1
    0    36  1685 1
    0    37  1561 1
    0    38   661 1
    0    39  3865 1
    0    40  3380 1
    0    41  1479 1
    0    42  1478 1
    0    43  1946 1
    0    44   360 1
    0    45  2354 1
    0    46  1741 1
    0    47  3019 1
    0    48  3454 1
    0    49   790 1
    0    50  2087 1
    0    51   116 1
    0    52   510 1
    0    53  3688 1
    0    54  2023 1
    0    55  1165 1
    0    56  2276 1
    0    57  2822 1
    0    58  1393 1
    0    59   412 1
    0    60   830 1
    0    61  1439 1
    0    62   221 1
    0    63  2263 1
    0    64   567 1
    0    65  2362 1
    0    66  2479 1
    0    67  3541 1
    0    68   160 1
    0    69  2314 1
    0    70  2911 1
    0    71  1974 1
    0    72  1232 1
    0    73  3716 1
    0    74  3680 1
    0    75  3654 1
    0    76  4086 1
    0    77  3745 1
    0    78  2261 1
    0    79  1018 1
    0    80   355 1
    0    81  2661 1
    0    82  1462 1
    0    83  4072 1
    0    84  1059 1
    0    85   874 1
    0    86  2806 1
    0    87  3827 1
    0    88  2978 1
    0    89  2607 1
    0    90  1291 1
    0    91  2585 1
    0    92  2505 1
    0    93  1920 1
    0    94  2344 1
    0    95  1016 1
    0    96  3239 1
    0    97  1323 1
    0    98  2135 1
    0    99  2910 1
    0   100  2706 1
    0   101  1959 1
    0   102  1930 1
    0   103  3772 1
    0   104  3845 1
    0   105  3912 1
    0   106  1873 1
    0   107  3917 1
    0   108  3512 1
    0   109   984 1
    0   110  3785 1
    0   111  1666 1
    0   112   173 1
    0   113   679 1
    0   114  3676 1
    0   115  3825 1
    0   116  1316 1
    0   117   290 1
    0   118   140 1
    0   119  2276 1
    0   120  1177 1
    0   121  2971 1
    0   122   362 1
    0   123  1003 1
    0   124  3440 1
    0   125   204 1
    0   126   889 1
    0   127    20 1
    0   128   678 1
    0   129   636 1
    0   130  3402 1
    0   131  1524 1
    0   132  3261 1
    0   133  3759 1
    0   134   908 1
    0   135   526 1
    0   136  3761 1
    0   137   743 1
    0   138  1264 1
    0   139   557 1
    0   140    93 1
    0   141  3364 1
    0   142  1954 1
    0   143  2167 1
    0   144   378 1
    0   145  2255 1
    0   146  2989 1
    0   147  3145 1
    0   148  3059 1
    0   149  1551 1
    0   150  1002 1
    0   151   846 1
    0   152  1449 1
    0   153  2314 1
    0   154  2872 1
    0   155   572 1
    0   156  3482 1
    0   157  1530 1
    0   158  2546 1
    0   159  3082 1
    0   160  2425 1
    0   161  3266 1
    0   162  3299 1
    0   163  3247 1
    0   164  2667 1
    0   165    48 1
    0   166   761 1
    0   167   530 1
    0   168  2731 1
    0   169  3448 1
    0   170    95 1
    0   171    84 1
    0   172  1188 1
    0   173   372 1
    0   174  3869 1
    0   175  3543 1
    0   176  3425 1
    0   177  2576 1
    0   178  1974 1
    0   179  1663 1
    0   180  2391 1
    0   181  2498 1
    0   182  1267 1
    0   183  3177 1
    0   184   167 1
    0   185  3224 1
    0   186  2128 1
    0   187  3692 1
    0   188  3745 1
    0   189  1320 1
    0   190    18 1
    0   191  2690 1
    0   192  2945 1
    0   193  3147 1
    0   194   798 1
    0   195  3062 1
    0   196  1263 1
    0   197  1995 1
    0   198   765 1
    0   199  2981 1
    0   200  3159 1
    0   201  3979 1
    0   202   784 1
    0   203  1113 1
    0   204  1530 1
    0   205  2474 1
    0   206  2277 1
    0   207    41 1
    0   208  2513 1
    0   209  3669 1
    0   210  2164 1
    0   211  3595 1
    0   212   681 1
    0   213   931 1
    0   214  3729 1
    0   215   891 1
    0   216    26 1
    0   217  1785 1
    0   218  2478 1
    0   219  1435 1
    0   220  1575 1
    0   221   235 1
    0   222  1744 1
    0   223   839 1
    0   224  1991 1
    0   225  3231 1
    0   226  3691 1
    0   227  3812 1
    0   228  2057 1
    0   229  1543 1
    0   230  3752 1
    0   231  1956 1
    0   232  3197 1
    0   233   362 1
    0   234   280 1
    0   235  1990 1
    0   236  2424 1
    0   237  2277 1
    0   238  1939 1
    0   239  3230 1
    0   240  2242 1
    0   241  3270 1
    0   242  1052 1
    0   243  2052 1
    0   244  2522 1
    0   245  3274 1
    0   246   738 1
    0   247  1564 1
    0   248   567 1
    0   249   450 1
    0   250  1066 1
    0   251  2227 1
    0   252  3755 1
    0   253  2091 1
    0   254   127 1
    0   255    66 1
    0   256  3537 1
    0   257   270 1
    0   258  1900 1
    0   259  1335 1
    0   260  1941 1
    0   261  2732 1
    0   262  3338 1
    0   263  2048 1
    0   264  1653 1
    0   265  3694 1
    0   266  2642 1
    0   267  1903 1
    0   268  1057 1
    0   269  1519 1
    0   270  1921 1
    0   271   467 1
    0   272  2483 1
    0   273   608 1
    0   274  1590 1
    0   275  2388 1
    0   276  2769 1
    0   277  1262 1
    0   278  1344 1
    0   279  3872 1
    0   280  3640 1
    0   281  1480 1
    0   282  1026 1
    0   283  1803 1
    0   284  2685 1
    0   285   783 1
    0   286  3202 1
    0   287  3573 1
    0   288  3533 1
    0   289  3916 1
    0   290  3435 1
    0   291  1498 1
    0   292  1675 1
    0   293  1593 1
    0   294   282 1
    0   295  2661 1
    0   296  2467 1
    0   297  2143 1
    0   298  2649 1
    0   299  1624 1
    0   300  1151 1
    0   301  3501 1
    0   302  1377 1
    0   303  1302 1
    0   304   764 1
    0   305   671 1
    0   306  3462 1
    0   307   650 1
    0   308  1551 1
    0   309   600 1
    0   310  2575 1
    0   311  3836 1
    0   312  3071 1
    0   313  3463 1
    0   314   829 1
    0   315  2965 1
    0   316  3575 1
    0   317  3323 1
    0   318   730 1
    0   319  1939 1
    0   320  1283 1
    0   321  2087 1
    0   322  4016 1
    0   323  1526 1
    0   324  3927 1
    0   325  2662 1
    0   326   883 1
    0   327  2162 1
    0   328   325 1
    0   329  2795 1
    0   330  3913 1
    0   331  1840 1
    0   332  1923 1
    0   333  1702 1
    0   334  2227 1
    0   335  1861 1
    0   336  2923 1
    0   337  2606 1
    0   338  2754 1
    0   339  1073 1
    0   340   176 1
    0   341  1264 1
    0   342  1123 1
    0   343  1479 1
    0   344  1546 1
    0   345  2972 1
    0   346  2768 1
    0   347  1182 1
    0   348  2318 1
    0   349   926 1
    0   350  1907 1
    0   351  1692 1
    0   352  3748 1
    0   353  1597 1
    0   354  2976 1
    0   355  3222 1
    0   356  1396 1
    0   357   431 1
    0   358  3551 1
    0   359  3452 1
    0   360  2698 1
    0   361  1831 1
    0   362  3922 1
    0   363  1114 1
    0   364   189 1
    0   365  3480 1
    0   366  2558 1
    0   367   308 1
    0   368  3127 1
    0   369  2997 1
    0   370  2074 1
    0   371   962 1
    0   372   428 1
    0   373  1106 1
    0   374  2419 1
    0   375  1737 1
    0   376  3510 1
    0   377  3415 1
    0   378  1698 1
    0   379  3619 1
    0   380  2095 1
    0   381   781 1
    0   382  3413 1
    0   383  3606 1
    0   384   220 1
    0   385  2772 1
    0   386  1969 1
    0   387  2779 1
    0   388  2146 1
    0   389  1532 1
    0   390   177 1
    0   391  2533 1
    0   392   258 1
    0   393  3873 1
    0   394  1314 1
    0   395  3714 1
    0   396  3552 1
    0   397   796 1
    0   398  3299 1
    0   399  4006 1
    0   400   828 1
    0   401  3759 1
    0   402   405 1
    0   403  2331 1
    0   404  1145 1
    0   405   252 1
    0   406   471 1
    0   407  3480 1
    0   408  2516 1
    0   409   337 1
    0   410  1106 1
    0   411  1706 1
    0   412  1131 1
    0   413  1780 1
    0   414   400 1
    0   415  2377 1
    0   416  3642 1
    0   417   180 1
    0   418   804 1
    0   419   196 1
    0   420  4068 1
    0   421  3663 1
    0   422  2541 1
    0   423  3075 1
    0   424  2390 1
    0   425  2438 1
    0   426  2835 1
    0   427  2501 1
    0   428  3483 1
    0   429   604 1
    0   430  1528 1
    0   431  1758 1
    0   432  3467 1
    0   433  2124 1
    0   434  1591 1
    0   435  3212 1
    0   436  2287 1
    0   437   131 1
    0   438   161 1
    0   439  3273 1
    0   440  1930 1
    0   441  2582 1
    0   442  1241 1
    0   443  1718 1
    0   444  2807 1
    0   445  2255 1
    0   446  1548 1
    0   447  1557 1
    0   448   876 1
    0   449  3351 1
    0   450   667 1
    0   451  1661 1
    0   452  2453 1
    0   453  2948 1
    0   454  1607 1
    0   455  1687 1
    0   456   600 1
    0   457  1363 1
    0   458  3382 1
    0   459   364 1
    0   460   443 1
    0   461  2265 1
    0   462  1145 1
    0   463  1458 1
    0   464   589 1
    0   465  1647 1
    0   466  2551 1
    0   467  3445 1
    0   468  2180 1
    0   469  3296 1
    0   470  2105 1
    0   471  3625 1
    0   472  1417 1
    0   473  1251 1
    0   474  2292 1
    0   475   712 1
    0   476  1013 1
    0   477   823 1
    0   478  1049 1
    0   479   721 1
    0   480  2368 1
    0   481  1704 1
    0   482   376 1
    0   483   580 1
    0   484  4040 1
    0   485  3108 1
    0   486  1005 1
    0   487  3279 1
    0   488  1113 1
    0   489  1433 1
    0   490  2595 1
    0   491  2612 1
    0   492  1187 1
    0   493  1856 1
    0   494  1990 1
    0   495    55 1
    0   496  1521 1
    0   497  1201 1
    0   498   142 1
    0   499  2419 1
    0   500  2259 1
    0   501  3782 1
    0   502  1303 1
    0   503  3214 1
    0   504   399 1
    0   505  3187 1
    0   506    95 1
    0   507  4077 1
    0   508   154 1
    0   509   579 1
    0   510  3802 1
    0   511  1985 1
    0   512   772 1
    0   513  2708 1
    0   514    14 1
    0   515   736 1
    0   516   442 1
    0   517  3911 1
    0   518  3870 1
    0   519  3041 1
    0   520  1753 1
    0   521  3406 1
    0   522  2719 1
    0   523  2850 1
    0   524  2576 1
    0   525   844 1
    0   526  2225 1
    0   527  2560 1
    0   528  3495 1
    0   529   888 1
    0   530  2313 1
    0   531  3096 1
    0   532   891 1
    0   533  2827 1
    0   534  1597 1
    0   535  3895 1
    0   536    63 1
    0   537  4051 1
    0   538   998 1
    0   539   735 1
    0   540  2193 1
    0   541  2291 1
    0   542  3448 1
    0   543  1045 1
    0   544   291 1
    0   545  1958 1
    0   546  1696 1
    0   547  1699 1
    0   548  1299 1
    0   549  3713 1
    0   550   152 1
    0   551  2608 1
    0   552  1155 1
    0   553   821 1
    0   554  2067 1
    0   555  1265 1
    0   556   816 1
    0   557   703 1
    0   558  3741 1
    0   559  2015 1
    0   560  2873 1
    0   561  2339 1
    0   562   565 1
    0   563  3898 1
    0   564  2882 1
    0   565  2852 1
    0   566  2963 1
    0   567  3767 1
    0   568  1851 1
    0   569  1364 1
    0   570   574 1
    0   571   437 1
    0   572  3779 1
    0   573   940 1
    0   574  1324 1
    0   575  1661 1
    0   576    40 1
    0   577  1914 1
    0   578  1333 1
    0   579  1792 1
    0   580  2233 1
    0   581  1769 1
    0   582  1488 1
    0   583  1022 1
    0   584  1395 1
    0   585  1484 1
    0   586  2508 1
    0   587     4 1
    0   588  3590 1
    0   589  1893 1
    0   590  2158 1
    0   591   328 1
    0   592  2337 1
    0   593  1336 1
    0   594  4058 1
    0   595   976 1
    0   596  1685 1
    0   597  2219 1
    0   598   514 1
    0   599  2931 1
    0   600   420 1
    0   601   389 1
    0   602  1971 1
    0   603    35 1
    0   604  1373 1
    0   605  4038 1
    0   606  2835 1
    0   607  2376 1
    0   608  3068 1
    0   609  3511 1
    0   610  2099 1
    0   611   171 1
    0   612   238 1
    0   613  2340 1
    0   614  2818 1
    0   615  3512 1
    0   616  2010 1
    0   617  1875 1
    0   618   276 1
    0   619  2291 1
    0   620  2081 1
    0   621  1068 1
    0   622   324 1
    0   623  2358 1
    0   624  3839 1
    0   625  3510 1
    0   626  2237 1
    0   627  2907 1
    0   628  1867 1
    0   629  1019 1
    0   630  1385 1
    0   631  3508 1
    0   632  1746 1
    0   633  2617 1
    0   634  2213 1
    0   635  3659 1
    0   636  2353 1
    0   637    44 1
    0   638  1495 1
    0   639  2588 1
    0   640  3972 1
    0   641  1380 1
    0   642  2520 1
    0   643    82 1
    0   644  1223 1
    0   645  2187 1
    0   646  3843 1
    0   647   969 1
    0   648  3809 1
    0   649  2522 1
    0   650  3092 1
    0   651   930 1
    0   652  3235 1
    0   653   835 1
    0   654  2319 1
    0   655  1703 1
    0   656  1622 1
    0   657  3681 1
    0   658  1406 1
    0   659  2532 1
    0   660  1989 1
    0   661  3543 1
    0   662    99 1
    0   663  1857 1
    0   664  2929 1
    0   665  3498 1
    0   666  1747 1
    0   667   538 1
    0   668  3171 1
    0   669  1794 1
    0   670  1826 1
    0   671  1330 1
    0   672  2182 1
    0   673  1091 1
    0   674  2161 1
    0   675  3037 1
    0   676  1259 1
    0   677   346 1
    0   678  2293 1
    0   679     0 1
    0   680  4076 1
    0   681   877 1
    0   682  1928 1
    0   683  3304 1
    0   684  1425 1
    0   685  1365 1
    0   686  2279 1
    0   687  1188 1
    0   688  1949 1
    0   689   565 1
    0   690  2112 1
    0   691  2185 1
    0   692  1363 1
    0   693  3108 1
    0   694   468 1
    0   695  3726 1
    0   696  1246 1
    0   697  1437 1
    0   698  2426 1
    0   699   831 1
    0   700  2151 1
    0   701  3178 1
    0   702  1258 1
    0   703  3114 1
    0   704  2017 1
    0   705  3137 1
    0   706  2418 1
    0   707    69 1
    0   708   931 1
    0   709  3568 1
    0   710  1977 1
    0   711  3206 1
    0   712  1569 1
    0   713   571 1
    0   714  1864 1
    0   715   709 1
    0   716  2177 1
    0   717   462 1
    0   718  2882 1
    0   719   479 1
    0   720  1948 1
    0   721  3793 1
    0   722  1311 1
    0   723   153 1
    0   724  4081 1
    0   725   432 1
    0   726    79 1
    0   727  2940 1
    0   728  1759 1
    0   729  3746 1
    0   730    64 1
    0   731   417 1
    0   732  3918 1
    0   733  2637 1
    0   734  2689 1
    0   735   113 1
    0   736  1556 1
    0   737   757 1
    0   738   339 1
    0   739  3065 1
    0   740  1598 1
    0   741   803 1
    0   742   833 1
    0   743  3175 1
    0   744  1092 1
    0   745  2278 1
    0   746  3480 1
    0   747  2865 1
    0   748  1671 1
    0   749    42 1
    0   750  4077 1
    0   751  2009 1
    0   752  3360 1
    0   753  2567 1
    0   754   892 1
    0   755  1852 1
    0   756  1870 1
    0   757   272 1
    0   758   842 1
    0   759  3493 1
    0   760   931 1
    0   761  2908 1
    0   762  2287 1
    0   763  3706 1
    0   764  1124 1
    0   765  1336 1
    0   766  2433 1
    0   767  2348 1
    0   768  1047 1
    0   769  1842 1
    0   770  2115 1
    0   771  3533 1
    0   772  1986 1
    0   773  2976 1
    0   774  1957 1
    0   775   420 1
    0   776  3302 1
    0   777  2763 1
    0   778  2382 1
    0   779   364 1
    0   780  1921 1
    0   781   611 1
    0   782   987 1
    0   783   414 1
    0   784  1781 1
    0   785   369 1
    0   786    19 1
    0   787   437 1
    0   788  3367 1
    0   789   644 1
    0   790  2588 1
    0   791  1084 1
    0   792  1560 1
    0   793  3039 1
    0   794     7 1
    0   795  4079 1
    0   796  1054 1
    0   797  2634 1
    0   798   642 1
    0   799  3265 1
    0   800   128 1
    0   801  3232 1
    0   802   933 1
    0   803   131 1
    0   804  1260 1
    0   805  2650 1
    0   806   529 1
    0   807  2267 1
    0   808  2268 1
    0   809   109 1
    0   810   711 1
    0   811   492 1
    0   812  2219 1
    0   813  2142 1
    0   814  1225 1
    0   815  2578 1
    0   816  2619 1
    0   817  3094 1
    0   818  2019 1
    0   819  2603 1
    0   820  1263 1
    0   821  1268 1
    0   822  2259 1
    0   823  3962 1
    0   824  3728 1
    0   825   279 1
    0   826  1046 1
    0   827  1860 1
    0   828   854 1
    0   829  2610 1
    0   830  3486 1
    0   831  1510 1
    0   832  2304 1
    0   833  1395 1
    0   834  3174 1
    0   835  2783 1
    0   836  2438 1
    0   837  3085 1
    0   838  1919 1
    0   839   640 1
    0   840  1038 1
    0   841  3043 1
    0   842  4012 1
    0   843  3284 1
    0   844  1666 1
    0   845  1141 1
    0   846  2212 1
    0   847  2501 1
    0   848   259 1
    0   849  3617 1
    0   850  1004 1
    0   851  3333 1
    0   852  2252 1
    0   853   502 1
    0   854   727 1
    0   855   922 1
    0   856  2481 1
    0   857  1097 1
    0   858   995 1
    0   859   410 1
    0   860  3547 1
    0   861  2362 1
    0   862  2761 1
    0   863  3137 1
    0   864    35 1
    0   865   546 1
    0   866  2582 1
    0   867  3142 1
    0   868  1795 1
    0   869  4049 1
    0   870  3393 1
    0   871   412 1
    0   872  2194 1
    0   873  1375 1
    0   874  1415 1
    0   875  1785 1
    0   876  2556 1
    0   877  2315 1
    0   878   208 1
    0   879  3168 1
    0   880   319 1
    0   881  1709 1
    0   882  3505 1
    0   883  1751 1
    0   884  3036 1
    0   885  3305 1
    0   886  2906 1
    0   887  1389 1
    0   888  2490 1
    0   889  2713 1
    0   890  3953 1
    0   891  2881 1
    0   892  3149 1
    0   893  3175 1
    0   894   504 1
    0   895  2207 1
    0   896  3952 1
    0   897  3901 1
    0   898  2786 1
    0   899  3579 1
    0   900  3188 1
    0   901  3766 1
    0   902  2906 1
    0   903  2090 1
    0   904    23 1
    0   905  1983 1
    0   906   804 1
    0   907   381 1
    0   908   271 1
    0   909  1841 1
    0   910   305 1
    0   911  1443 1
    0   912  1023 1
    0   913  3988 1
    0   914  1171 1
    0   915  2783 1
    0   916   468 1
    0   917  1309 1
    0   918   926 1
    0   919  2162 1
    0   920  2583 1
    0   921  3238 1
    0   922   968 1
    0   923  3481 1
    0   924  2378 1
    0   925  2979 1
    0   926  2839 1
    0   927  3249 1
    0   928  3529 1
    0   929  2375 1
    0   930    77 1
    0   931   216 1
    0   932  1994 1
    0   933  2683 1
    0   934   174 1
    0   935  2300 1
    0   936   928 1
    0   937  1328 1
    0   938  2252 1
    0   939  4087 1
    0   940  2690 1
    0   941  1625 1
    0   942   781 1
    0   943  3561 1
    0   944  1287 1
    0   945  1888 1
    0   946  3068 1
    0   947  2574 1
    0   948   996 1
    0   949   783 1
    0   950  3844 1
    0   951  1671 1
    0   952  1350 1
    0   953  2615 1
    0   954  2446 1
    0   955  3965 1
    0   956  3567 1
    0   957   252 1
    0   958  1488 1
    0   959  1636 1
    0   960   551 1
    0   961  3754 1
    0   962  2244 1
    0   963  4013 1
    0   964  2149 1
    0   965  2892 1
    0   966   245 1
    0   967  1836 1
    0   968   399 1
    0   969  3041 1
    0   970  1859 1
    0   971  1323 1
    0   972  3352 1
    0   973  3360 1
    0   974  3001 1
    0   975  3652 1
    0   976   680 1
    0   977  3385 1
    0   978  2644 1
    0   979   680 1
    0   980  2806 1
    0   981  2221 1
    0   982  1266 1
    0   983  2344 1
    0   984  1288 1
    0   985   502 1
    0   986  3709 1
    0   987    75 1
    0   988  3488 1
    0   989  3312 1
    0   990  2338 1
    0   991  1724 1
    0   992  2722 1
    0   993  1969 1
    0   994  3580 1
    0   995  3613 1
    0   996  2808 1
    0   997  1169 1
    0   998  1165 1
    0   999  2857 1
    0  1000   519 1
    0  1001   712 1
    0  1002  3489 1
    0  1003  3664 1
    0  1004   515 1
    0  1005   799 1
    0  1006  3863 1
    0  1007  1066 1
    0  1008  1524 1
    0  1009  1777 1
    0  1010   206 1
    0  1011   108 1
    0  1012  1843 1
    0  1013  3252 1
    0  1014  2177 1
    0  1015  3130 1
    0  1016  1254 1
    0  1017  1337 1
    0  1018   405 1
    0  1019  1387 1
    0  1020  2349 1
    0  1021  1995 1
    0  1022   710 1
    0  1023  1101 1
    0  1024  4037 1
    0  1025  3226 1
    0  1026    41 1
    0  1027  3092 1
    0  1028  1722 1
    0  1029  2261 1
    0  1030   527 1
    0  1031  1353 1
    0  1032   396 1
    0  1033  1652 1
    0  1034  3573 1
    0  1035  1259 1
    0  1036  2727 1
    0  1037   976 1
    0  1038  1509 1
    0  1039  1196 1
    0  1040  2875 1
    0  1041  2331 1
    0  1042  1018 1
    0  1043  1366 1
    0  1044  3294 1
    0  1045  2327 1
    0  1046  3590 1
    0  1047   621 1
    0  1048  3845 1
    0  1049  4064 1
    0  1050  2607 1
    0  1051   632 1
    0  1052   311 1
    0  1053  2070 1
    0  1054  3689 1
    0  1055   313 1
    0  1056  3128 1
    0  1057   438 1
    0  1058  1527 1
    0  1059  1483 1
    0  1060  1000 1
    0  1061  1200 1
    0  1062  2494 1
    0  1063  1518 1
    0  1064  2571 1
    0  1065  3566 1
    0  1066   187 1
    0  1067  3895 1
    0  1068  2485 1
    0  1069  2694 1
    0  1070  4062 1
    0  1071  1857 1
    0  1072   733 1
    0  1073  2352 1
    0  1074  3381 1
    0  1075   739 1
    0  1076  3714 1
    0  1077  1142 1
    0  1078  1632 1
    0  1079   806 1
    0  1080  2888 1
    0  1081  3132 1
    0  1082   474 1
    0  1083  1002 1
    0  1084  4086 1
    0  1085  1552 1
    0  1086  3246 1
    0  1087  3265 1
    0  1088   186 1
    0  1089   406 1
    0  1090  2398 1
    0  1091  2144 1
    0  1092   916 1
    0  1093  2256 1
    0  1094  2750 1
    0  1095   834 1
    0  1096   541 1
    0  1097  4016 1
    0  1098  3870 1
    0  1099  1817 1
    0  1100  1934 1
    0  1101  3954 1
    0  1102  2470 1
    0  1103    33 1
    0  1104   616 1
    0  1105   457 1
    0  1106  3292 1
    0  1107  3060 1
    0  1108  3172 1
    0  1109  3758 1
    0  1110  2075 1
    0  1111  2561 1
    0  1112  2246 1
    0  1113  2831 1
    0  1114  2309 1
    0  1115  1112 1
    0  1116   578 1
    0  1117  1085 1
    0  1118   521 1
    0  1119  2158 1
    0  1120  3172 1
    0  1121  3403 1
    0  1122  2371 1
    0  1123   755 1
    0  1124   202 1
    0  1125  2819 1
    0  1126  2593 1
    0  1127  1142 1
    0  1128  2726 1
    0  1129  3750 1
    0  1130  3086 1
    0  1131  4015 1
    0  1132  2551 1
    0  1133  3508 1
    0  1134  3720 1
    0  1135   556 1
    0  1136  3589 1
    0  1137   227 1
    0  1138  1367 1
    0  1139  1849 1
    0  1140   337 1
    0  1141  2152 1
    0  1142  3686 1
    0  1143  4061 1
    0  1144  2444 1
    0  1145  1940 1
    0  1146  3706 1
    0  1147  1097 1
    0  1148  2030 1
    0  1149  1285 1
    0  1150  1378 1
    0  1151  2234 1
    0  1152   324 1
    0  1153  2740 1
    0  1154  2025 1
    0  1155  3166 1
    0  1156   770 1
    0  1157  1628 1
    0  1158   961 1
    0  1159  2717 1
    0  1160   704 1
    0  1161  1857 1
    0  1162  1062 1
    0  1163   354 1
    0  1164  1824 1
    0  1165  2692 1
    0  1166  3592 1
    0  1167   106 1
    0  1168   575 1
    0  1169  2105 1
    0  1170  1780 1
    0  1171  2602 1
    0  1172  1210 1
    0  1173  3532 1
    0  1174  1488 1
    0  1175  1401 1
    0  1176  2224 1
    0  1177  3994 1
    0  1178   433 1
    0  1179  3220 1
    0  1180   895 1
    0  1181  1373 1
    0  1182  1678 1
    0  1183  2393 1
    0  1184  3393 1
    0  1185  2271 1
    0  1186  3632 1
    0  1187  1403 1
    0  1188  2524 1
    0  1189   611 1
    0  1190  3305 1
    0  1191  3856 1
    0  1192  2552 1
    0  1193  1178 1
    0  1194  3167 1
    0  1195  1168 1
    0  1196  3069 1
    0  1197  1382 1
    0  1198  3390 1
    0  1199  1807 1
    0  1200  1548 1
    0  1201  1960 1
    0  1202  1161 1
    0  1203  1173 1
    0  1204  2584 1
    0  1205  3125 1
    0  1206  3807 1
    0  1207  1959 1
    0  1208   694 1
    0  1209  1970 1
    0  1210  2022 1
    0  1211   846 1
    0  1212   286 1
    0  1213  1161 1
    0  1214  1174 1
    0  1215  3335 1
    0  1216  3927 1
    0  1217   634 1
    0  1218  2982 1
    0  1219  4085 1
    0  1220  2617 1
    0  1221  2391 1
    0  1222   211 1
    0  1223  3942 1
    0  1224  2262 1
    0  1225  1447 1
    0  1226  1941 1
    0  1227   711 1
    0  1228  3556 1
    0  1229  2415 1
    0  1230  3080 1
    0  1231  1049 1
    0  1232  3375 1
    0  1233  2473 1
    0  1234  2292 1
    0  1235  1210 1
    0  1236  1450 1
    0  1237  2808 1
    0  1238  3699 1
    0  1239  1283 1
    0  1240  2116 1
    0  1241   871 1
    0  1242  3082 1
    0  1243  2892 1
    0  1244  3310 1
    0  1245   229 1
    0  1246  3019 1
    0  1247   238 1
    0  1248   285 1
    0  1249  1610 1
    0  1250  2920 1
    0  1251   429 1
    0  1252  1176 1
    0  1253  1405 1
    0  1254  3824 1
    0  1255  3832 1
    0  1256  1981 1
    0  1257  2683 1
    0  1258  2779 1
    0  1259  1672 1
    0  1260  3980 1
    0  1261  1947 1
    0  1262  1541 1
    0  1263  1912 1
    0  1264   742 1
    0  1265  2520 1
    0  1266  1375 1
    0  1267  3065 1
    0  1268  3706 1
    0  1269  3907 1
    0  1270  1013 1
    0  1271  3400 1
    0  1272   804 1
    0  1273  2442 1
    0  1274   379 1
    0  1275  1588 1
    0  1276   167 1
    0  1277   453 1
    0  1278   942 1
    0  1279  2963 1
    0  1280  3228 1
    0  1281  3525 1
    0  1282  1492 1
    0  1283  3246 1
    0  1284  3273 1
    0  1285  3461 1
    0  1286   770 1
    0  1287  1526 1
    0  1288  3092 1
    0  1289   412 1
    0  1290  2210 1
    0  1291   419 1
    0  1292   329 1
    0  1293   561 1
    0  1294  1894 1
    0  1295   713 1
    0  1296  1262 1
    0  1297  3464 1
    0  1298    89 1
    0  1299  3083 1
    0  1300  1470 1
    0  1301   771 1
    0  1302  3421 1
    0  1303   552 1
    0  1304  1433 1
    0  1305  3214 1
    0  1306   408 1
    0  1307   283 1
    0  1308   132 1
    0  1309  1632 1
    0  1310  1191 1
    0  1311  3934 1
    0  1312  1652 1
    0  1313  2472 1
    0  1314  1798 1
    0  1315   947 1
    0  1316  2797 1
    0  1317  2038 1
    0  1318  3850 1
    0  1319  1555 1
    0  1320   963 1
    0  1321  3429 1
    0  1322  2730 1
    0  1323   543 1
    0  1324  1193 1
    0  1325   311 1
    0  1326  3469 1
    0  1327   162 1
    0  1328  1741 1
    0  1329  1645 1
    0  1330  3522 1
    0  1331  1231 1
    0  1332  2938 1
    0  1333  1756 1
    0  1334   257 1
    0  1335   447 1
    0  1336  3074 1
    0  1337  3826 1
    0  1338  3094 1
    0  1339   949 1
    0  1340  3966 1
    0  1341   463 1
    0  1342  3470 1
    0  1343  2215 1
    0  1344  1115 1
    0  1345  3244 1
    0  1346   557 1
    0  1347   824 1
    0  1348  3531 1
    0  1349  3508 1
    0  1350  3839 1
    0  1351  3251 1
    0  1352  1789 1
    0  1353  2424 1
    0  1354   713 1
    0  1355  3504 1
    0  1356  2903 1
    0  1357  2043 1
    0  1358  2938 1
    0  1359  2918 1
    0  1360  1398 1
    0  1361  1876 1
    0  1362  1919 1
    0  1363  2728 1
    0  1364  2174 1
    0  1365  1845 1
    0  1366  1340 1
    0  1367   656 1
    0  1368  2253 1
    0  1369  3006 1
    0  1370   561 1
    0  1371  2584 1
    0  1372   733 1
    0  1373  3096 1
    0  1374   252 1
    0  1375  3932 1
    0  1376  2013 1
    0  1377  3137 1
    0  1378  2472 1
    0  1379  1823 1
    0  1380  1648 1
    0  1381   910 1
    0  1382  3675 1
    0  1383  2745 1
    0  1384  2140 1
    0  1385  2116 1
    0  1386  2688 1
    0  1387  3007 1
    0  1388  2383 1
    0  1389   933 1
    0  1390  2570 1
    0  1391  3001 1
    0  1392   822 1
    0  1393   743 1
    0  1394  3846 1
    0  1395  3431 1
    0  1396  1455 1
    0  1397  3148 1
    0  1398  3551 1
    0  1399  2321 1
    0  1400   700 1
    0  1401  2827 1
    0  1402  1191 1
    0  1403   266 1
    0  1404  3349 1
    0  1405    77 1
    0  1406   629 1
    0  1407  1071 1
    0  1408  1399 1
    0  1409  3937 1
    0  1410  1017 1
    0  1411  1255 1
    0  1412  1310 1
    0  1413   736 1
    0  1414  1910 1
    0  1415  2520 1
    0  1416  2894 1
    0  1417   149 1
    0  1418  2398 1
    0  1419  1542 1
    0  1420   616 1
    0  1421  2780 1
    0  1422  3078 1
    0  1423  1647 1
    0  1424  1013 1
    0  1425  3204 1
    0  1426  4020 1
    0  1427  1991 1
    0  1428  2208 1
    0  1429  3432 1
    0  1430  1905 1
    0  1431  3786 1
    0  1432  3449 1
    0  1433  2721 1
    0  1434  3205 1
    0  1435  3295 1
    0  1436  2034 1
    0  1437  4025 1
    0  1438  2912 1
    0  1439   350 1
    0  1440     0 1
    0  1441   876 1
    0  1442  1413 1
    0  1443   622 1
    0  1444  3986 1
    0  1445  2373 1
    0  1446  1196 1
    0  1447  1913 1
    0  1448  2256 1
    0  1449   825 1
    0  1450  2613 1
    0  1451  1972 1
    0  1452  2852 1
    0  1453  1660 1
    0  1454  3588 1
    0  1455   544 1
    0  1456   454 1
    0  1457   810 1
    0  1458  2553 1
    0  1459  3964 1
    0  1460  3450 1
    0  1461  3848 1
    0  1462  2117 1
    0  1463   773 1
    0  1464  1141 1
    0  1465   673 1
    0  1466  1733 1
    0  1467   752 1
    0  1468  1560 1
    0  1469   540 1
    0  1470  4041 1
    0  1471  1790 1
    0  1472    94 1
    0  1473  3865 1
    0  1474  1827 1
    0  1475   322 1
    0  1476  2195 1
    0  1477  1877 1
    0  1478  2911 1
    0  1479  3380 1
    0  1480  2682 1
    0  1481   179 1
    0  1482  1825 1
    0  1483   807 1
    0  1484  1242 1
    0  1485  2908 1
    0  1486  2575 1
    0  1487  3131 1
    0  1488   451 1
    0  1489  3689 1
    0  1490  3918 1
    0  1491  3531 1
    0  1492  1593 1
    0  1493  1076 1
    0  1494  3932 1
    0  1495  3338 1
    0  1496    36 1
    0  1497  3648 1
    0  1498  2744 1
    0  1499  3474 1
    0  1500   975 1
    0  1501  2807 1
    0  1502  2814 1
    0  1503  2788 1
    0  1504   398 1
    0  1505  2932 1
    0  1506   383 1
    0  1507  1674 1
    0  1508   211 1
    0  1509  1660 1
    0  1510  2236 1
    0  1511  3799 1
    0  1512   984 1
    0  1513  1788 1
    0  1514  1112 1
    0  1515  1587 1
    0  1516  3369 1
    0  1517  3362 1
    0  1518  1838 1
    0  1519  1459 1
    0  1520   323 1
    0  1521  1388 1
    0  1522  1789 1
    0  1523  2234 1
    0  1524  1844 1
    0  1525  2770 1
    0  1526  2325 1
    0  1527  2030 1
    0  1528  3449 1
    0  1529   145 1
    0  1530   836 1
    0  1531   686 1
    0  1532  3870 1
    0  1533  3055 1
    0  1534  3057 1
    0  1535  1041 1
    0  1536  2302 1
    0  1537  2797 1
    0  1538  1353 1
    0  1539  1915 1
    0  1540  2340 1
    0  1541  3542 1
    0  1542  2133 1
    0  1543  1526 1
    0  1544   536 1
    0  1545  3930 1
    0  1546   468 1
    0  1547  1274 1
    0  1548  2240 1
    0  1549   553 1
    0  1550  3243 1
    0  1551  3900 1
    0  1552   852 1
    0  1553  2064 1
    0  1554   957 1
    0  1555  1225 1
    0  1556  2295 1
    0  1557  2831 1
    0  1558   436 1
    0  1559  4082 1
    0  1560  4028 1
    0  1561  3429 1
    0  1562   754 1
    0  1563  1245 1
    0  1564  3904 1
    0  1565  3122 1
    0  1566  2413 1
    0  1567  2489 1
    0  1568   817 1
    0  1569  1658 1
    0  1570  2104 1
    0  1571   596 1
    0  1572  3574 1
    0  1573  3617 1
    0  1574  3219 1
    0  1575   791 1
    0  1576  2568 1
    0  1577  1088 1
    0  1578  3010 1
    0  1579   857 1
    0  1580   370 1
    0  1581   116 1
    0  1582   312 1
    0  1583  3341 1
    0  1584  1676 1
    0  1585   525 1
    0  1586   535 1
    0  1587  1857 1
    0  1588  1899 1
    0  1589   476 1
    0  1590  3504 1
    0  1591  2415 1
    0  1592  1199 1
    0  1593  3631 1
    0  1594  2758 1
    0  1595  1815 1
    0  1596   858 1
    0  1597  3321 1
    0  1598  1572 1
    0  1599  3539 1
    0  1600  3256 1
    0  1601  2241 1
    0  1602  3798 1
    0  1603  3068 1
    0  1604  1066 1
    0  1605  3263 1
    0  1606   231 1
    0  1607  3175 1
    0  1608  3164 1
    0  1609  1859 1
    0  1610   460 1
    0  1611  1239 1
    0  1612  3995 1
    0  1613  2997 1
    0  1614  3544 1
    0  1615  2628 1
    0  1616  2859 1
    0  1617    43 1
    0  1618  1953 1
    0  1619   269 1
    0  1620  1618 1
    0  1621  3697 1
    0  1622  4059 1
    0  1623  2389 1
    0  1624   769 1
    0  1625  2819 1
    0  1626  3060 1
    0  1627  2808 1
    0  1628   142 1
    0  1629   790 1
    0  1630  3198 1
    0  1631  2875 1
    0  1632  3965 1
    0  1633  3931 1
    0  1634  2855 1
    0  1635  2591 1
    0  1636  3892 1
    0  1637  1479 1
    0  1638  3547 1
    0  1639   511 1
    0  1640  2125 1
    0  1641  3866 1
    0  1642  3369 1
    0  1643  2869 1
    0  1644  1752 1
    0  1645  3171 1
    0  1646  3236 1
    0  1647   968 1
    0  1648   392 1
    0  1649  3975 1
    0  1650  2821 1
    0  1651  2601 1
    0  1652   782 1
    0  1653  2796 1
    0  1654  1357 1
    0  1655  1850 1
    0  1656  2834 1
    0  1657  4004 1
    0  1658  3154 1
    0  1659   397 1
    0  1660  1876 1
    0  1661  3468 1
    0  1662  2628 1
    0  1663  3939 1
    0  1664  3158 1
    0  1665  2595 1
    0  1666  2066 1
    0  1667   487 1
    0  1668  2188 1
    0  1669  3368 1
    0  1670  1772 1
    0  1671  4024 1
    0  1672  1156 1
    0  1673  1461 1
    0  1674  3462 1
    0  1675  2947 1
    0  1676  3595 1
    0  1677  2014 1
    0  1678  2898 1
    0  1679   713 1
    0  1680  2258 1
    0  1681  3824 1
    0  1682  3292 1
    0  1683  1436 1
    0  1684  3006 1
    0  1685  2039 1
    0  1686  3888 1
    0  1687   248 1
    0  1688   516 1
    0  1689  1176 1
    0  1690  1453 1
    0  1691  1714 1
    0  1692  2091 1
    0  1693   324 1
    0  1694  1043 1
    0  1695  1946 1
    0  1696  2286 1
    0  1697   148 1
    0  1698  2474 1
    0  1699   828 1
    0  1700   113 1
    0  1701  1750 1
    0  1702  2609 1
    0  1703  1174 1
    0  1704  1624 1
    0  1705  3679 1
    0  1706  1208 1
    0  1707   457 1
    0  1708  2735 1
    0  1709   417 1
    0  1710  2458 1
    0  1711  3782 1
    0  1712  1567 1
    0  1713  2633 1
    0  1714  2387 1
    0  1715  1542 1
    0  1716   933 1
    0  1717   897 1
    0  1718   586 1
    0  1719  2010 1
    0  1720  3874 1
    0  1721  1113 1
    0  1722  2019 1
    0  1723  3847 1
    0  1724  3992 1
    0  1725   449 1
    0  1726  2217 1
    0  1727  2519 1
    0  1728  2557 1
    0  1729  1335 1
    0  1730  2615 1
    0  1731  2204 1
    0  1732  4090 1
    0  1733  3598 1
    0  1734  2522 1
    0  1735  1980 1
    0  1736  3925 1
    0  1737  3055 1
    0  1738  2367 1
    0  1739  2878 1
    0  1740  1922 1
    0  1741  3469 1
    0  1742  2913 1
    0  1743  3881 1
    0  1744  3020 1
    0  1745  2050 1
    0  1746  2727 1
    0  1747  2745 1
    0  1748  3300 1
    0  1749   651 1
    0  1750  1125 1
    0  1751  3930 1
    0  1752   913 1
    0  1753  1166 1
    0  1754  1487 1
    0  1755   109 1
    0  1756   365 1
    0  1757  3829 1
    0  1758  3060 1
    0  1759   288 1
    0  1760   465 1
    0  1761  3876 1
    0  1762  3099 1
    0  1763   891 1
    0  1764  1140 1
    0  1765   935 1
    0  1766  1911 1
    0  1767   753 1
    0  1768  2331 1
    0  1769  3855 1
    0  1770  1950 1
    0  1771  3855 1
    0  1772  3703 1
    0  1773  2874 1
    0  1774  1722 1
    0  1775  1136 1
    0  1776  2348 1
    0  1777   159 1
    0  1778  1133 1
    0  1779  3434 1
    0  1780  3972 1
    0  1781  1529 1
    0  1782  3969 1
    0  1783  1393 1
    0  1784  1111 1
    0  1785  2902 1
    0  1786  1284 1
    0  1787  3350 1
    0  1788  2927 1
    0  1789    24 1
    0  1790   509 1
    0  1791  1405 1
    0  1792  2850 1
    0  1793   402 1
    0  1794  2179 1
    0  1795  3386 1
    0  1796  3097 1
    0  1797  2928 1
    0  1798  2327 1
    0  1799  2742 1
    0  1800  1928 1
    0  1801  1163 1
    0  1802  2687 1
    0  1803  3516 1
    0  1804  3580 1
    0  1805   607 1
    0  1806  1460 1
    0  1807   236 1
    0  1808  2696 1
    0  1809  2127 1
    0  1810  4008 1
    0  1811  2152 1
    0  1812  1487 1
    0  1813   644 1
    0  1814   723 1
    0  1815  3188 1
    0  1816  3753 1
    0  1817  2212 1
    0  1818  2143 1
    0  1819  2343 1
    0  1820  1852 1
    0  1821   922 1
    0  1822   415 1
    0  1823  1909 1
    0  1824  2110 1
    0  1825  2418 1
    0  1826   741 1
    0  1827  1196 1
    0  1828  3089 1
    0  1829   169 1
    0  1830    45 1
    0  1831  3055 1
    0  1832  2356 1
    0  1833  2997 1
    0  1834   422 1
    0  1835  3835 1
    0  1836   402 1
    0  1837  2115 1
    0  1838  1013 1
    0  1839  2305 1
    0  1840   368 1
    0  1841   660 1
    0  1842  4020 1
    0  1843  3437 1
    0  1844  1534 1
    0  1845   942 1
    0  1846  2461 1
    0  1847  3714 1
    0  1848  3735 1
    0  1849  2984 1
    0  1850  3421 1
    0  1851   741 1
    0  1852   911 1
    0  1853  3102 1
    0  1854  1803 1
    0  1855  1828 1
    0  1856  3710 1
    0  1857  2340 1
    0  1858  2385 1
    0  1859    39 1
    0  1860  1983 1
    0  1861  2425 1
    0  1862  2640 1
    0  1863  1813 1
    0  1864  3647 1
    0  1865  3293 1
    0  1866  4023 1
    0  1867  1586 1
    0  1868  1455 1
    0  1869  1607 1
    0  1870    48 1
    0  1871   779 1
    0  1872  3414 1
    0  1873  2042 1
    0  1874  2048 1
    0  1875  1269 1
    0  1876   297 1
    0  1877   460 1
    0  1878  4043 1
    0  1879   641 1
    0  1880  4085 1
    0  1881  3151 1
    0  1882  1101 1
    0  1883  1403 1
    0  1884  3273 1
    0  1885   647 1
    0  1886  3617 1
    0  1887  3807 1
    0  1888  1549 1
    0  1889  2608 1
    0  1890  2453 1
    0  1891  3114 1
    0  1892   360 1
    0  1893   393 1
    0  1894   961 1
    0  1895   256 1
    0  1896  3432 1
    0  1897  1996 1
    0  1898  1737 1
    0  1899  1409 1
    0  1900  3832 1
    0  1901  2424 1
    0  1902  2395 1
    0  1903  3777 1
    0  1904  3205 1
    0  1905  1498 1
    0  1906  2707 1
    0  1907  3630 1
    0  1908  3995 1
    0  1909   801 1
    0  1910  3180 1
    0  1911  2736 1
    0  1912   426 1
    0  1913   199 1
    0  1914  2889 1
    0  1915  3650 1
    0  1916  3282 1
    0  1917  1300 1
    0  1918  3221 1
    0  1919  2398 1
    0  1920  1537 1
    0  1921  3355 1
    0  1922   809 1
    0  1923  3729 1
    0  1924  3105 1
    0  1925   928 1
    0  1926   969 1
    0  1927   316 1
    0  1928  3965 1
    0  1929   606 1
    0  1930  3022 1
    0  1931  1877 1
    0  1932  3265 1
    0  1933   819 1
    0  1934  4037 1
    0  1935  3122 1
    0  1936  3419 1
    0  1937    58 1
    0  1938  1895 1
    0  1939  1908 1
    0  1940   614 1
    0  1941     4 1
    0  1942  2543 1
    0  1943  1216 1
    0  1944   824 1
    0  1945  1823 1
    0  1946  1030 1
    0  1947  3239 1
    0  1948  2627 1
    0  1949  2959 1
    0  1950  1000 1
    0  1951  2953 1
    0  1952  1221 1
    0  1953  3904 1
    0  1954  3570 1
    0  1955  1623 1
    0  1956  1810 1
    0  1957  2644 1
    0  1958  2787 1
    0  1959  1517 1
    0  1960  2323 1
    0  1961  3873 1
    0  1962  2243 1
    0  1963  1688 1
    0  1964  3817 1
    0  1965   734 1
    0  1966   497 1
    0  1967  2640 1
    0  1968  2008 1
    0  1969  3498 1
    0  1970  1168 1
    0  1971  1881 1
    0  1972   589 1
    0  1973   539 1
    0  1974  1079 1
    0  1975   902 1
    0  1976  1196 1
    0  1977  2803 1
    0  1978  3180 1
    0  1979  1180 1
    0  1980  3815 1
    0  1981  2187 1
    0  1982   810 1
    0  1983  2498 1
    0  1984  1225 1
    0  1985  3781 1
    0  1986  3539 1
    0  1987  4081 1
    0  1988  2568 1
    0  1989  4046 1
    0  1990  2741 1
    0  1991  1350 1
    0  1992  2710 1
    0  1993  1035 1
    0  1994  1465 1
    0  1995  3424 1
    0  1996  1788 1
    0  1997   171 1
    0  1998  3398 1
    0  1999  1286 1
    0  2000  1924 1
    0  2001  1346 1
    0  2002  1849 1
    0  2003  3655 1
    0  2004  1022 1
    0  2005  1702 1
    0  2006  1152 1
    0  2007  2615 1
    0  2008   197 1
    0  2009  3876 1
    0  2010   520 1
    0  2011  2961 1
    0  2012  3464 1
    0  2013  4015 1
    0  2014   149 1
    0  2015   202 1
    0  2016  1428 1
    0  2017  1174 1
    0  2018  2830 1
    0  2019  1575 1
    0  2020  2902 1
    0  2021  1176 1
    0  2022  4060 1
    0  2023  1171 1
    0  2024  3743 1
    0  2025  2363 1
    0  2026   165 1
    0  2027   576 1
    0  2028  3238 1
    0  2029   366 1
    0  2030  2697 1
    0  2031  2792 1
    0  2032  3478 1
    0  2033  1704 1
    0  2034  1381 1
    0  2035  2216 1
    0  2036  2463 1
    0  2037  3028 1
    0  2038   783 1
    0  2039   312 1
    0  2040  2435 1
    0  2041   930 1
    0  2042  2116 1
    0  2043  2061 1
    0  2044  3850 1
    0  2045  2322 1
    0  2046   755 1
    0  2047  2610 1
    0  2048   274 1
    0  2049  3190 1
    0  2050  1904 1
    0  2051  1939 1
    0  2052  1800 1
    0  2053  1409 1
    0  2054  1415 1
    0  2055  3272 1
    0  2056  3748 1
    0  2057  1996 1
    0  2058  3083 1
    0  2059  3095 1
    0  2060  3456 1
    0  2061  2942 1
    0  2062  3637 1
    0  2063   614 1
    0  2064   891 1
    0  2065  1060 1
    0  2066  2191 1
    0  2067  2467 1
    0  2068  2464 1
    0  2069   301 1
    0  2070  1719 1
    0  2071  3193 1
    0  2072  3827 1
    0  2073  3918 1
    0  2074  2424 1
    0  2075  3015 1
    0  2076  3803 1
    0  2077  2477 1
    0  2078   723 1
    0  2079  1121 1
    0  2080  3394 1
    0  2081   797 1
    0  2082  2138 1
    0  2083  2207 1
    0  2084  3937 1
    0  2085  2188 1
    0  2086  2784 1
    0  2087  1199 1
    0  2088  1524 1
    0  2089   187 1
    0  2090  3181 1
    0  2091  1153 1
    0  2092    30 1
    0  2093  1202 1
    0  2094  1169 1
    0  2095  1695 1
    0  2096  1443 1
    0  2097  1738 1
    0  2098  2317 1
    0  2099  1642 1
    0  2100   748 1
    0  2101   783 1
    0  2102  2601 1
    0  2103  2920 1
    0  2104  2132 1
    0  2105  1500 1
    0  2106  2752 1
    0  2107    90 1
    0  2108  3762 1
    0  2109  2259 1
    0  2110  2960 1
    0  2111  1567 1
    0  2112  2603 1
    0  2113   618 1
    0  2114  3465 1
    0  2115  2585 1
    0  2116  3762 1
    0  2117  2289 1
    0  2118   584 1
    0  2119  2198 1
    0  2120  2813 1
    0  2121   982 1
    0  2122  3215 1
    0  2123   203 1
    0  2124   634 1
    0  2125   350 1
    0  2126   416 1
    0  2127   946 1
    0  2128  3741 1
    0  2129  1201 1
    0  2130  2639 1
    0  2131  2579 1
    0  2132  1634 1
    0  2133  2356 1
    0  2134  3864 1
    0  2135  2665 1
    0  2136  1934 1
    0  2137   469 1
    0  2138  2738 1
    0  2139  3718 1
    0  2140  2456 1
    0  2141  2752 1
    0  2142  1064 1
    0  2143  1472 1
    0  2144  1060 1
    0  2145   926 1
    0  2146  3261 1
    0  2147  3163 1
    0  2148   629 1
    0  2149  2610 1
    0  2150   609 1
    0  2151  1950 1
    0  2152  1776 1
    0  2153  3779 1
    0  2154   148 1
    0  2155  2423 1
    0  2156  2983 1
    0  2157  3182 1
    0  2158  3302 1
    0  2159  2734 1
    0  2160  2702 1
    0  2161   313 1
    0  2162  4064 1
    0  2163  2567 1
    0  2164  3479 1
    0  2165    74 1
    0  2166  1836 1
    0  2167  3563 1
    0  2168  3826 1
    0  2169  2721 1
    0  2170   721 1
    0  2171  2043 1
    0  2172  3659 1
    0  2173  2103 1
    0  2174  2021 1
    0  2175  3022 1
    0  2176   621 1
    0  2177  4013 1
    0  2178  2598 1
    0  2179  1788 1
    0  2180  1990 1
    0  2181  2613 1
    0  2182   233 1
    0  2183  3721 1
    0  2184   932 1
    0  2185  3088 1
    0  2186  4054 1
    0  2187  2142 1
    0  2188  2264 1
    0  2189   135 1
    0  2190   239 1
    0  2191  1291 1
    0  2192  2793 1
    0  2193  3939 1
    0  2194   836 1
    0  2195   763 1
    0  2196  1786 1
    0  2197  1694 1
    0  2198  2756 1
    0  2199  3839 1
    0  2200   335 1
    0  2201  3742 1
    0  2202   993 1
    0  2203  3006 1
    0  2204  2280 1
    0  2205  2863 1
    0  2206  1742 1
    0  2207  2382 1
    0  2208  2579 1
    0  2209  1438 1
    0  2210  1445 1
    0  2211  3347 1
    0  2212   287 1
    0  2213  2684 1
    0  2214  3941 1
    0  2215  2085 1
    0  2216  2008 1
    0  2217  2649 1
    0  2218  3496 1
    0  2219  1358 1
    0  2220  3506 1
    0  2221  2625 1
    0  2222  1712 1
    0  2223  4019 1
    0  2224   645 1
    0  2225  3639 1
    0  2226   672 1
    0  2227  1664 1
    0  2228  3895 1
    0  2229   982 1
    0  2230  1416 1
    0  2231   395 1
    0  2232  1111 1
    0  2233  2384 1
    0  2234  1280 1
    0  2235  3352 1
    0  2236  1000 1
    0  2237  2192 1
    0  2238  1523 1
    0  2239  2455 1
    0  2240  3372 1
    0  2241  3834 1
    0  2242  1247 1
    0  2243  1553 1
    0  2244  3436 1
    0  2245  2147 1
    0  2246   410 1
    0  2247  2879 1
    0  2248  2493 1
    0  2249   887 1
    0  2250  2254 1
    0  2251  2377 1
    0  2252  4087 1
    0  2253  2917 1
    0  2254  1208 1
    0  2255  1437 1
    0  2256   504 1
    0  2257  1853 1
    0  2258    47 1
    0  2259   285 1
    0  2260  4081 1
    0  2261   952 1
    0  2262   205 1
    0  2263  3080 1
    0  2264  3408 1
    0  2265  3481 1
    0  2266  3474 1
    0  2267  1302 1
    0  2268  2162 1
    0  2269  3836 1
    0  2270  1921 1
    0  2271  1962 1
    0  2272  3675 1
    0  2273  2632 1
    0  2274   539 1
    0  2275   797 1
    0  2276  2157 1
    0  2277  3184 1
    0  2278  1498 1
    0  2279  3630 1
    0  2280  4048 1
    0  2281  3017 1
    0  2282  2524 1
    0  2283    74 1
    0  2284  1658 1
    0  2285  1866 1
    0  2286  2605 1
    0  2287   502 1
    0  2288  3146 1
    0  2289  1795 1
    0  2290  2705 1
    0  2291   249 1
    0  2292  3024 1
    0  2293  3075 1
    0  2294   969 1
    0  2295  2254 1
    0  2296    24 1
    0  2297  3079 1
    0  2298   513 1
    0  2299  1686 1
    0  2300  1525 1
    0  2301   693 1
    0  2302   680 1
    0  2303  3887 1
    0  2304   171 1
    0  2305   928 1
    0  2306  2036 1
    0  2307  2320 1
    0  2308  3172 1
    0  2309  2232 1
    0  2310  1819 1
    0  2311  2018 1
    0  2312  2054 1
    0  2313   386 1
    0  2314  2133 1
    0  2315   414 1
    0  2316   865 1
    0  2317    53 1
    0  2318  3480 1
    0  2319   477 1
    0  2320  3056 1
    0  2321  1970 1
    0  2322  1500 1
    0  2323  1308 1
    0  2324  4053 1
    0  2325  1373 1
    0  2326   399 1
    0  2327  2290 1
    0  2328  2171 1
    0  2329  3371 1
    0  2330  2887 1
    0  2331  3309 1
    0  2332  2326 1
    0  2333  3713 1
    0  2334   853 1
    0  2335   240 1
    0  2336  2996 1
    0  2337   843 1
    0  2338   473 1
    0  2339  1778 1
    0  2340  3357 1
    0  2341  3659 1
    0  2342   231 1
    0  2343  1682 1
    0  2344  3401 1
    0  2345  1037 1
    0  2346  3744 1
    0  2347  1740 1
    0  2348   447 1
    0  2349  3534 1
    0  2350  1929 1
    0  2351  3500 1
    0  2352    35 1
    0  2353  1466 1
    0  2354  3467 1
    0  2355  3383 1
    0  2356   520 1
    0  2357  3907 1
    0  2358  3307 1
    0  2359   182 1
    0  2360  1492 1
    0  2361  2057 1
    0  2362   329 1
    0  2363  3347 1
    0  2364  2541 1
    0  2365   429 1
    0  2366  2485 1
    0  2367   748 1
    0  2368  3090 1
    0  2369  2668 1
    0  2370  2398 1
    0  2371   277 1
    0  2372  1081 1
    0  2373   441 1
    0  2374  3345 1
    0  2375  1003 1
    0  2376   835 1
    0  2377  2948 1
    0  2378  1231 1
    0  2379  2316 1
    0  2380  3704 1
    0  2381  1192 1
    0  2382   257 1
    0  2383   466 1
    0  2384  2680 1
    0  2385  1669 1
    0  2386  1845 1
    0  2387   515 1
    0  2388  1390 1
    0  2389  1819 1
    0  2390  2557 1
    0  2391  1415 1
    0  2392   259 1
    0  2393  3216 1
    0  2394    10 1
    0  2395   355 1
    0  2396  2456 1
    0  2397   792 1
    0  2398   397 1
    0  2399  1019 1
    0  2400  2097 1
    0  2401  1477 1
    0  2402  2141 1
    0  2403  2226 1
    0  2404  1750 1
    0  2405  1700 1
    0  2406   836 1
    0  2407  3804 1
    0  2408   122 1
    0  2409  2093 1
    0  2410  2608 1
    0  2411  3409 1
    0  2412  1142 1
    0  2413  1750 1
    0  2414  3506 1
    0  2415  3901 1
    0  2416  1236 1
    0  2417  2368 1
    0  2418  3602 1
    0  2419  3625 1
    0  2420  2902 1
    0  2421  2633 1
    0  2422  1455 1
    0  2423  1416 1
    0  2424  1198 1
    0  2425  2596 1
    0  2426  3999 1
    0  2427  2031 1
    0  2428  1807 1
    0  2429   336 1
    0  2430  2402 1
    0  2431  2818 1
    0  2432   353 1
    0  2433  3715 1
    0  2434  2021 1
    0  2435  2084 1
    0  2436  3195 1
    0  2437  2651 1
    0  2438   603 1
    0  2439   743 1
    0  2440  3770 1
    0  2441   531 1
    0  2442  1462 1
    0  2443  1762 1
    0  2444  1071 1
    0  2445  1421 1
    0  2446  2577 1
    0  2447  2901 1
    0  2448  1963 1
    0  2449  2480 1
    0  2450  3928 1
    0  2451  4037 1
    0  2452  2546 1
    0  2453  2904 1
    0  2454  2808 1
    0  2455   182 1
    0  2456  4055 1
    0  2457  2621 1
    0  2458  1796 1
    0  2459  2906 1
    0  2460   859 1
    0  2461  1982 1
    0  2462   365 1
    0  2463  2478 1
    0  2464  2364 1
    0  2465   288 1
    0  2466  1021 1
    0  2467  2984 1
    0  2468  3931 1
    0  2469  1427 1
    0  2470  2956 1
    0  2471  1291 1
    0  2472  2515 1
    0  2473   165 1
    0  2474  1322 1
    0  2475  2173 1
    0  2476  3707 1
    0  2477  3035 1
    0  2478  1326 1
    0  2479  1925 1
    0  2480  2189 1
    0  2481  3358 1
    0  2482  3939 1
    0  2483  2666 1
    0  2484    61 1
    0  2485   564 1
    0  2486  3566 1
    0  2487  2960 1
    0  2488  2749 1
    0  2489  1807 1
    0  2490   434 1
    0  2491  3662 1
    0  2492  3342 1
    0  2493   232 1
    0  2494  2658 1
    0  2495  2766 1
    0  2496   866 1
    0  2497   591 1
    0  2498  3122 1
    0  2499  3761 1
    0  2500  3563 1
    0  2501  3363 1
    0  2502  1892 1
    0  2503  3640 1
    0  2504  1185 1
    0  2505   620 1
    0  2506   818 1
    0  2507  3094 1
    0  2508  2747 1
    0  2509  2669 1
    0  2510  3688 1
    0  2511  2135 1
    0  2512  2316 1
    0  2513   329 1
    0  2514  4011 1
    0  2515   453 1
    0  2516  3897 1
    0  2517  3954 1
    0  2518  1190 1
    0  2519   857 1
    0  2520  1556 1
    0  2521  1607 1
    0  2522    15 1
    0  2523   376 1
    0  2524  2835 1
    0  2525  3511 1
    0  2526  3082 1
    0  2527  1072 1
    0  2528  2943 1
    0  2529  2556 1
    0  2530  2298 1
    0  2531  1486 1
    0  2532  1468 1
    0  2533  2517 1
    0  2534  3217 1
    0  2535  2903 1
    0  2536  3182 1
    0  2537  3274 1
    0  2538  3109 1
    0  2539  2330 1
    0  2540    75 1
    0  2541  3171 1
    0  2542  3818 1
    0  2543  1051 1
    0  2544  3556 1
    0  2545  1390 1
    0  2546  3471 1
    0  2547  1219 1
    0  2548   119 1
    0  2549  2733 1
    0  2550  1516 1
    0  2551  3043 1
    0  2552  3202 1
    0  2553  4053 1
    0  2554  2732 1
    0  2555  3099 1
    0  2556  3786 1
    0  2557  2522 1
    0  2558  2982 1
    0  2559  1047 1
    0  2560  1952 1
    0  2561  3165 1
    0  2562  3555 1
    0  2563  3357 1
    0  2564  4021 1
    0  2565  3914 1
    0  2566   123 1
    0  2567  2782 1
    0  2568   662 1
    0  2569  3027 1
    0  2570  2477 1
    0  2571   329 1
    0  2572  2891 1
    0  2573  3382 1
    0  2574  1784 1
    0  2575   292 1
    0  2576  1662 1
    0  2577  1377 1
    0  2578   493 1
    0  2579   341 1
    0  2580   497 1
    0  2581  1000 1
    0  2582  1472 1
    0  2583  3826 1
    0  2584  3707 1
    0  2585  2247 1
    0  2586    76 1
    0  2587  3888 1
    0  2588  1399 1
    0  2589  1330 1
    0  2590  2598 1
    0  2591   570 1
    0  2592  3809 1
    0  2593  2319 1
    0  2594   150 1
    0  2595   848 1
    0  2596  1422 1
    0  2597  2539 1
    0  2598  2480 1
    0  2599  4087 1
    0  2600  1160 1
    0  2601  2603 1
    0  2602  3392 1
    0  2603  3101 1
    0  2604  1203 1
    0  2605  1963 1
    0  2606  1808 1
    0  2607  2962 1
    0  2608  3266 1
    0  2609  3765 1
    0  2610  2442 1
    0  2611  2227 1
    0  2612  3891 1
    0  2613    14 1
    0  2614  1966 1
    0  2615  1317 1
    0  2616    91 1
    0  2617  2612 1
    0  2618  1734 1
    0  2619  2833 1
    0  2620   256 1
    0  2621  2634 1
    0  2622   561 1
    0  2623  3157 1
    0  2624  3163 1
    0  2625  2117 1
    0  2626  3235 1
    0  2627  2368 1
    0  2628  2212 1
    0  2629  3047 1
    0  2630  3104 1
    0  2631   822 1
    0  2632  2576 1
    0  2633  2301 1
    0  2634   354 1
    0  2635  2245 1
    0  2636  1464 1
    0  2637  1499 1
    0  2638  3289 1
    0  2639  2730 1
    0  2640  1331 1
    0  2641  2030 1
    0  2642  3660 1
    0  2643  3135 1
    0  2644  4052 1
    0  2645  2168 1
    0  2646  3819 1
    0  2647   118 1
    0  2648   739 1
    0  2649  3130 1
    0  2650  1714 1
    0  2651  4034 1
    0  2652  4088 1
    0  2653  2540 1
    0  2654  3580 1
    0  2655  1617 1
    0  2656  1654 1
    0  2657  3593 1
    0  2658  3111 1
    0  2659  3602 1
    0  2660   539 1
    0  2661   325 1
    0  2662  1829 1
    0  2663  2272 1
    0  2664   497 1
    0  2665  4089 1
    0  2666  2490 1
    0  2667  3754 1
    0  2668  3717 1
    0  2669  2629 1
    0  2670  3039 1
    0  2671  3521 1
    0  2672  1887 1
    0  2673   463 1
    0  2674  2370 1
    0  2675  2799 1
    0  2676   834 1
    0  2677  1414 1
    0  2678  1102 1
    0  2679    75 1
    0  2680  3575 1
    0  2681  3332 1
    0  2682  2527 1
    0  2683  4025 1
    0  2684  3328 1
    0  2685   954 1
    0  2686  3311 1
    0  2687  1519 1
    0  2688   633 1
    0  2689  2954 1
    0  2690  3384 1
    0  2691  4074 1
    0  2692  1104 1
    0  2693   777 1
    0  2694  3424 1
    0  2695  1217 1
    0  2696  1237 1
    0  2697  3438 1
    0  2698  2550 1
    0  2699  1162 1
    0  2700  2107 1
    0  2701  2552 1
    0  2702  2595 1
    0  2703  2232 1
    0  2704  1696 1
    0  2705  2732 1
    0  2706  1403 1
    0  2707  1863 1
    0  2708   472 1
    0  2709  3146 1
    0  2710  2571 1
    0  2711  1805 1
    0  2712  1458 1
    0  2713  3049 1
    0  2714  1192 1
    0  2715  3394 1
    0  2716  3443 1
    0  2717   984 1
    0  2718   284 1
    0  2719   529 1
    0  2720  3189 1
    0  2721  1659 1
    0  2722  3113 1
    0  2723  2354 1
    0  2724  1433 1
    0  2725   352 1
    0  2726  3681 1
    0  2727   911 1
    0  2728  1666 1
    0  2729  3687 1
    0  2730  2947 1
    0  2731  1563 1
    0  2732  2637 1
    0  2733  4033 1
    0  2734  2169 1
    0  2735  2051 1
    0  2736   813 1
    0  2737  3026 1
    0  2738  2993 1
    0  2739  3561 1
    0  2740  2892 1
    0  2741  1853 1
    0  2742  1357 1
    0  2743  2400 1
    0  2744   458 1
    0  2745   152 1
    0  2746   522 1
    0  2747  2671 1
    0  2748  1890 1
    0  2749  3505 1
    0  2750  3206 1
    0  2751  3461 1
    0  2752  2941 1
    0  2753  3715 1
    0  2754  2714 1
    0  2755   618 1
    0  2756  3161 1
    0  2757  3300 1
    0  2758  2595 1
    0  2759   486 1
    0  2760  3436 1
    0  2761  1761 1
    0  2762  2572 1
    0  2763    73 1
    0  2764  2849 1
    0  2765   120 1
    0  2766  3769 1
    0  2767  1093 1
    0  2768  2934 1
    0  2769  2303 1
    0  2770  3777 1
    0  2771  1198 1
    0  2772  2661 1
    0  2773   527 1
    0  2774  1428 1
    0  2775  3800 1
    0  2776  3912 1
    0  2777  1613 1
    0  2778  2710 1
    0  2779   919 1
    0  2780  1765 1
    0  2781  3005 1
    0  2782  1591 1
    0  2783  1390 1
    0  2784  2602 1
    0  2785  2234 1
    0  2786  2903 1
    0  2787   142 1
    0  2788  1119 1
    0  2789  1773 1
    0  2790  1625 1
    0  2791  2249 1
    0  2792  2190 1
    0  2793   527 1
    0  2794  3796 1
    0  2795  3069 1
    0  2796  1030 1
    0  2797  2127 1
    0  2798   955 1
    0  2799  3452 1
    0  2800  1494 1
    0  2801  2540 1
    0  2802   244 1
    0  2803  2643 1
    0  2804  1542 1
    0  2805   119 1
    0  2806   489 1
    0  2807  3148 1
    0  2808  1156 1
    0  2809   805 1
    0  2810  3625 1
    0  2811  3177 1
    0  2812  2742 1
    0  2813  3169 1
    0  2814  3880 1
    0  2815  2865 1
    0  2816  2936 1
    0  2817  2363 1
    0  2818  2826 1
    0  2819  2061 1
    0  2820  1432 1
    0  2821   241 1
    0  2822  3459 1
    0  2823  1978 1
    0  2824  2965 1
    0  2825   683 1
    0  2826   726 1
    0  2827  3953 1
    0  2828   124 1
    0  2829  2361 1
    0  2830  2341 1
    0  2831  1462 1
    0  2832  2705 1
    0  2833  1500 1
    0  2834  2579 1
    0  2835  3767 1
    0  2836  1929 1
    0  2837  2086 1
    0  2838   993 1
    0  2839  4018 1
    0  2840  3965 1
    0  2841   881 1
    0  2842  2170 1
    0  2843  1928 1
    0  2844    32 1
    0  2845   990 1
    0  2846  3832 1
    0  2847   505 1
    0  2848  1002 1
    0  2849   704 1
    0  2850  3514 1
    0  2851  3142 1
    0  2852  1044 1
    0  2853   758 1
    0  2854  4064 1
    0  2855  1120 1
    0  2856  2396 1
    0  2857  2906 1
    0  2858  4029 1
    0  2859  3613 1
    0  2860   202 1
    0  2861   609 1
    0  2862   782 1
    0  2863   863 1
    0  2864  1575 1
    0  2865  2382 1
    0  2866  1626 1
    0  2867  2979 1
    0  2868  3687 1
    0  2869  1465 1
    0  2870  2160 1
    0  2871  1425 1
    0  2872  1663 1
    0  2873   293 1
    0  2874  2169 1
    0  2875   187 1
    0  2876  1596 1
    0  2877  2889 1
    0  2878   110 1
    0  2879  1995 1
    0  2880  3841 1
    0  2881  1109 1
    0  2882  2335 1
    0  2883   934 1
    0  2884   338 1
    0  2885   275 1
    0  2886  3616 1
    0  2887  1981 1
    0  2888  1208 1
    0  2889  1823 1
    0  2890  1961 1
    0  2891  3883 1
    0  2892  2014 1
    0  2893  2221 1
    0  2894   872 1
    0  2895   796 1
    0  2896  3054 1
    0  2897  3497 1
    0  2898  1571 1
    0  2899  1578 1
    0  2900  2351 1
    0  2901  1219 1
    0  2902  3721 1
    0  2903  4089 1
    0  2904   783 1
    0  2905  3925 1
    0  2906   634 1
    0  2907   436 1
    0  2908   127 1
    0  2909  1181 1
    0  2910  1494 1
    0  2911   548 1
    0  2912  2312 1
    0  2913  3347 1
    0  2914   960 1
    0  2915  2114 1
    0  2916  1767 1
    0  2917  2047 1
    0  2918  1526 1
    0  2919   247 1
    0  2920  3988 1
    0  2921  2525 1
    0  2922  3008 1
    0  2923   644 1
    0  2924  3211 1
    0  2925  2131 1
    0  2926   320 1
    0  2927   305 1
    0  2928   265 1
    0  2929  2829 1
    0  2930  1661 1
    0  2931   149 1
    0  2932  3030 1
    0  2933   746 1
    0  2934  2963 1
    0  2935  1815 1
    0  2936  3895 1
    0  2937   442 1
    0  2938  1327 1
    0  2939  2391 1
    0  2940   151 1
    0  2941  3030 1
    0  2942  3364 1
    0  2943  1583 1
    0  2944  1319 1
    0  2945  3571 1
    0  2946   226 1
    0  2947  3345 1
    0  2948   620 1
    0  2949  2232 1
    0  2950  2160 1
    0  2951  1447 1
    0  2952    92 1
    0  2953   239 1
    0  2954  2454 1
    0  2955  3171 1
    0  2956  1542 1
    0  2957  1921 1
    0  2958   973 1
    0  2959   639 1
    0  2960  1952 1
    0  2961  3107 1
    0  2962  2679 1
    0  2963  1244 1
    0  2964  2892 1
    0  2965  1549 1
    0  2966  3502 1
    0  2967  2894 1
    0  2968  3349 1
    0  2969  2133 1
    0  2970  2426 1
    0  2971  3489 1
    0  2972  3993 1
    0  2973  3359 1
    0  2974  3051 1
    0  2975  1157 1
    0  2976  1995 1
    0  2977   426 1
    0  2978   333 1
    0  2979  4018 1
    0  2980  2755 1
    0  2981  2861 1
    0  2982   545 1
    0  2983  1990 1
    0  2984  1465 1
    0  2985  3012 1
    0  2986  1887 1
    0  2987  3968 1
    0  2988  3011 1
    0  2989   525 1
    0  2990  2385 1
    0  2991  1291 1
    0  2992   629 1
    0  2993  3079 1
    0  2994  3411 1
    0  2995  4020 1
    0  2996  1638 1
    0  2997  3454 1
    0  2998   958 1
    0  2999   233 1
    0  3000   191 1
    0  3001  1812 1
    0  3002  1285 1
    0  3003    19 1
    0  3004  3712 1
    0  3005  2061 1
    0  3006  2851 1
    0  3007   127 1
    0  3008  3426 1
    0  3009   664 1
    0  3010   217 1
    0  3011  3768 1
    0  3012  1700 1
    0  3013     3 1
    0  3014  3355 1
    0  3015  2338 1
    0  3016   155 1
    0  3017  1175 1
    0  3018  1783 1
    0  3019  3528 1
    0  3020   149 1
    0  3021  1600 1
    0  3022   450 1
    0  3023    28 1
    0  3024  2240 1
    0  3025  1599 1
    0  3026  1402 1
    0  3027  1068 1
    0  3028  1049 1
    0  3029  1609 1
    0  3030   854 1
    0  3031  3416 1
    0  3032  1144 1
    0  3033   398 1
    0  3034  1969 1
    0  3035  3257 1
    0  3036  1527 1
    0  3037  2032 1
    0  3038  2755 1
    0  3039  2841 1
    0  3040  1373 1
    0  3041  1740 1
    0  3042  2259 1
    0  3043  3224 1
    0  3044  3202 1
    0  3045  2405 1
    0  3046  1211 1
    0  3047  1120 1
    0  3048  3224 1
    0  3049   304 1
    0  3050  1971 1
    0  3051  1958 1
    0  3052   298 1
    0  3053  2727 1
    0  3054  1357 1
    0  3055  3041 1
    0  3056   612 1
    0  3057   196 1
    0  3058    69 1
    0  3059  4056 1
    0  3060  3844 1
    0  3061  2705 1
    0  3062  1127 1
    0  3063  3582 1
    0  3064  3890 1
    0  3065   722 1
    0  3066  3025 1
    0  3067  2992 1
    0  3068  3450 1
    0  3069  2348 1
    0  3070  1314 1
    0  3071  2406 1
    0  3072  2444 1
    0  3073  2572 1
    0  3074  3878 1
    0  3075  1813 1
    0  3076   956 1
    0  3077   745 1
    0  3078   838 1
    0  3079   919 1
    0  3080  3733 1
    0  3081   954 1
    0  3082  3849 1
    0  3083   471 1
    0  3084  3527 1
    0  3085  1272 1
    0  3086  3749 1
    0  3087  2222 1
    0  3088  1128 1
    0  3089  2067 1
    0  3090  3733 1
    0  3091  1934 1
    0  3092  1606 1
    0  3093  1014 1
    0  3094  2751 1
    0  3095   143 1
    0  3096  1380 1
    0  3097  2364 1
    0  3098   313 1
    0  3099  3410 1
    0  3100   451 1
    0  3101   936 1
    0  3102  2611 1
    0  3103  3726 1
    0  3104  2499 1
    0  3105  3578 1
    0  3106  2659 1
    0  3107  2888 1
    0  3108  3872 1
    0  3109   121 1
    0  3110   333 1
    0  3111  3187 1
    0  3112   449 1
    0  3113   928 1
    0  3114     0 1
    0  3115  2519 1
    0  3116  1897 1
    0  3117  2571 1
    0  3118   285 1
    0  3119  3524 1
    0  3120  1482 1
    0  3121  1373 1
    0  3122  2622 1
    0  3123  1199 1
    0  3124  2990 1
    0  3125  2322 1
    0  3126  1379 1
    0  3127  1275 1
    0  3128  3113 1
    0  3129  3688 1
    0  3130  2840 1
    0  3131  2266 1
    0  3132   648 1
    0  3133   588 1
    0  3134  2698 1
    0  3135   354 1
    0  3136   979 1
    0  3137  2112 1
    0  3138   655 1
    0  3139  3637 1
    0  3140  2232 1
    0  3141  3164 1
    0  3142  3821 1
    0  3143  2541 1
    0  3144  2787 1
    0  3145  1673 1
    0  3146  2427 1
    0  3147   214 1
    0  3148  2082 1
    0  3149  3803 1
    0  3150   670 1
    0  3151  1965 1
    0  3152  1183 1
    0  3153  1719 1
    0  3154  3134 1
    0  3155  2825 1
    0  3156  1836 1
    0  3157  3579 1
    0  3158  2989 1
    0  3159   245 1
    0  3160  1723 1
    0  3161   805 1
    0  3162  2215 1
    0  3163  1455 1
    0  3164  3973 1
    0  3165  3981 1
    0  3166  2608 1
    0  3167  1406 1
    0  3168  4049 1
    0  3169  1744 1
    0  3170  1730 1
    0  3171   493 1
    0  3172  1777 1
    0  3173  3138 1
    0  3174  3802 1
    0  3175  2959 1
    0  3176  2549 1
    0  3177   338 1
    0  3178   840 1
    0  3179  1346 1
    0  3180  3794 1
    0  3181   669 1
    0  3182   349 1
    0  3183  3623 1
    0  3184   898 1
    0  3185   354 1
    0  3186  3012 1
    0  3187  3902 1
    0  3188  1956 1
    0  3189  4069 1
    0  3190    63 1
    0  3191  3319 1
    0  3192  1582 1
    0  3193  1925 1
    0  3194   163 1
    0  3195  1836 1
    0  3196  3294 1
    0  3197  3849 1
    0  3198   844 1
    0  3199  4094 1
    0  3200  2221 1
    0  3201   563 1
    0  3202  3996 1
    0  3203  3905 1
    0  3204   777 1
    0  3205  1384 1
    0  3206  2870 1
    0  3207   589 1
    0  3208   526 1
    0  3209  2344 1
    0  3210   519 1
    0  3211   734 1
    0  3212  1579 1
    0  3213  2533 1
    0  3214  3440 1
    0  3215  2456 1
    0  3216  1875 1
    0  3217  1575 1
    0  3218  3597 1
    0  3219  1473 1
    0  3220  2305 1
    0  3221   962 1
    0  3222   454 1
    0  3223   742 1
    0  3224   907 1
    0  3225  1782 1
    0  3226  1948 1
    0  3227   774 1
    0  3228  1740 1
    0  3229  3127 1
    0  3230   154 1
    0  3231  4027 1
    0  3232  2331 1
    0  3233  1512 1
    0  3234  1662 1
    0  3235  3084 1
    0  3236  2260 1
    0  3237  1994 1
    0  3238  3134 1
    0  3239   744 1
    0  3240  3999 1
    0  3241  3239 1
    0  3242  2527 1
    0  3243   362 1
    0  3244  3851 1
    0  3245   733 1
    0  3246  3627 1
    0  3247    34 1
    0  3248  3399 1
    0  3249  4024 1
    0  3250  3848 1
    0  3251   613 1
    0  3252  1954 1
    0  3253     4 1
    0  3254   398 1
    0  3255  1598 1
    0  3256  3120 1
    0  3257   113 1
    0  3258  2322 1
    0  3259  2616 1
    0  3260  3224 1
    0  3261  1570 1
    0  3262  1970 1
    0  3263   288 1
    0  3264  1226 1
    0  3265  1749 1
    0  3266  2469 1
    0  3267  1534 1
    0  3268  1992 1
    0  3269  2142 1
    0  3270  2243 1
    0  3271  1512 1
    0  3272  1281 1
    0  3273  3343 1
    0  3274  2050 1
    0  3275  2525 1
    0  3276  1563 1
    0  3277  2692 1
    0  3278  2894 1
    0  3279   563 1
    0  3280   329 1
    0  3281   811 1
    0  3282  2771 1
    0  3283   118 1
    0  3284  2319 1
    0  3285  2400 1
    0  3286  2017 1
    0  3287  3538 1
    0  3288  2179 1
    0  3289   688 1
    0  3290  2910 1
    0  3291  3204 1
    0  3292  2795 1
    0  3293    55 1
    0  3294  2844 1
    0  3295  1421 1
    0  3296  1515 1
    0  3297  4033 1
    0  3298  1280 1
    0  3299  2569 1
    0  3300  3430 1
    0  3301   622 1
    0  3302  2167 1
    0  3303  3358 1
    0  3304  1353 1
    0  3305  3976 1
    0  3306  2816 1
    0  3307  2603 1
    0  3308  3275 1
    0  3309  2826 1
    0  3310   515 1
    0  3311  3767 1
    0  3312  3240 1
    0  3313  2688 1
    0  3314  4095 1
    0  3315  2918 1
    0  3316   523 1
    0  3317  2729 1
    0  3318  3646 1
    0  3319  1815 1
    0  3320  1271 1
    0  3321  1146 1
    0  3322  1649 1
    0  3323  3717 1
    0  3324  3436 1
    0  3325    33 1
    0  3326  3127 1
    0  3327  1607 1
    0  3328  1803 1
    0  3329  3049 1
    0  3330  2025 1
    0  3331    80 1
    0  3332   230 1
    0  3333  2034 1
    0  3334     7 1
    0  3335  1724 1
    0  3336  1404 1
    0  3337  3698 1
    0  3338   497 1
    0  3339  3997 1
    0  3340  3475 1
    0  3341  2866 1
    0  3342  3503 1
    0  3343  1742 1
    0  3344  1302 1
    0  3345   313 1
    0  3346   684 1
    0  3347    10 1
    0  3348   486 1
    0  3349  4025 1
    0  3350  1881 1
    0  3351  2823 1
    0  3352  1378 1
    0  3353   257 1
    0  3354  1379 1
    0  3355  2639 1
    0  3356  4010 1
    0  3357   184 1
    0  3358  1268 1
    0  3359  2811 1
    0  3360   310 1
    0  3361  1950 1
    0  3362  4001 1
    0  3363  1196 1
    0  3364  2106 1
    0  3365  2309 1
    0  3366  3842 1
    0  3367  1531 1
    0  3368  3080 1
    0  3369   714 1
    0  3370  2658 1
    0  3371  4026 1
    0  3372   907 1
    0  3373  1736 1
    0  3374  3213 1
    0  3375  2326 1
    0  3376  1018 1
    0  3377  2815 1
    0  3378  2160 1
    0  3379  3685 1
    0  3380  2856 1
    0  3381  2923 1
    0  3382  3311 1
    0  3383  3208 1
    0  3384  2714 1
    0  3385    77 1
    0  3386  2764 1
    0  3387   667 1
    0  3388  1374 1
    0  3389   509 1
    0  3390   343 1
    0  3391  3025 1
    0  3392  1653 1
    0  3393  3824 1
    0  3394  3745 1
    0  3395   961 1
    0  3396  3680 1
    0  3397  2659 1
    0  3398  1947 1
    0  3399  2386 1
    0  3400  1676 1
    0  3401  3488 1
    0  3402  1311 1
    0  3403  1985 1
    0  3404  3407 1
    0  3405  2084 1
    0  3406  2081 1
    0  3407  3209 1
    0  3408  3597 1
    0  3409  3162 1
    0  3410  1297 1
    0  3411  1029 1
    0  3412   398 1
    0  3413   163 1
    0  3414  2919 1
    0  3415  2163 1
    0  3416   624 1
    0  3417   946 1
    0  3418  4080 1
    0  3419   141 1
    0  3420   502 1
    0  3421  3621 1
    0  3422   209 1
    0  3423  1803 1
    0  3424   142 1
    0  3425   625 1
    0  3426  2237 1
    0  3427  1187 1
    0  3428   773 1
    0  3429   766 1
    0  3430  2090 1
    0  3431  1596 1
    0  3432  3577 1
    0  3433  2452 1
    0  3434  2503 1
    0  3435  2732 1
    0  3436   823 1
    0  3437  2754 1
    0  3438  2418 1
    0  3439   737 1
    0  3440   844 1
    0  3441  3451 1
    0  3442    13 1
    0  3443  1774 1
    0  3444  1361 1
    0  3445  1639 1
    0  3446   837 1
    0  3447  3864 1
    0  3448  2544 1
    0  3449  3683 1
    0  3450  1728 1
    0  3451  1023 1
    0  3452  1909 1
    0  3453  3003 1
    0  3454  1893 1
    0  3455   573 1
    0  3456  3108 1
    0  3457  2564 1
    0  3458  3090 1
    0  3459  1798 1
    0  3460  2933 1
    0  3461  2204 1
    0  3462  3728 1
    0  3463   651 1
    0  3464   250 1
    0  3465  3181 1
    0  3466   303 1
    0  3467  1488 1
    0  3468  2267 1
    0  3469  3814 1
    0  3470   285 1
    0  3471  2712 1
    0  3472  3894 1
    0  3473  3853 1
    0  3474  2800 1
    0  3475  2329 1
    0  3476   959 1
    0  3477  3851 1
    0  3478  2159 1
    0  3479  3943 1
    0  3480  2546 1
    0  3481   518 1
    0  3482  1699 1
    0  3483  3685 1
    0  3484  1181 1
    0  3485  1226 1
    0  3486  1696 1
    0  3487  3849 1
    0  3488  2072 1
    0  3489  3514 1
    0  3490  3785 1
    0  3491  3591 1
    0  3492  3293 1
    0  3493   906 1
    0  3494  3420 1
    0  3495   850 1
    0  3496  3249 1
    0  3497   188 1
    0  3498  3735 1
    0  3499  1019 1
    0  3500   488 1
    0  3501  1616 1
    0  3502  2865 1
    0  3503  2158 1
    0  3504   349 1
    0  3505  2338 1
    0  3506   130 1
    0  3507  3195 1
    0  3508  1320 1
    0  3509  2660 1
    0  3510  1852 1
    0  3511  2965 1
    0  3512  1541 1
    0  3513  1890 1
    0  3514  3093 1
    0  3515    59 1
    0  3516  2671 1
    0  3517  2841 1
    0  3518  1631 1
    0  3519  2931 1
    0  3520   322 1
    0  3521  3266 1
    0  3522  2470 1
    0  3523  3966 1
    0  3524  2011 1
    0  3525   347 1
    0  3526  2759 1
    0  3527  2394 1
    0  3528  3010 1
    0  3529  3984 1
    0  3530  4015 1
    0  3531  1846 1
    0  3532   583 1
    0  3533   516 1
    0  3534  1758 1
    0  3535   134 1
    0  3536  1604 1
    0  3537  3113 1
    0  3538  1212 1
    0  3539  4006 1
    0  3540    19 1
    0  3541  2841 1
    0  3542  1882 1
    0  3543  3935 1
    0  3544  1435 1
    0  3545  2845 1
    0  3546   783 1
    0  3547   261 1
    0  3548   250 1
    0  3549   380 1
    0  3550  1381 1
    0  3551  1479 1
    0  3552   636 1
    0  3553  2667 1
    0  3554  1896 1
    0  3555  4065 1
    0  3556  3426 1
    0  3557  3771 1
    0  3558   382 1
    0  3559   808 1
    0  3560   943 1
    0  3561   564 1
    0  3562  2925 1
    0  3563   263 1
    0  3564   402 1
    0  3565  2330 1
    0  3566  2547 1
    0  3567  1806 1
    0  3568  2190 1
    0  3569  3057 1
    0  3570  3473 1
    0  3571  2804 1
    0  3572  2507 1
    0  3573  1780 1
    0  3574  1148 1
    0  3575  4054 1
    0  3576  3984 1
    0  3577  1664 1
    0  3578  1099 1
    0  3579  2529 1
    0  3580   884 1
    0  3581   556 1
    0  3582  2497 1
    0  3583  3077 1
    0  3584   246 1
    0  3585  2349 1
    0  3586   251 1
    0  3587   698 1
    0  3588  1261 1
    0  3589    82 1
    0  3590  2879 1
    0  3591  3218 1
    0  3592  2182 1
    0  3593  1034 1
    0  3594  1967 1
    0  3595   329 1
    0  3596  2521 1
    0  3597   170 1
    0  3598  2096 1
    0  3599   122 1
    0  3600   643 1
    0  3601  3270 1
    0  3602  3205 1
    0  3603  1599 1
    0  3604  3129 1
    0  3605  2642 1
    0  3606  1252 1
    0  3607  3263 1
    0  3608  4095 1
    0  3609  3163 1
    0  3610  3401 1
    0  3611  2725 1
    0  3612  2990 1
    0  3613  2617 1
    0  3614  2314 1
    0  3615  3816 1
    0  3616  3295 1
    0  3617  3022 1
    0  3618  3704 1
    0  3619  1963 1
    0  3620  3067 1
    0  3621   687 1
    0  3622  3392 1
    0  3623   998 1
    0  3624  3799 1
    0  3625  3176 1
    0  3626  3506 1
    0  3627   922 1
    0  3628  2490 1
    0  3629  3259 1
    0  3630  1632 1
    0  3631  2383 1
    0  3632  2009 1
    0  3633  2707 1
    0  3634   284 1
    0  3635  3892 1
    0  3636  2313 1
    0  3637  1688 1
    0  3638  1453 1
    0  3639  2944 1
    0  3640    99 1
    0  3641   487 1
    0  3642  2867 1
    0  3643   401 1
    0  3644  1228 1
    0  3645   518 1
    0  3646    92 1
    0  3647   115 1
    0  3648  3676 1
    0  3649  1167 1
    0  3650  1272 1
    0  3651  3073 1
    0  3652  1766 1
    0  3653  2382 1
    0  3654  3694 1
    0  3655  3234 1
    0  3656  1028 1
    0  3657  2189 1
    0  3658  1364 1
    0  3659   844 1
    0  3660   453 1
    0  3661   588 1
    0  3662   329 1
    0  3663  3452 1
    0  3664  4053 1
    0  3665   541 1
    0  3666  3081 1
    0  3667  2090 1
    0  3668   555 1
    0  3669   959 1
    0  3670  1270 1
    0  3671   927 1
    0  3672  2573 1
    0  3673  3018 1
    0  3674   131 1
    0  3675  3469 1
    0  3676  3412 1
    0  3677  2769 1
    0  3678  1079 1
    0  3679  1563 1
    0  3680  1746 1
    0  3681  2666 1
    0  3682  2352 1
    0  3683  2263 1
    0  3684  2819 1
    0  3685  1194 1
    0  3686  3954 1
    0  3687  1973 1
    0  3688  1243 1
    0  3689  3492 1
    0  3690  3883 1
    0  3691  3569 1
    0  3692  1326 1
    0  3693   615 1
    0  3694   111 1
    0  3695  1858 1
    0  3696  1982 1
    0  3697  1096 1
    0  3698  2880 1
    0  3699  1936 1
    0  3700  3988 1
    0  3701  3305 1
    0  3702   461 1
    0  3703  1229 1
    0  3704  2788 1
    0  3705  1820 1
    0  3706  3458 1
    0  3707   762 1
    0  3708   143 1
    0  3709  2393 1
    0  3710    35 1
    0  3711  1648 1
    0  3712  3705 1
    0  3713  3170 1
    0  3714  3813 1
    0  3715  1488 1
    0  3716  2578 1
    0  3717  1882 1
    0  3718  3218 1
    0  3719  2397 1
    0  3720  2693 1
    0  3721  2776 1
    0  3722  1385 1
    0  3723  3186 1
    0  3724  1499 1
    0  3725  1607 1
    0  3726  3226 1
    0  3727  3508 1
    0  3728  1436 1
    0  3729  2926 1
    0  3730  1736 1
    0  3731  4073 1
    0  3732  2656 1
    0  3733    15 1
    0  3734  2550 1
    0  3735  3720 1
    0  3736  1149 1
    0  3737  1665 1
    0  3738   921 1
    0  3739  2837 1
    0  3740  3889 1
    0  3741  1413 1
    0  3742  3622 1
    0  3743  2663 1
    0  3744  1608 1
    0  3745  2787 1
    0  3746  3372 1
    0  3747  2130 1
    0  3748  1794 1
    0  3749   580 1
    0  3750   342 1
    0  3751  1155 1
    0  3752  1468 1
    0  3753   887 1
    0  3754  2959 1
    0  3755  2744 1
    0  3756   947 1
    0  3757  1166 1
    0  3758   574 1
    0  3759  2747 1
    0  3760   834 1
    0  3761  2760 1
    0  3762  1640 1
    0  3763  2137 1
    0  3764  1334 1
    0  3765  2230 1
    0  3766  3454 1
    0  3767   329 1
    0  3768  3451 1
    0  3769  2909 1
    0  3770  2917 1
    0  3771  1505 1
    0  3772  3933 1
    0  3773  1824 1
    0  3774  3594 1
    0  3775  2598 1
    0  3776  1580 1
    0  3777  3888 1
    0  3778  3962 1
    0  3779  1891 1
    0  3780  3073 1
    0  3781  4064 1
    0  3782  1543 1
    0  3783   957 1
    0  3784    89 1
    0  3785  2339 1
    0  3786  1271 1
    0  3787  1509 1
    0  3788  1859 1
    0  3789  1926 1
    0  3790  1955 1
    0  3791   181 1
    0  3792  2485 1
    0  3793  4067 1
    0  3794  2075 1
    0  3795  3517 1
    0  3796  2564 1
    0  3797  3515 1
    0  3798    28 1
    0  3799   318 1
    0  3800  3399 1
    0  3801   772 1
    0  3802  1451 1
    0  3803  1708 1
    0  3804  3053 1
    0  3805  1964 1
    0  3806  1140 1
    0  3807  3434 1
    0  3808  3979 1
    0  3809  2273 1
    0  3810  2949 1
    0  3811  3079 1
    0  3812  2527 1
    0  3813  1670 1
    0  3814  3831 1
    0  3815  1992 1
    0  3816  3377 1
    0  3817  3609 1
    0  3818  2591 1
    0  3819  2327 1
    0  3820  4026 1
    0  3821  3198 1
    0  3822  3814 1
    0  3823  1947 1
    0  3824  1240 1
    0  3825  3624 1
    0  3826  3933 1
    0  3827  1117 1
    0  3828  1286 1
    0  3829  2602 1
    0  3830    99 1
    0  3831   670 1
    0  3832  2574 1
    0  3833    12 1
    0  3834  3858 1
    0  3835   800 1
    0  3836  2834 1
    0  3837   314 1
    0  3838  2510 1
    0  3839  1912 1
    0  3840  3108 1
    0  3841  2422 1
    0  3842  1013 1
    0  3843  1591 1
    0  3844  2237 1
    0  3845  2513 1
    0  3846  1435 1
    0  3847   935 1
    0  3848  3649 1
    0  3849  1919 1
    0  3850  1240 1
    0  3851   200 1
    0  3852  3113 1
    0  3853  1063 1
    0  3854  3017 1
    0  3855  2493 1
    0  3856  1899 1
    0  3857  3188 1
    0  3858  1347 1
    0  3859   549 1
    0  3860  1316 1
    0  3861  2347 1
    0  3862  3271 1
    0  3863  1920 1
    0  3864   280 1
    0  3865  1960 1
    0  3866  3758 1
    0  3867  3294 1
    0  3868  1090 1
    0  3869   602 1
    0  3870   247 1
    0  3871  1695 1
    0  3872   302 1
    0  3873  1523 1
    0  3874  4067 1
    0  3875  3685 1
    0  3876   531 1
    0  3877   784 1
    0  3878   889 1
    0  3879  3655 1
    0  3880  2343 1
    0  3881  1997 1
    0  3882  2867 1
    0  3883  3246 1
    0  3884  2074 1
    0  3885  3085 1
    0  3886  1357 1
    0  3887  2061 1
    0  3888  1884 1
    0  3889  3261 1
    0  3890   353 1
    0  3891  2417 1
    0  3892  2458 1
    0  3893  3316 1
    0  3894  3693 1
    0  3895  1872 1
    0  3896   363 1
    0  3897  2832 1
    0  3898  1887 1
    0  3899  3505 1
    0  3900  3445 1
    0  3901  3862 1
    0  3902  3537 1
    0  3903  3914 1
    0  3904  3797 1
    0  3905  1679 1
    0  3906  3885 1
    0  3907  2958 1
    0  3908  3068 1
    0  3909  2248 1
    0  3910  1760 1
    0  3911   433 1
    0  3912   493 1
    0  3913  2363 1
    0  3914   329 1
    0  3915  2107 1
    0  3916   887 1
    0  3917  2332 1
    0  3918  2854 1
    0  3919  3576 1
    0  3920  2663 1
    0  3921  1483 1
    0  3922   900 1
    0  3923  3178 1
    0  3924  1261 1
    0  3925  2266 1
    0  3926   464 1
    0  3927  1995 1
    0  3928   192 1
    0  3929  1277 1
    0  3930  1023 1
    0  3931  3665 1
    0  3932  1972 1
    0  3933  1794 1
    0  3934   914 1
    0  3935  2722 1
    0  3936  1025 1
    0  3937  3188 1
    0  3938   915 1
    0  3939  1505 1
    0  3940  3550 1
    0  3941  3393 1
    0  3942  2418 1
    0  3943  4055 1
    0  3944  1067 1
    0  3945    70 1
    0  3946  2513 1
    0  3947   414 1
    0  3948  3516 1
    0  3949  2869 1
    0  3950  1784 1
    0  3951  3281 1
    0  3952  2820 1
    0  3953  1791 1
    0  3954  1595 1
    0  3955   241 1
    0  3956  3388 1
    0  3957  1636 1
    0  3958  1329 1
    0  3959  3978 1
    0  3960   709 1
    0  3961   822 1
    0  3962  1625 1
    0  3963  4013 1
    0  3964   755 1
    0  3965  2132 1
    0  3966   750 1
    0  3967   193 1
    0  3968  3691 1
    0  3969  1423 1
    0  3970  1706 1
    0  3971  3569 1
    0  3972  1622 1
    0  3973  3117 1
    0  3974   129 1
    0  3975  1250 1
    0  3976   617 1
    0  3977  3654 1
    0  3978  3458 1
    0  3979  1889 1
    0  3980  3204 1
    0  3981   466 1
    0  3982   355 1
    0  3983  1736 1
    0  3984  3497 1
    0  3985  3625 1
    0  3986   561 1
    0  3987  3357 1
    0  3988   469 1
    0  3989  3448 1
    0  3990  1245 1
    0  3991  2596 1
    0  3992  2736 1
    0  3993  1066 1
    0  3994   250 1
    0  3995  3793 1
    0  3996   324 1
    0  3997  2072 1
    0  3998    10 1
    0  3999  1651 1
    0  4000  3847 1
    0  4001  1646 1
    0  4002  1178 1
    0  4003   124 1
    0  4004  2685 1
    0  4005  3924 1
    0  4006  3896 1
    0  4007  3873 1
    0  4008   996 1
    0  4009  3084 1
    0  4010   326 1
    0  4011  1163 1
    0  4012  1365 1
    0  4013  2494 1
    0  4014   741 1
    0  4015   378 1
    0  4016  3670 1
    0  4017  1904 1
    0  4018  2642 1
    0  4019  1092 1
    0  4020  3615 1
    0  4021  1940 1
    0  4022  3388 1
    0  4023  1497 1
    0  4024  3876 1
    0  4025   155 1
    0  4026   975 1
    0  4027  2897 1
    0  4028   335 1
    0  4029  1896 1
    0  4030  2118 1
    0  4031  1674 1
    0  4032  2748 1
    0  4033   558 1
    0  4034   947 1
    0  4035  3769 1
    0  4036  1656 1
    0  4037   601 1
    0  4038   663 1
    0  4039  1144 1
    0  4040  2195 1
    0  4041  1176 1
    0  4042   835 1
    0  4043   863 1
    0  4044   717 1
    0  4045  3030 1
    0  4046  2183 1
    0  4047  2053 1
    0  4048  3705 1
    0  4049  3913 1
    0  4050  2247 1
    0  4051  3228 1
    0  4052   470 1
    0  4053  1554 1
    0  4054  2743 1
    0  4055   724 1
    0  4056  2148 1
    0  4057  2391 1
    0  4058   908 1
    0  4059  2126 1
    0  4060  2083 1
    0  4061  3514 1
    0  4062  4053 1
    0  4063  3772 1
    0  4064  3945 1
    0  4065  2174 1
    0  4066   200 1
    0  4067   836 1
    0  4068  1882 1
    0  4069  3465 1
    0  4070  3899 1
    0  4071  3434 1
    0  4072  2950 1
    0  4073  2012 1
    0  4074  1712 1
    0  4075  3744 1
    0  4076  3349 1
    0  4077  1248 1
    0  4078  1115 1
    0  4079  1206 1
    0  4080  2842 1
    0  4081  3709 1
    0  4082  1212 1
    0  4083  1378 1
    0  4084  1682 1
    0  4085   905 1
    0  4086  3945 1
    0  4087  3062 1
    0  4088   215 1
    0  4089   265 1
    0  4090  1007 1
    0  4091     3 1
    0  4092   596 1
    0  4093    63 1
    0  4094  3869 1
    0  4095  2074 1
