#traffic-pattern(4096-node) baseline src_greedy src_polling hcLtoS_greedy hcLtoS_polling hcStoL_greedy hcStoL_polling 
uniform		0.155680	0.358917	0.363841	0.371206	0.365295	0.341303	0.362127	
reversal	0.029785	0.082722	0.079787	0.086380	0.080502	0.067871	0.079430
matrix		0.029785	0.106161	0.105774	0.133789	0.107828	0.079826	0.103485
neighbor	0.060310	0.186813	0.186699	0.197472	0.187263	0.175217	0.185997
shuffle		0.250183	0.263290	0.264183	0.264389	0.264206	0.261887	0.264160
butterfly	0.050781	0.209290	0.205811	0.207512	0.205811	0.202412	0.205811
complement	0.062500	0.253510	0.238281	0.243019	0.238281	0.258972	0.238281
tornado		0.169449	0.169617	0.169617	0.169617	0.169617	0.169617	0.169617
#all-to-all(16-sw)	0.5	0.5			0.5			0.5			0.5			0.5			0.5
all-to-all(256-sw)	0.791667	1.0	1.0			1.0			1.0			1.0			1.0