#traffic-pattern(4096-node) baseline src_greedy src_polling hcLtoS_greedy hcLtoS_polling hcStoL_greedy hcStoL_polling 
uniform		0.386302	0.654423	0.66689		0.680047	0.674366	0.56971		0.652461	
reversal	0.175989	0.529523	0.513446	0.563366	0.525375	0.46637		0.496958
matrix		0.175989	0.511781	0.511781	0.589947	0.535522	0.433614	0.488041
neighbor	0.184789	0.399155	0.441318	0.499646	0.468254	0.350544	0.42401
shuffle		0.254457	0.374108	0.383948	0.4037		0.384215	0.342539	0.383762
butterfly	0.38492		0.38492		0.38492		0.38492		0.38492		0.38492		0.38492
complement	0.507937	0.507937	0.507937	0.507937	0.507937	0.507937	0.507937
tornado		0.269589	0.27014		0.27014		0.269957	0.269957	0.269957	0.269957
all-to-all(16-sw)	0.833333	1.0	1.0			1.0			1.0			1.0			1.0
all-to-all(64-sw)	0.75	1.0		1.0			1.0			1.0			1.0			1.0	
all-to-all(256-sw)	0.708333	1.0	1.0			1.0			1.0			1.0			1.0