#traffic-pattern(4096-node) baseline src_greedy src_polling hcLtoS_greedy hcLtoS_polling hcStoL_greedy hcStoL_polling 
uniform		0.16631		0.413888	0.431411	0.441469	0.437201	0.378248	0.425913	
reversal	0.027424	0.08032		0.0791783	0.0836754	0.0799337	0.0746171	0.0783006
matrix		0.027424	0.0982149	0.0954091	0.118304	0.0977657	0.0731029	0.0928183
neighbor	0.0739463	0.224923	0.226715	0.256473	0.238978	0.19359		0.216001
shuffle		0.286202	0.3014		0.302438	0.302874	0.302647	0.29956		0.302211
butterfly	0.375		0.375		0.375		0.375		0.375		0.375		0.375
complement	0.571429	0.571429	0.571429	0.571429	0.571429	0.571429	0.571429
tornado		0.214129	0.214774	0.214774	0.214774	0.214774	0.214565	0.214565
all-to-all(16-sw)	0.533334	1.0	1.0			1.0			1.0			1.0			1.0
all-to-all(256-sw)	0.833333	1.0	1.0			1.0			1.0			1.0			1.0