#traffic-pattern(4096-node) baseline src_greedy src_polling hcLtoS_greedy hcLtoS_polling hcStoL_greedy hcStoL_polling 
uniform		0.397461	0.776924	0.791698	0.812798	0.801625	0.687425	0.780126	
reversal	0.209517	0.443080	0.438029	0.466867	0.445688	0.397121	0.428859
matrix		0.186867	0.426566	0.426533	0.490472	0.446078	0.346739	0.405260
neighbor	0.146790	0.389638	0.420349	0.476573	0.423330	0.331228	0.416158
shuffle		0.250237	0.365240	0.377502	0.393131	0.377506	0.336832	0.377499
butterfly	0.253906	0.401119	0.413548	0.440643	0.415665	0.354004	0.411858
complement	0.250000	0.495567	0.494678	0.536213	0.506149	0.449814	0.485031
tornado		0.131849	0.314481	0.313551	0.311598	0.313520	0.314481	0.313520
all-to-all(16-sw)	0.666667	1.0	1.0			1.0			1.0			1.0			1.0
all-to-all(64-sw)	0.75	1.0		1.0			1.0			1.0			1.0			1.0	
all-to-all(256-sw)	0.791667	1.0	1.0			1.0			1.0			1.0			1.0