#traffic-pattern(4096-node) baseline src_greedy src_polling hcLtoS_greedy hcLtoS_polling hcStoL_greedy hcStoL_polling 
uniform		0.380266	0.644198	0.656470	0.669421	0.663829	0.560808	0.642266	
reversal	0.173239	0.521249	0.505423	0.554563	0.517166	0.459083	0.489193
matrix		0.173239	0.503784	0.503784	0.580729	0.527154	0.426839	0.480415
neighbor	0.181902	0.392918	0.434422	0.491839	0.460938	0.345067	0.417385
shuffle		0.250481	0.368263	0.377949	0.397392	0.378212	0.337187	0.377766
butterfly	0.378906	0.378906	0.378906	0.378906	0.378906	0.378906	0.378906
complement	0.500000	0.500000	0.500000	0.500000	0.500000	0.500000	0.500000
tornado		0.265377	0.265919	0.265919	0.265739	0.265739	0.265739	0.265739
all-to-all(16-sw)	0.625	0.75	0.75		0.75		0.75		0.75		0.75
all-to-all(64-sw)	0.65625	0.875	0.875		0.875		0.875		0.875		0.875	
all-to-all(256-sw)	0.664062	0.9375	0.9375	0.9375		0.9375		0.9375		0.9375