#traffic-pattern(4096-node) baseline src_greedy src_polling hcLtoS_greedy hcLtoS_polling hcStoL_greedy hcStoL_polling 
uniform		0.145521	0.362152	0.377485	0.386285	0.382551	0.330967	0.372674	
reversal	0.023996	0.070280	0.069281	0.073216	0.069942	0.065290	0.068513
matrix		0.023996	0.085938	0.083483	0.103516	0.085545	0.063965	0.081216
neighbor	0.064703	0.196808	0.198376	0.224414	0.209106	0.169391	0.189001
shuffle		0.250427	0.263725	0.264633	0.265015	0.264816	0.262115	0.264435
butterfly	0.328125	0.328125	0.328125	0.328125	0.328125	0.328125	0.328125
complement	0.500000	0.500000	0.500000	0.500000	0.500000	0.500000	0.500000
tornado		0.187363	0.187927	0.187927	0.187927	0.187927	0.187744	0.187744
all-to-all(16-sw)	0.266667	0.5	0.5			0.5			0.5			0.5			0.5
all-to-all(256-sw)	0.625	0.75	0.75		0.75		0.75		0.75		0.75