ID Allocation Policy is 0(low port first) / 1(Crossing Paths based method): 1
Address method is 0(destination_based) / 1(path_based): 1
 dst_based renewable label = 176
 path_based renewable label = 576


 (east, west, south, north, from host0,... east(vch2), south(vch2), west(vch2), north(vch2), from host(vch2)0,.. to host(vch2)0,..
 Node  0:   320 0 320 0 127 127 0 256 0 256 128 128
 Node  1:   384 128 320 0 128 128 0 192 0 256 127 127
 Node  2:   432 240 320 0 127 127 0 144 0 256 128 128
 Node  3:   480 336 320 0 128 128 0 96 0 256 127 127
 Node  4:   512 416 320 0 127 127 0 64 0 256 128 128
 Node  5:   544 480 320 0 128 128 0 32 0 256 127 127
 Node  6:   560 528 320 0 127 127 0 16 0 256 128 128
 Node  7:   576 560 320 0 128 128 0 0 0 256 127 127
 Node  8:   560 576 320 0 127 127 0 0 0 256 128 128
 Node  9:   528 560 320 0 128 128 16 0 0 256 127 127
 Node 10:   480 544 320 0 127 127 32 0 0 256 128 128
 Node 11:   416 512 320 0 128 128 64 0 0 256 127 127
 Node 12:   336 480 320 0 127 127 96 0 0 256 128 128
 Node 13:   240 432 320 0 128 128 144 0 0 256 127 127
 Node 14:   128 384 320 0 127 127 192 0 0 256 128 128
 Node 15:   0 320 320 0 128 128 256 0 0 256 127 127
 Node 16:   320 0 384 128 127 127 0 256 0 192 128 128
 Node 17:   384 128 384 128 128 128 0 192 0 192 127 127
 Node 18:   432 240 384 128 127 127 0 144 0 192 128 128
 Node 19:   480 336 384 128 128 128 0 96 0 192 127 127
 Node 20:   512 416 384 128 127 127 0 64 0 192 128 128
 Node 21:   544 480 384 128 128 128 0 32 0 192 127 127
 Node 22:   560 528 384 128 127 127 0 16 0 192 128 128
 Node 23:   576 560 384 128 128 128 0 0 0 192 127 127
 Node 24:   560 576 384 128 127 127 0 0 0 192 128 128
 Node 25:   528 560 384 128 128 128 16 0 0 192 127 127
 Node 26:   480 544 384 128 127 127 32 0 0 192 128 128
 Node 27:   416 512 384 128 128 128 64 0 0 192 127 127
 Node 28:   336 480 384 128 127 127 96 0 0 192 128 128
 Node 29:   240 432 384 128 128 128 144 0 0 192 127 127
 Node 30:   128 384 384 128 127 127 192 0 0 192 128 128
 Node 31:   0 320 384 128 128 128 256 0 0 192 127 127
 Node 32:   320 0 432 240 127 127 0 256 0 144 128 128
 Node 33:   384 128 432 240 128 128 0 192 0 144 127 127
 Node 34:   432 240 432 240 127 127 0 144 0 144 128 128
 Node 35:   480 336 432 240 128 128 0 96 0 144 127 127
 Node 36:   512 416 432 240 127 127 0 64 0 144 128 128
 Node 37:   544 480 432 240 128 128 0 32 0 144 127 127
 Node 38:   560 528 432 240 127 127 0 16 0 144 128 128
 Node 39:   576 560 432 240 128 128 0 0 0 144 127 127
 Node 40:   560 576 432 240 127 127 0 0 0 144 128 128
 Node 41:   528 560 432 240 128 128 16 0 0 144 127 127
 Node 42:   480 544 432 240 127 127 32 0 0 144 128 128
 Node 43:   416 512 432 240 128 128 64 0 0 144 127 127
 Node 44:   336 480 432 240 127 127 96 0 0 144 128 128
 Node 45:   240 432 432 240 128 128 144 0 0 144 127 127
 Node 46:   128 384 432 240 127 127 192 0 0 144 128 128
 Node 47:   0 320 432 240 128 128 256 0 0 144 127 127
 Node 48:   320 0 480 336 127 127 0 256 0 96 128 128
 Node 49:   384 128 480 336 128 128 0 192 0 96 127 127
 Node 50:   432 240 480 336 127 127 0 144 0 96 128 128
 Node 51:   480 336 480 336 128 128 0 96 0 96 127 127
 Node 52:   512 416 480 336 127 127 0 64 0 96 128 128
 Node 53:   544 480 480 336 128 128 0 32 0 96 127 127
 Node 54:   560 528 480 336 127 127 0 16 0 96 128 128
 Node 55:   576 560 480 336 128 128 0 0 0 96 127 127
 Node 56:   560 576 480 336 127 127 0 0 0 96 128 128
 Node 57:   528 560 480 336 128 128 16 0 0 96 127 127
 Node 58:   480 544 480 336 127 127 32 0 0 96 128 128
 Node 59:   416 512 480 336 128 128 64 0 0 96 127 127
 Node 60:   336 480 480 336 127 127 96 0 0 96 128 128
 Node 61:   240 432 480 336 128 128 144 0 0 96 127 127
 Node 62:   128 384 480 336 127 127 192 0 0 96 128 128
 Node 63:   0 320 480 336 128 128 256 0 0 96 127 127
 Node 64:   320 0 512 416 127 127 0 256 0 64 128 128
 Node 65:   384 128 512 416 128 128 0 192 0 64 127 127
 Node 66:   432 240 512 416 127 127 0 144 0 64 128 128
 Node 67:   480 336 512 416 128 128 0 96 0 64 127 127
 Node 68:   512 416 512 416 127 127 0 64 0 64 128 128
 Node 69:   544 480 512 416 128 128 0 32 0 64 127 127
 Node 70:   560 528 512 416 127 127 0 16 0 64 128 128
 Node 71:   576 560 512 416 128 128 0 0 0 64 127 127
 Node 72:   560 576 512 416 127 127 0 0 0 64 128 128
 Node 73:   528 560 512 416 128 128 16 0 0 64 127 127
 Node 74:   480 544 512 416 127 127 32 0 0 64 128 128
 Node 75:   416 512 512 416 128 128 64 0 0 64 127 127
 Node 76:   336 480 512 416 127 127 96 0 0 64 128 128
 Node 77:   240 432 512 416 128 128 144 0 0 64 127 127
 Node 78:   128 384 512 416 127 127 192 0 0 64 128 128
 Node 79:   0 320 512 416 128 128 256 0 0 64 127 127
 Node 80:   320 0 544 480 127 127 0 256 0 32 128 128
 Node 81:   384 128 544 480 128 128 0 192 0 32 127 127
 Node 82:   432 240 544 480 127 127 0 144 0 32 128 128
 Node 83:   480 336 544 480 128 128 0 96 0 32 127 127
 Node 84:   512 416 544 480 127 127 0 64 0 32 128 128
 Node 85:   544 480 544 480 128 128 0 32 0 32 127 127
 Node 86:   560 528 544 480 127 127 0 16 0 32 128 128
 Node 87:   576 560 544 480 128 128 0 0 0 32 127 127
 Node 88:   560 576 544 480 127 127 0 0 0 32 128 128
 Node 89:   528 560 544 480 128 128 16 0 0 32 127 127
 Node 90:   480 544 544 480 127 127 32 0 0 32 128 128
 Node 91:   416 512 544 480 128 128 64 0 0 32 127 127
 Node 92:   336 480 544 480 127 127 96 0 0 32 128 128
 Node 93:   240 432 544 480 128 128 144 0 0 32 127 127
 Node 94:   128 384 544 480 127 127 192 0 0 32 128 128
 Node 95:   0 320 544 480 128 128 256 0 0 32 127 127
 Node 96:   320 0 560 528 127 127 0 256 0 16 128 128
 Node 97:   384 128 560 528 128 128 0 192 0 16 127 127
 Node 98:   432 240 560 528 127 127 0 144 0 16 128 128
 Node 99:   480 336 560 528 128 128 0 96 0 16 127 127
 Node 100:   512 416 560 528 127 127 0 64 0 16 128 128
 Node 101:   544 480 560 528 128 128 0 32 0 16 127 127
 Node 102:   560 528 560 528 127 127 0 16 0 16 128 128
 Node 103:   576 560 560 528 128 128 0 0 0 16 127 127
 Node 104:   560 576 560 528 127 127 0 0 0 16 128 128
 Node 105:   528 560 560 528 128 128 16 0 0 16 127 127
 Node 106:   480 544 560 528 127 127 32 0 0 16 128 128
 Node 107:   416 512 560 528 128 128 64 0 0 16 127 127
 Node 108:   336 480 560 528 127 127 96 0 0 16 128 128
 Node 109:   240 432 560 528 128 128 144 0 0 16 127 127
 Node 110:   128 384 560 528 127 127 192 0 0 16 128 128
 Node 111:   0 320 560 528 128 128 256 0 0 16 127 127
 Node 112:   320 0 576 560 127 127 0 256 0 0 128 128
 Node 113:   384 128 576 560 128 128 0 192 0 0 127 127
 Node 114:   432 240 576 560 127 127 0 144 0 0 128 128
 Node 115:   480 336 576 560 128 128 0 96 0 0 127 127
 Node 116:   512 416 576 560 127 127 0 64 0 0 128 128
 Node 117:   544 480 576 560 128 128 0 32 0 0 127 127
 Node 118:   560 528 576 560 127 127 0 16 0 0 128 128
 Node 119:   576 560 576 560 128 128 0 0 0 0 127 127
 Node 120:   560 576 576 560 127 127 0 0 0 0 128 128
 Node 121:   528 560 576 560 128 128 16 0 0 0 127 127
 Node 122:   480 544 576 560 127 127 32 0 0 0 128 128
 Node 123:   416 512 576 560 128 128 64 0 0 0 127 127
 Node 124:   336 480 576 560 127 127 96 0 0 0 128 128
 Node 125:   240 432 576 560 128 128 144 0 0 0 127 127
 Node 126:   128 384 576 560 127 127 192 0 0 0 128 128
 Node 127:   0 320 576 560 128 128 256 0 0 0 127 127
 Node 128:   320 0 560 576 127 127 0 256 0 0 128 128
 Node 129:   384 128 560 576 128 128 0 192 0 0 127 127
 Node 130:   432 240 560 576 127 127 0 144 0 0 128 128
 Node 131:   480 336 560 576 128 128 0 96 0 0 127 127
 Node 132:   512 416 560 576 127 127 0 64 0 0 128 128
 Node 133:   544 480 560 576 128 128 0 32 0 0 127 127
 Node 134:   560 528 560 576 127 127 0 16 0 0 128 128
 Node 135:   576 560 560 576 128 128 0 0 0 0 127 127
 Node 136:   560 576 560 576 127 127 0 0 0 0 128 128
 Node 137:   528 560 560 576 128 128 16 0 0 0 127 127
 Node 138:   480 544 560 576 127 127 32 0 0 0 128 128
 Node 139:   416 512 560 576 128 128 64 0 0 0 127 127
 Node 140:   336 480 560 576 127 127 96 0 0 0 128 128
 Node 141:   240 432 560 576 128 128 144 0 0 0 127 127
 Node 142:   128 384 560 576 127 127 192 0 0 0 128 128
 Node 143:   0 320 560 576 128 128 256 0 0 0 127 127
 Node 144:   320 0 528 560 127 127 0 256 16 0 128 128
 Node 145:   384 128 528 560 128 128 0 192 16 0 127 127
 Node 146:   432 240 528 560 127 127 0 144 16 0 128 128
 Node 147:   480 336 528 560 128 128 0 96 16 0 127 127
 Node 148:   512 416 528 560 127 127 0 64 16 0 128 128
 Node 149:   544 480 528 560 128 128 0 32 16 0 127 127
 Node 150:   560 528 528 560 127 127 0 16 16 0 128 128
 Node 151:   576 560 528 560 128 128 0 0 16 0 127 127
 Node 152:   560 576 528 560 127 127 0 0 16 0 128 128
 Node 153:   528 560 528 560 128 128 16 0 16 0 127 127
 Node 154:   480 544 528 560 127 127 32 0 16 0 128 128
 Node 155:   416 512 528 560 128 128 64 0 16 0 127 127
 Node 156:   336 480 528 560 127 127 96 0 16 0 128 128
 Node 157:   240 432 528 560 128 128 144 0 16 0 127 127
 Node 158:   128 384 528 560 127 127 192 0 16 0 128 128
 Node 159:   0 320 528 560 128 128 256 0 16 0 127 127
 Node 160:   320 0 480 544 127 127 0 256 32 0 128 128
 Node 161:   384 128 480 544 128 128 0 192 32 0 127 127
 Node 162:   432 240 480 544 127 127 0 144 32 0 128 128
 Node 163:   480 336 480 544 128 128 0 96 32 0 127 127
 Node 164:   512 416 480 544 127 127 0 64 32 0 128 128
 Node 165:   544 480 480 544 128 128 0 32 32 0 127 127
 Node 166:   560 528 480 544 127 127 0 16 32 0 128 128
 Node 167:   576 560 480 544 128 128 0 0 32 0 127 127
 Node 168:   560 576 480 544 127 127 0 0 32 0 128 128
 Node 169:   528 560 480 544 128 128 16 0 32 0 127 127
 Node 170:   480 544 480 544 127 127 32 0 32 0 128 128
 Node 171:   416 512 480 544 128 128 64 0 32 0 127 127
 Node 172:   336 480 480 544 127 127 96 0 32 0 128 128
 Node 173:   240 432 480 544 128 128 144 0 32 0 127 127
 Node 174:   128 384 480 544 127 127 192 0 32 0 128 128
 Node 175:   0 320 480 544 128 128 256 0 32 0 127 127
 Node 176:   320 0 416 512 127 127 0 256 64 0 128 128
 Node 177:   384 128 416 512 128 128 0 192 64 0 127 127
 Node 178:   432 240 416 512 127 127 0 144 64 0 128 128
 Node 179:   480 336 416 512 128 128 0 96 64 0 127 127
 Node 180:   512 416 416 512 127 127 0 64 64 0 128 128
 Node 181:   544 480 416 512 128 128 0 32 64 0 127 127
 Node 182:   560 528 416 512 127 127 0 16 64 0 128 128
 Node 183:   576 560 416 512 128 128 0 0 64 0 127 127
 Node 184:   560 576 416 512 127 127 0 0 64 0 128 128
 Node 185:   528 560 416 512 128 128 16 0 64 0 127 127
 Node 186:   480 544 416 512 127 127 32 0 64 0 128 128
 Node 187:   416 512 416 512 128 128 64 0 64 0 127 127
 Node 188:   336 480 416 512 127 127 96 0 64 0 128 128
 Node 189:   240 432 416 512 128 128 144 0 64 0 127 127
 Node 190:   128 384 416 512 127 127 192 0 64 0 128 128
 Node 191:   0 320 416 512 128 128 256 0 64 0 127 127
 Node 192:   320 0 336 480 127 127 0 256 96 0 128 128
 Node 193:   384 128 336 480 128 128 0 192 96 0 127 127
 Node 194:   432 240 336 480 127 127 0 144 96 0 128 128
 Node 195:   480 336 336 480 128 128 0 96 96 0 127 127
 Node 196:   512 416 336 480 127 127 0 64 96 0 128 128
 Node 197:   544 480 336 480 128 128 0 32 96 0 127 127
 Node 198:   560 528 336 480 127 127 0 16 96 0 128 128
 Node 199:   576 560 336 480 128 128 0 0 96 0 127 127
 Node 200:   560 576 336 480 127 127 0 0 96 0 128 128
 Node 201:   528 560 336 480 128 128 16 0 96 0 127 127
 Node 202:   480 544 336 480 127 127 32 0 96 0 128 128
 Node 203:   416 512 336 480 128 128 64 0 96 0 127 127
 Node 204:   336 480 336 480 127 127 96 0 96 0 128 128
 Node 205:   240 432 336 480 128 128 144 0 96 0 127 127
 Node 206:   128 384 336 480 127 127 192 0 96 0 128 128
 Node 207:   0 320 336 480 128 128 256 0 96 0 127 127
 Node 208:   320 0 240 432 127 127 0 256 144 0 128 128
 Node 209:   384 128 240 432 128 128 0 192 144 0 127 127
 Node 210:   432 240 240 432 127 127 0 144 144 0 128 128
 Node 211:   480 336 240 432 128 128 0 96 144 0 127 127
 Node 212:   512 416 240 432 127 127 0 64 144 0 128 128
 Node 213:   544 480 240 432 128 128 0 32 144 0 127 127
 Node 214:   560 528 240 432 127 127 0 16 144 0 128 128
 Node 215:   576 560 240 432 128 128 0 0 144 0 127 127
 Node 216:   560 576 240 432 127 127 0 0 144 0 128 128
 Node 217:   528 560 240 432 128 128 16 0 144 0 127 127
 Node 218:   480 544 240 432 127 127 32 0 144 0 128 128
 Node 219:   416 512 240 432 128 128 64 0 144 0 127 127
 Node 220:   336 480 240 432 127 127 96 0 144 0 128 128
 Node 221:   240 432 240 432 128 128 144 0 144 0 127 127
 Node 222:   128 384 240 432 127 127 192 0 144 0 128 128
 Node 223:   0 320 240 432 128 128 256 0 144 0 127 127
 Node 224:   320 0 128 384 127 127 0 256 192 0 128 128
 Node 225:   384 128 128 384 128 128 0 192 192 0 127 127
 Node 226:   432 240 128 384 127 127 0 144 192 0 128 128
 Node 227:   480 336 128 384 128 128 0 96 192 0 127 127
 Node 228:   512 416 128 384 127 127 0 64 192 0 128 128
 Node 229:   544 480 128 384 128 128 0 32 192 0 127 127
 Node 230:   560 528 128 384 127 127 0 16 192 0 128 128
 Node 231:   576 560 128 384 128 128 0 0 192 0 127 127
 Node 232:   560 576 128 384 127 127 0 0 192 0 128 128
 Node 233:   528 560 128 384 128 128 16 0 192 0 127 127
 Node 234:   480 544 128 384 127 127 32 0 192 0 128 128
 Node 235:   416 512 128 384 128 128 64 0 192 0 127 127
 Node 236:   336 480 128 384 127 127 96 0 192 0 128 128
 Node 237:   240 432 128 384 128 128 144 0 192 0 127 127
 Node 238:   128 384 128 384 127 127 192 0 192 0 128 128
 Node 239:   0 320 128 384 128 128 256 0 192 0 127 127
 Node 240:   320 0 0 320 127 127 0 256 256 0 128 128
 Node 241:   384 128 0 320 128 128 0 192 256 0 127 127
 Node 242:   432 240 0 320 127 127 0 144 256 0 128 128
 Node 243:   480 336 0 320 128 128 0 96 256 0 127 127
 Node 244:   512 416 0 320 127 127 0 64 256 0 128 128
 Node 245:   544 480 0 320 128 128 0 32 256 0 127 127
 Node 246:   560 528 0 320 127 127 0 16 256 0 128 128
 Node 247:   576 560 0 320 128 128 0 0 256 0 127 127
 Node 248:   560 576 0 320 127 127 0 0 256 0 128 128
 Node 249:   528 560 0 320 128 128 16 0 256 0 127 127
 Node 250:   480 544 0 320 127 127 32 0 256 0 128 128
 Node 251:   416 512 0 320 128 128 64 0 256 0 127 127
 Node 252:   336 480 0 320 127 127 96 0 256 0 128 128
 Node 253:   240 432 0 320 128 128 144 0 256 0 127 127
 Node 254:   128 384 0 320 127 127 192 0 256 0 128 128
 Node 255:   0 320 0 320 128 128 256 0 256 0 127 127

(Maximum) Crossing Paths: 576
The number of paths on this application : 65280 (all-to-all cases: 65280)
The average hops : 8.152941
ID size(without ID modification)829
(Maximum) number of slots: 576
