ID Allocation Policy is 0(low port first) / 1(Crossing Paths based method): 1
Address method is 0(destination_based) / 1(path_based): 1
 dst_based renewable label = 255
 path_based renewable label = 1024


 (east, west, south, north, from host0,... east(vch2), south(vch2), west(vch2), north(vch2), from host(vch2)0,.. to host(vch2)0,..
 Node  0:   240 0 240 0 255 255
 Node  1:   448 240 240 0 255 255
 Node  2:   624 448 240 0 255 255
 Node  3:   768 624 240 0 255 255
 Node  4:   880 768 240 0 255 255
 Node  5:   960 880 240 0 255 255
 Node  6:   1008 960 240 0 255 255
 Node  7:   1024 1008 240 0 255 255
 Node  8:   1008 1024 240 0 255 255
 Node  9:   960 1008 240 0 255 255
 Node 10:   880 960 240 0 255 255
 Node 11:   768 880 240 0 255 255
 Node 12:   624 768 240 0 255 255
 Node 13:   448 624 240 0 255 255
 Node 14:   240 448 240 0 255 255
 Node 15:   0 240 240 0 255 255
 Node 16:   240 0 448 240 255 255
 Node 17:   448 240 448 240 255 255
 Node 18:   624 448 448 240 255 255
 Node 19:   768 624 448 240 255 255
 Node 20:   880 768 448 240 255 255
 Node 21:   960 880 448 240 255 255
 Node 22:   1008 960 448 240 255 255
 Node 23:   1024 1008 448 240 255 255
 Node 24:   1008 1024 448 240 255 255
 Node 25:   960 1008 448 240 255 255
 Node 26:   880 960 448 240 255 255
 Node 27:   768 880 448 240 255 255
 Node 28:   624 768 448 240 255 255
 Node 29:   448 624 448 240 255 255
 Node 30:   240 448 448 240 255 255
 Node 31:   0 240 448 240 255 255
 Node 32:   240 0 624 448 255 255
 Node 33:   448 240 624 448 255 255
 Node 34:   624 448 624 448 255 255
 Node 35:   768 624 624 448 255 255
 Node 36:   880 768 624 448 255 255
 Node 37:   960 880 624 448 255 255
 Node 38:   1008 960 624 448 255 255
 Node 39:   1024 1008 624 448 255 255
 Node 40:   1008 1024 624 448 255 255
 Node 41:   960 1008 624 448 255 255
 Node 42:   880 960 624 448 255 255
 Node 43:   768 880 624 448 255 255
 Node 44:   624 768 624 448 255 255
 Node 45:   448 624 624 448 255 255
 Node 46:   240 448 624 448 255 255
 Node 47:   0 240 624 448 255 255
 Node 48:   240 0 768 624 255 255
 Node 49:   448 240 768 624 255 255
 Node 50:   624 448 768 624 255 255
 Node 51:   768 624 768 624 255 255
 Node 52:   880 768 768 624 255 255
 Node 53:   960 880 768 624 255 255
 Node 54:   1008 960 768 624 255 255
 Node 55:   1024 1008 768 624 255 255
 Node 56:   1008 1024 768 624 255 255
 Node 57:   960 1008 768 624 255 255
 Node 58:   880 960 768 624 255 255
 Node 59:   768 880 768 624 255 255
 Node 60:   624 768 768 624 255 255
 Node 61:   448 624 768 624 255 255
 Node 62:   240 448 768 624 255 255
 Node 63:   0 240 768 624 255 255
 Node 64:   240 0 880 768 255 255
 Node 65:   448 240 880 768 255 255
 Node 66:   624 448 880 768 255 255
 Node 67:   768 624 880 768 255 255
 Node 68:   880 768 880 768 255 255
 Node 69:   960 880 880 768 255 255
 Node 70:   1008 960 880 768 255 255
 Node 71:   1024 1008 880 768 255 255
 Node 72:   1008 1024 880 768 255 255
 Node 73:   960 1008 880 768 255 255
 Node 74:   880 960 880 768 255 255
 Node 75:   768 880 880 768 255 255
 Node 76:   624 768 880 768 255 255
 Node 77:   448 624 880 768 255 255
 Node 78:   240 448 880 768 255 255
 Node 79:   0 240 880 768 255 255
 Node 80:   240 0 960 880 255 255
 Node 81:   448 240 960 880 255 255
 Node 82:   624 448 960 880 255 255
 Node 83:   768 624 960 880 255 255
 Node 84:   880 768 960 880 255 255
 Node 85:   960 880 960 880 255 255
 Node 86:   1008 960 960 880 255 255
 Node 87:   1024 1008 960 880 255 255
 Node 88:   1008 1024 960 880 255 255
 Node 89:   960 1008 960 880 255 255
 Node 90:   880 960 960 880 255 255
 Node 91:   768 880 960 880 255 255
 Node 92:   624 768 960 880 255 255
 Node 93:   448 624 960 880 255 255
 Node 94:   240 448 960 880 255 255
 Node 95:   0 240 960 880 255 255
 Node 96:   240 0 1008 960 255 255
 Node 97:   448 240 1008 960 255 255
 Node 98:   624 448 1008 960 255 255
 Node 99:   768 624 1008 960 255 255
 Node 100:   880 768 1008 960 255 255
 Node 101:   960 880 1008 960 255 255
 Node 102:   1008 960 1008 960 255 255
 Node 103:   1024 1008 1008 960 255 255
 Node 104:   1008 1024 1008 960 255 255
 Node 105:   960 1008 1008 960 255 255
 Node 106:   880 960 1008 960 255 255
 Node 107:   768 880 1008 960 255 255
 Node 108:   624 768 1008 960 255 255
 Node 109:   448 624 1008 960 255 255
 Node 110:   240 448 1008 960 255 255
 Node 111:   0 240 1008 960 255 255
 Node 112:   240 0 1024 1008 255 255
 Node 113:   448 240 1024 1008 255 255
 Node 114:   624 448 1024 1008 255 255
 Node 115:   768 624 1024 1008 255 255
 Node 116:   880 768 1024 1008 255 255
 Node 117:   960 880 1024 1008 255 255
 Node 118:   1008 960 1024 1008 255 255
 Node 119:   1024 1008 1024 1008 255 255
 Node 120:   1008 1024 1024 1008 255 255
 Node 121:   960 1008 1024 1008 255 255
 Node 122:   880 960 1024 1008 255 255
 Node 123:   768 880 1024 1008 255 255
 Node 124:   624 768 1024 1008 255 255
 Node 125:   448 624 1024 1008 255 255
 Node 126:   240 448 1024 1008 255 255
 Node 127:   0 240 1024 1008 255 255
 Node 128:   240 0 1008 1024 255 255
 Node 129:   448 240 1008 1024 255 255
 Node 130:   624 448 1008 1024 255 255
 Node 131:   768 624 1008 1024 255 255
 Node 132:   880 768 1008 1024 255 255
 Node 133:   960 880 1008 1024 255 255
 Node 134:   1008 960 1008 1024 255 255
 Node 135:   1024 1008 1008 1024 255 255
 Node 136:   1008 1024 1008 1024 255 255
 Node 137:   960 1008 1008 1024 255 255
 Node 138:   880 960 1008 1024 255 255
 Node 139:   768 880 1008 1024 255 255
 Node 140:   624 768 1008 1024 255 255
 Node 141:   448 624 1008 1024 255 255
 Node 142:   240 448 1008 1024 255 255
 Node 143:   0 240 1008 1024 255 255
 Node 144:   240 0 960 1008 255 255
 Node 145:   448 240 960 1008 255 255
 Node 146:   624 448 960 1008 255 255
 Node 147:   768 624 960 1008 255 255
 Node 148:   880 768 960 1008 255 255
 Node 149:   960 880 960 1008 255 255
 Node 150:   1008 960 960 1008 255 255
 Node 151:   1024 1008 960 1008 255 255
 Node 152:   1008 1024 960 1008 255 255
 Node 153:   960 1008 960 1008 255 255
 Node 154:   880 960 960 1008 255 255
 Node 155:   768 880 960 1008 255 255
 Node 156:   624 768 960 1008 255 255
 Node 157:   448 624 960 1008 255 255
 Node 158:   240 448 960 1008 255 255
 Node 159:   0 240 960 1008 255 255
 Node 160:   240 0 880 960 255 255
 Node 161:   448 240 880 960 255 255
 Node 162:   624 448 880 960 255 255
 Node 163:   768 624 880 960 255 255
 Node 164:   880 768 880 960 255 255
 Node 165:   960 880 880 960 255 255
 Node 166:   1008 960 880 960 255 255
 Node 167:   1024 1008 880 960 255 255
 Node 168:   1008 1024 880 960 255 255
 Node 169:   960 1008 880 960 255 255
 Node 170:   880 960 880 960 255 255
 Node 171:   768 880 880 960 255 255
 Node 172:   624 768 880 960 255 255
 Node 173:   448 624 880 960 255 255
 Node 174:   240 448 880 960 255 255
 Node 175:   0 240 880 960 255 255
 Node 176:   240 0 768 880 255 255
 Node 177:   448 240 768 880 255 255
 Node 178:   624 448 768 880 255 255
 Node 179:   768 624 768 880 255 255
 Node 180:   880 768 768 880 255 255
 Node 181:   960 880 768 880 255 255
 Node 182:   1008 960 768 880 255 255
 Node 183:   1024 1008 768 880 255 255
 Node 184:   1008 1024 768 880 255 255
 Node 185:   960 1008 768 880 255 255
 Node 186:   880 960 768 880 255 255
 Node 187:   768 880 768 880 255 255
 Node 188:   624 768 768 880 255 255
 Node 189:   448 624 768 880 255 255
 Node 190:   240 448 768 880 255 255
 Node 191:   0 240 768 880 255 255
 Node 192:   240 0 624 768 255 255
 Node 193:   448 240 624 768 255 255
 Node 194:   624 448 624 768 255 255
 Node 195:   768 624 624 768 255 255
 Node 196:   880 768 624 768 255 255
 Node 197:   960 880 624 768 255 255
 Node 198:   1008 960 624 768 255 255
 Node 199:   1024 1008 624 768 255 255
 Node 200:   1008 1024 624 768 255 255
 Node 201:   960 1008 624 768 255 255
 Node 202:   880 960 624 768 255 255
 Node 203:   768 880 624 768 255 255
 Node 204:   624 768 624 768 255 255
 Node 205:   448 624 624 768 255 255
 Node 206:   240 448 624 768 255 255
 Node 207:   0 240 624 768 255 255
 Node 208:   240 0 448 624 255 255
 Node 209:   448 240 448 624 255 255
 Node 210:   624 448 448 624 255 255
 Node 211:   768 624 448 624 255 255
 Node 212:   880 768 448 624 255 255
 Node 213:   960 880 448 624 255 255
 Node 214:   1008 960 448 624 255 255
 Node 215:   1024 1008 448 624 255 255
 Node 216:   1008 1024 448 624 255 255
 Node 217:   960 1008 448 624 255 255
 Node 218:   880 960 448 624 255 255
 Node 219:   768 880 448 624 255 255
 Node 220:   624 768 448 624 255 255
 Node 221:   448 624 448 624 255 255
 Node 222:   240 448 448 624 255 255
 Node 223:   0 240 448 624 255 255
 Node 224:   240 0 240 448 255 255
 Node 225:   448 240 240 448 255 255
 Node 226:   624 448 240 448 255 255
 Node 227:   768 624 240 448 255 255
 Node 228:   880 768 240 448 255 255
 Node 229:   960 880 240 448 255 255
 Node 230:   1008 960 240 448 255 255
 Node 231:   1024 1008 240 448 255 255
 Node 232:   1008 1024 240 448 255 255
 Node 233:   960 1008 240 448 255 255
 Node 234:   880 960 240 448 255 255
 Node 235:   768 880 240 448 255 255
 Node 236:   624 768 240 448 255 255
 Node 237:   448 624 240 448 255 255
 Node 238:   240 448 240 448 255 255
 Node 239:   0 240 240 448 255 255
 Node 240:   240 0 0 240 255 255
 Node 241:   448 240 0 240 255 255
 Node 242:   624 448 0 240 255 255
 Node 243:   768 624 0 240 255 255
 Node 244:   880 768 0 240 255 255
 Node 245:   960 880 0 240 255 255
 Node 246:   1008 960 0 240 255 255
 Node 247:   1024 1008 0 240 255 255
 Node 248:   1008 1024 0 240 255 255
 Node 249:   960 1008 0 240 255 255
 Node 250:   880 960 0 240 255 255
 Node 251:   768 880 0 240 255 255
 Node 252:   624 768 0 240 255 255
 Node 253:   448 624 0 240 255 255
 Node 254:   240 448 0 240 255 255
 Node 255:   0 240 0 240 255 255

(Maximum) Crossing Paths: 1024
The number of paths on this application : 65280 (all-to-all cases: 65280)
The average hops : 11.666667
ID size(without ID modification)1421
(Maximum) number of slots: 1024
