247.5
575
1540.67
3673.28
13347
245
712.5
2286.25
7993.14
29646.5
245
712.5
2286.25
7993.14
29646.5
120
204.375
160.82
258.399
608.394
160
356.25
993.435
3231.8
11550.9
190
480
1420
4740
17140
210
570
1770
6090
22410
185
433.125
1156.72
3558.4
12199.2
182.5
337.5
871.953
2129.75
5485.19
150
345
1028.75
3069.38
10349.7
150
345
1028.75
3232.5
11535.9
90
146.563
149.883
223.71
411.835
140
341.25
980.935
3220.55
11540.3
150
360
1020
3300
11700
90
330
970
3210
11530
160
602.813
1865.24
6306.37
22866.9
