ID Allocation Policy is 0(low port first) / 1(Crossing Paths based method): 1
Address method is 0(destination_based) / 1(path_based): 1
 dst_based renewable label = 16
 path_based renewable label = 16


 (east, west, south, north, from host0,... east(vch2), south(vch2), west(vch2), north(vch2), from host(vch2)0,.. to host(vch2)0,..
 Node  0:   1 0 1 0 1 1
 Node  1:   1 1 1 0 1 1
 Node  2:   2 1 1 0 1 1
 Node  3:   2 2 1 0 1 1
 Node  4:   3 2 1 0 1 1
 Node  5:   3 3 1 0 1 1
 Node  6:   4 3 1 0 1 1
 Node  7:   4 4 1 0 1 1
 Node  8:   5 4 1 0 1 1
 Node  9:   5 5 1 0 1 1
 Node 10:   6 5 1 0 1 1
 Node 11:   6 6 1 0 1 1
 Node 12:   7 6 1 0 1 1
 Node 13:   7 7 1 0 1 1
 Node 14:   8 7 1 0 1 1
 Node 15:   8 8 1 0 1 1
 Node 16:   8 8 1 0 1 1
 Node 17:   7 8 1 0 1 1
 Node 18:   7 7 1 0 1 1
 Node 19:   6 7 1 0 1 1
 Node 20:   6 6 1 0 1 1
 Node 21:   5 6 1 0 1 1
 Node 22:   5 5 1 0 1 1
 Node 23:   4 5 1 0 1 1
 Node 24:   4 4 1 0 1 1
 Node 25:   3 4 1 0 1 1
 Node 26:   3 3 1 0 1 1
 Node 27:   2 3 1 0 1 1
 Node 28:   2 2 1 0 1 1
 Node 29:   1 2 1 0 1 1
 Node 30:   1 1 1 0 1 1
 Node 31:   0 1 1 0 1 1
 Node 32:   1 0 2 1 1 1
 Node 33:   1 1 2 1 1 1
 Node 34:   2 1 2 1 1 1
 Node 35:   2 2 2 1 1 1
 Node 36:   3 2 2 1 1 1
 Node 37:   3 3 2 1 1 1
 Node 38:   4 3 2 1 1 1
 Node 39:   4 4 2 1 1 1
 Node 40:   5 4 2 1 1 1
 Node 41:   5 5 2 1 1 1
 Node 42:   6 5 2 1 1 1
 Node 43:   6 6 2 1 1 1
 Node 44:   7 6 2 1 1 1
 Node 45:   7 7 2 1 1 1
 Node 46:   8 7 2 1 1 1
 Node 47:   8 8 2 1 1 1
 Node 48:   8 8 2 1 1 1
 Node 49:   7 8 2 1 1 1
 Node 50:   7 7 2 1 1 1
 Node 51:   6 7 2 1 1 1
 Node 52:   6 6 2 1 1 1
 Node 53:   5 6 2 1 1 1
 Node 54:   5 5 2 1 1 1
 Node 55:   4 5 2 1 1 1
 Node 56:   4 4 2 1 1 1
 Node 57:   3 4 2 1 1 1
 Node 58:   3 3 2 1 1 1
 Node 59:   2 3 2 1 1 1
 Node 60:   2 2 2 1 1 1
 Node 61:   1 2 2 1 1 1
 Node 62:   1 1 2 1 1 1
 Node 63:   0 1 2 1 1 1
 Node 64:   1 0 3 2 1 1
 Node 65:   1 1 3 2 1 1
 Node 66:   2 1 3 2 1 1
 Node 67:   2 2 3 2 1 1
 Node 68:   3 2 3 2 1 1
 Node 69:   3 3 3 2 1 1
 Node 70:   4 3 3 2 1 1
 Node 71:   4 4 3 2 1 1
 Node 72:   5 4 3 2 1 1
 Node 73:   5 5 3 2 1 1
 Node 74:   6 5 3 2 1 1
 Node 75:   6 6 3 2 1 1
 Node 76:   7 6 3 2 1 1
 Node 77:   7 7 3 2 1 1
 Node 78:   8 7 3 2 1 1
 Node 79:   8 8 3 2 1 1
 Node 80:   8 8 3 2 1 1
 Node 81:   7 8 3 2 1 1
 Node 82:   7 7 3 2 1 1
 Node 83:   6 7 3 2 1 1
 Node 84:   6 6 3 2 1 1
 Node 85:   5 6 3 2 1 1
 Node 86:   5 5 3 2 1 1
 Node 87:   4 5 3 2 1 1
 Node 88:   4 4 3 2 1 1
 Node 89:   3 4 3 2 1 1
 Node 90:   3 3 3 2 1 1
 Node 91:   2 3 3 2 1 1
 Node 92:   2 2 3 2 1 1
 Node 93:   1 2 3 2 1 1
 Node 94:   1 1 3 2 1 1
 Node 95:   0 1 3 2 1 1
 Node 96:   1 0 4 3 1 1
 Node 97:   1 1 4 3 1 1
 Node 98:   2 1 4 3 1 1
 Node 99:   2 2 4 3 1 1
 Node 100:   3 2 4 3 1 1
 Node 101:   3 3 4 3 1 1
 Node 102:   4 3 4 3 1 1
 Node 103:   4 4 4 3 1 1
 Node 104:   5 4 4 3 1 1
 Node 105:   5 5 4 3 1 1
 Node 106:   6 5 4 3 1 1
 Node 107:   6 6 4 3 1 1
 Node 108:   7 6 4 3 1 1
 Node 109:   7 7 4 3 1 1
 Node 110:   8 7 4 3 1 1
 Node 111:   8 8 4 3 1 1
 Node 112:   8 8 4 3 1 1
 Node 113:   7 8 4 3 1 1
 Node 114:   7 7 4 3 1 1
 Node 115:   6 7 4 3 1 1
 Node 116:   6 6 4 3 1 1
 Node 117:   5 6 4 3 1 1
 Node 118:   5 5 4 3 1 1
 Node 119:   4 5 4 3 1 1
 Node 120:   4 4 4 3 1 1
 Node 121:   3 4 4 3 1 1
 Node 122:   3 3 4 3 1 1
 Node 123:   2 3 4 3 1 1
 Node 124:   2 2 4 3 1 1
 Node 125:   1 2 4 3 1 1
 Node 126:   1 1 4 3 1 1
 Node 127:   0 1 4 3 1 1
 Node 128:   1 0 5 4 1 1
 Node 129:   1 1 5 4 1 1
 Node 130:   2 1 5 4 1 1
 Node 131:   2 2 5 4 1 1
 Node 132:   3 2 5 4 1 1
 Node 133:   3 3 5 4 1 1
 Node 134:   4 3 5 4 1 1
 Node 135:   4 4 5 4 1 1
 Node 136:   5 4 5 4 1 1
 Node 137:   5 5 5 4 1 1
 Node 138:   6 5 5 4 1 1
 Node 139:   6 6 5 4 1 1
 Node 140:   7 6 5 4 1 1
 Node 141:   7 7 5 4 1 1
 Node 142:   8 7 5 4 1 1
 Node 143:   8 8 5 4 1 1
 Node 144:   8 8 5 4 1 1
 Node 145:   7 8 5 4 1 1
 Node 146:   7 7 5 4 1 1
 Node 147:   6 7 5 4 1 1
 Node 148:   6 6 5 4 1 1
 Node 149:   5 6 5 4 1 1
 Node 150:   5 5 5 4 1 1
 Node 151:   4 5 5 4 1 1
 Node 152:   4 4 5 4 1 1
 Node 153:   3 4 5 4 1 1
 Node 154:   3 3 5 4 1 1
 Node 155:   2 3 5 4 1 1
 Node 156:   2 2 5 4 1 1
 Node 157:   1 2 5 4 1 1
 Node 158:   1 1 5 4 1 1
 Node 159:   0 1 5 4 1 1
 Node 160:   1 0 6 5 1 1
 Node 161:   1 1 6 5 1 1
 Node 162:   2 1 6 5 1 1
 Node 163:   2 2 6 5 1 1
 Node 164:   3 2 6 5 1 1
 Node 165:   3 3 6 5 1 1
 Node 166:   4 3 6 5 1 1
 Node 167:   4 4 6 5 1 1
 Node 168:   5 4 6 5 1 1
 Node 169:   5 5 6 5 1 1
 Node 170:   6 5 6 5 1 1
 Node 171:   6 6 6 5 1 1
 Node 172:   7 6 6 5 1 1
 Node 173:   7 7 6 5 1 1
 Node 174:   8 7 6 5 1 1
 Node 175:   8 8 6 5 1 1
 Node 176:   8 8 6 5 1 1
 Node 177:   7 8 6 5 1 1
 Node 178:   7 7 6 5 1 1
 Node 179:   6 7 6 5 1 1
 Node 180:   6 6 6 5 1 1
 Node 181:   5 6 6 5 1 1
 Node 182:   5 5 6 5 1 1
 Node 183:   4 5 6 5 1 1
 Node 184:   4 4 6 5 1 1
 Node 185:   3 4 6 5 1 1
 Node 186:   3 3 6 5 1 1
 Node 187:   2 3 6 5 1 1
 Node 188:   2 2 6 5 1 1
 Node 189:   1 2 6 5 1 1
 Node 190:   1 1 6 5 1 1
 Node 191:   0 1 6 5 1 1
 Node 192:   1 0 7 6 1 1
 Node 193:   1 1 7 6 1 1
 Node 194:   2 1 7 6 1 1
 Node 195:   2 2 7 6 1 1
 Node 196:   3 2 7 6 1 1
 Node 197:   3 3 7 6 1 1
 Node 198:   4 3 7 6 1 1
 Node 199:   4 4 7 6 1 1
 Node 200:   5 4 7 6 1 1
 Node 201:   5 5 7 6 1 1
 Node 202:   6 5 7 6 1 1
 Node 203:   6 6 7 6 1 1
 Node 204:   7 6 7 6 1 1
 Node 205:   7 7 7 6 1 1
 Node 206:   8 7 7 6 1 1
 Node 207:   8 8 7 6 1 1
 Node 208:   8 8 7 6 1 1
 Node 209:   7 8 7 6 1 1
 Node 210:   7 7 7 6 1 1
 Node 211:   6 7 7 6 1 1
 Node 212:   6 6 7 6 1 1
 Node 213:   5 6 7 6 1 1
 Node 214:   5 5 7 6 1 1
 Node 215:   4 5 7 6 1 1
 Node 216:   4 4 7 6 1 1
 Node 217:   3 4 7 6 1 1
 Node 218:   3 3 7 6 1 1
 Node 219:   2 3 7 6 1 1
 Node 220:   2 2 7 6 1 1
 Node 221:   1 2 7 6 1 1
 Node 222:   1 1 7 6 1 1
 Node 223:   0 1 7 6 1 1
 Node 224:   1 0 8 7 1 1
 Node 225:   1 1 8 7 1 1
 Node 226:   2 1 8 7 1 1
 Node 227:   2 2 8 7 1 1
 Node 228:   3 2 8 7 1 1
 Node 229:   3 3 8 7 1 1
 Node 230:   4 3 8 7 1 1
 Node 231:   4 4 8 7 1 1
 Node 232:   5 4 8 7 1 1
 Node 233:   5 5 8 7 1 1
 Node 234:   6 5 8 7 1 1
 Node 235:   6 6 8 7 1 1
 Node 236:   7 6 8 7 1 1
 Node 237:   7 7 8 7 1 1
 Node 238:   8 7 8 7 1 1
 Node 239:   8 8 8 7 1 1
 Node 240:   8 8 8 7 1 1
 Node 241:   7 8 8 7 1 1
 Node 242:   7 7 8 7 1 1
 Node 243:   6 7 8 7 1 1
 Node 244:   6 6 8 7 1 1
 Node 245:   5 6 8 7 1 1
 Node 246:   5 5 8 7 1 1
 Node 247:   4 5 8 7 1 1
 Node 248:   4 4 8 7 1 1
 Node 249:   3 4 8 7 1 1
 Node 250:   3 3 8 7 1 1
 Node 251:   2 3 8 7 1 1
 Node 252:   2 2 8 7 1 1
 Node 253:   1 2 8 7 1 1
 Node 254:   1 1 8 7 1 1
 Node 255:   0 1 8 7 1 1
 Node 256:   1 0 9 8 1 1
 Node 257:   1 1 9 8 1 1
 Node 258:   2 1 9 8 1 1
 Node 259:   2 2 9 8 1 1
 Node 260:   3 2 9 8 1 1
 Node 261:   3 3 9 8 1 1
 Node 262:   4 3 9 8 1 1
 Node 263:   4 4 9 8 1 1
 Node 264:   5 4 9 8 1 1
 Node 265:   5 5 9 8 1 1
 Node 266:   6 5 9 8 1 1
 Node 267:   6 6 9 8 1 1
 Node 268:   7 6 9 8 1 1
 Node 269:   7 7 9 8 1 1
 Node 270:   8 7 9 8 1 1
 Node 271:   8 8 9 8 1 1
 Node 272:   8 8 9 8 1 1
 Node 273:   7 8 9 8 1 1
 Node 274:   7 7 9 8 1 1
 Node 275:   6 7 9 8 1 1
 Node 276:   6 6 9 8 1 1
 Node 277:   5 6 9 8 1 1
 Node 278:   5 5 9 8 1 1
 Node 279:   4 5 9 8 1 1
 Node 280:   4 4 9 8 1 1
 Node 281:   3 4 9 8 1 1
 Node 282:   3 3 9 8 1 1
 Node 283:   2 3 9 8 1 1
 Node 284:   2 2 9 8 1 1
 Node 285:   1 2 9 8 1 1
 Node 286:   1 1 9 8 1 1
 Node 287:   0 1 9 8 1 1
 Node 288:   1 0 10 9 1 1
 Node 289:   1 1 10 9 1 1
 Node 290:   2 1 10 9 1 1
 Node 291:   2 2 10 9 1 1
 Node 292:   3 2 10 9 1 1
 Node 293:   3 3 10 9 1 1
 Node 294:   4 3 10 9 1 1
 Node 295:   4 4 10 9 1 1
 Node 296:   5 4 10 9 1 1
 Node 297:   5 5 10 9 1 1
 Node 298:   6 5 10 9 1 1
 Node 299:   6 6 10 9 1 1
 Node 300:   7 6 10 9 1 1
 Node 301:   7 7 10 9 1 1
 Node 302:   8 7 10 9 1 1
 Node 303:   8 8 10 9 1 1
 Node 304:   8 8 10 9 1 1
 Node 305:   7 8 10 9 1 1
 Node 306:   7 7 10 9 1 1
 Node 307:   6 7 10 9 1 1
 Node 308:   6 6 10 9 1 1
 Node 309:   5 6 10 9 1 1
 Node 310:   5 5 10 9 1 1
 Node 311:   4 5 10 9 1 1
 Node 312:   4 4 10 9 1 1
 Node 313:   3 4 10 9 1 1
 Node 314:   3 3 10 9 1 1
 Node 315:   2 3 10 9 1 1
 Node 316:   2 2 10 9 1 1
 Node 317:   1 2 10 9 1 1
 Node 318:   1 1 10 9 1 1
 Node 319:   0 1 10 9 1 1
 Node 320:   1 0 11 10 1 1
 Node 321:   1 1 11 10 1 1
 Node 322:   2 1 11 10 1 1
 Node 323:   2 2 11 10 1 1
 Node 324:   3 2 11 10 1 1
 Node 325:   3 3 11 10 1 1
 Node 326:   4 3 11 10 1 1
 Node 327:   4 4 11 10 1 1
 Node 328:   5 4 11 10 1 1
 Node 329:   5 5 11 10 1 1
 Node 330:   6 5 11 10 1 1
 Node 331:   6 6 11 10 1 1
 Node 332:   7 6 11 10 1 1
 Node 333:   7 7 11 10 1 1
 Node 334:   8 7 11 10 1 1
 Node 335:   8 8 11 10 1 1
 Node 336:   8 8 11 10 1 1
 Node 337:   7 8 11 10 1 1
 Node 338:   7 7 11 10 1 1
 Node 339:   6 7 11 10 1 1
 Node 340:   6 6 11 10 1 1
 Node 341:   5 6 11 10 1 1
 Node 342:   5 5 11 10 1 1
 Node 343:   4 5 11 10 1 1
 Node 344:   4 4 11 10 1 1
 Node 345:   3 4 11 10 1 1
 Node 346:   3 3 11 10 1 1
 Node 347:   2 3 11 10 1 1
 Node 348:   2 2 11 10 1 1
 Node 349:   1 2 11 10 1 1
 Node 350:   1 1 11 10 1 1
 Node 351:   0 1 11 10 1 1
 Node 352:   1 0 12 11 1 1
 Node 353:   1 1 12 11 1 1
 Node 354:   2 1 12 11 1 1
 Node 355:   2 2 12 11 1 1
 Node 356:   3 2 12 11 1 1
 Node 357:   3 3 12 11 1 1
 Node 358:   4 3 12 11 1 1
 Node 359:   4 4 12 11 1 1
 Node 360:   5 4 12 11 1 1
 Node 361:   5 5 12 11 1 1
 Node 362:   6 5 12 11 1 1
 Node 363:   6 6 12 11 1 1
 Node 364:   7 6 12 11 1 1
 Node 365:   7 7 12 11 1 1
 Node 366:   8 7 12 11 1 1
 Node 367:   8 8 12 11 1 1
 Node 368:   8 8 12 11 1 1
 Node 369:   7 8 12 11 1 1
 Node 370:   7 7 12 11 1 1
 Node 371:   6 7 12 11 1 1
 Node 372:   6 6 12 11 1 1
 Node 373:   5 6 12 11 1 1
 Node 374:   5 5 12 11 1 1
 Node 375:   4 5 12 11 1 1
 Node 376:   4 4 12 11 1 1
 Node 377:   3 4 12 11 1 1
 Node 378:   3 3 12 11 1 1
 Node 379:   2 3 12 11 1 1
 Node 380:   2 2 12 11 1 1
 Node 381:   1 2 12 11 1 1
 Node 382:   1 1 12 11 1 1
 Node 383:   0 1 12 11 1 1
 Node 384:   1 0 13 12 1 1
 Node 385:   1 1 13 12 1 1
 Node 386:   2 1 13 12 1 1
 Node 387:   2 2 13 12 1 1
 Node 388:   3 2 13 12 1 1
 Node 389:   3 3 13 12 1 1
 Node 390:   4 3 13 12 1 1
 Node 391:   4 4 13 12 1 1
 Node 392:   5 4 13 12 1 1
 Node 393:   5 5 13 12 1 1
 Node 394:   6 5 13 12 1 1
 Node 395:   6 6 13 12 1 1
 Node 396:   7 6 13 12 1 1
 Node 397:   7 7 13 12 1 1
 Node 398:   8 7 13 12 1 1
 Node 399:   8 8 13 12 1 1
 Node 400:   8 8 13 12 1 1
 Node 401:   7 8 13 12 1 1
 Node 402:   7 7 13 12 1 1
 Node 403:   6 7 13 12 1 1
 Node 404:   6 6 13 12 1 1
 Node 405:   5 6 13 12 1 1
 Node 406:   5 5 13 12 1 1
 Node 407:   4 5 13 12 1 1
 Node 408:   4 4 13 12 1 1
 Node 409:   3 4 13 12 1 1
 Node 410:   3 3 13 12 1 1
 Node 411:   2 3 13 12 1 1
 Node 412:   2 2 13 12 1 1
 Node 413:   1 2 13 12 1 1
 Node 414:   1 1 13 12 1 1
 Node 415:   0 1 13 12 1 1
 Node 416:   1 0 14 13 1 1
 Node 417:   1 1 14 13 1 1
 Node 418:   2 1 14 13 1 1
 Node 419:   2 2 14 13 1 1
 Node 420:   3 2 14 13 1 1
 Node 421:   3 3 14 13 1 1
 Node 422:   4 3 14 13 1 1
 Node 423:   4 4 14 13 1 1
 Node 424:   5 4 14 13 1 1
 Node 425:   5 5 14 13 1 1
 Node 426:   6 5 14 13 1 1
 Node 427:   6 6 14 13 1 1
 Node 428:   7 6 14 13 1 1
 Node 429:   7 7 14 13 1 1
 Node 430:   8 7 14 13 1 1
 Node 431:   8 8 14 13 1 1
 Node 432:   8 8 14 13 1 1
 Node 433:   7 8 14 13 1 1
 Node 434:   7 7 14 13 1 1
 Node 435:   6 7 14 13 1 1
 Node 436:   6 6 14 13 1 1
 Node 437:   5 6 14 13 1 1
 Node 438:   5 5 14 13 1 1
 Node 439:   4 5 14 13 1 1
 Node 440:   4 4 14 13 1 1
 Node 441:   3 4 14 13 1 1
 Node 442:   3 3 14 13 1 1
 Node 443:   2 3 14 13 1 1
 Node 444:   2 2 14 13 1 1
 Node 445:   1 2 14 13 1 1
 Node 446:   1 1 14 13 1 1
 Node 447:   0 1 14 13 1 1
 Node 448:   1 0 15 14 1 1
 Node 449:   1 1 15 14 1 1
 Node 450:   2 1 15 14 1 1
 Node 451:   2 2 15 14 1 1
 Node 452:   3 2 15 14 1 1
 Node 453:   3 3 15 14 1 1
 Node 454:   4 3 15 14 1 1
 Node 455:   4 4 15 14 1 1
 Node 456:   5 4 15 14 1 1
 Node 457:   5 5 15 14 1 1
 Node 458:   6 5 15 14 1 1
 Node 459:   6 6 15 14 1 1
 Node 460:   7 6 15 14 1 1
 Node 461:   7 7 15 14 1 1
 Node 462:   8 7 15 14 1 1
 Node 463:   8 8 15 14 1 1
 Node 464:   8 8 15 14 1 1
 Node 465:   7 8 15 14 1 1
 Node 466:   7 7 15 14 1 1
 Node 467:   6 7 15 14 1 1
 Node 468:   6 6 15 14 1 1
 Node 469:   5 6 15 14 1 1
 Node 470:   5 5 15 14 1 1
 Node 471:   4 5 15 14 1 1
 Node 472:   4 4 15 14 1 1
 Node 473:   3 4 15 14 1 1
 Node 474:   3 3 15 14 1 1
 Node 475:   2 3 15 14 1 1
 Node 476:   2 2 15 14 1 1
 Node 477:   1 2 15 14 1 1
 Node 478:   1 1 15 14 1 1
 Node 479:   0 1 15 14 1 1
 Node 480:   1 0 16 15 1 1
 Node 481:   1 1 16 15 1 1
 Node 482:   2 1 16 15 1 1
 Node 483:   2 2 16 15 1 1
 Node 484:   3 2 16 15 1 1
 Node 485:   3 3 16 15 1 1
 Node 486:   4 3 16 15 1 1
 Node 487:   4 4 16 15 1 1
 Node 488:   5 4 16 15 1 1
 Node 489:   5 5 16 15 1 1
 Node 490:   6 5 16 15 1 1
 Node 491:   6 6 16 15 1 1
 Node 492:   7 6 16 15 1 1
 Node 493:   7 7 16 15 1 1
 Node 494:   8 7 16 15 1 1
 Node 495:   8 8 16 15 1 1
 Node 496:   8 8 16 15 1 1
 Node 497:   7 8 16 15 1 1
 Node 498:   7 7 16 15 1 1
 Node 499:   6 7 16 15 1 1
 Node 500:   6 6 16 15 1 1
 Node 501:   5 6 16 15 1 1
 Node 502:   5 5 16 15 1 1
 Node 503:   4 5 16 15 1 1
 Node 504:   4 4 16 15 1 1
 Node 505:   3 4 16 15 1 1
 Node 506:   3 3 16 15 1 1
 Node 507:   2 3 16 15 1 1
 Node 508:   2 2 16 15 1 1
 Node 509:   1 2 16 15 1 1
 Node 510:   1 1 16 15 1 1
 Node 511:   0 1 16 15 1 1
 Node 512:   1 0 15 16 1 1
 Node 513:   1 1 15 16 1 1
 Node 514:   2 1 15 16 1 1
 Node 515:   2 2 15 16 1 1
 Node 516:   3 2 15 16 1 1
 Node 517:   3 3 15 16 1 1
 Node 518:   4 3 15 16 1 1
 Node 519:   4 4 15 16 1 1
 Node 520:   5 4 15 16 1 1
 Node 521:   5 5 15 16 1 1
 Node 522:   6 5 15 16 1 1
 Node 523:   6 6 15 16 1 1
 Node 524:   7 6 15 16 1 1
 Node 525:   7 7 15 16 1 1
 Node 526:   8 7 15 16 1 1
 Node 527:   8 8 15 16 1 1
 Node 528:   8 8 15 16 1 1
 Node 529:   7 8 15 16 1 1
 Node 530:   7 7 15 16 1 1
 Node 531:   6 7 15 16 1 1
 Node 532:   6 6 15 16 1 1
 Node 533:   5 6 15 16 1 1
 Node 534:   5 5 15 16 1 1
 Node 535:   4 5 15 16 1 1
 Node 536:   4 4 15 16 1 1
 Node 537:   3 4 15 16 1 1
 Node 538:   3 3 15 16 1 1
 Node 539:   2 3 15 16 1 1
 Node 540:   2 2 15 16 1 1
 Node 541:   1 2 15 16 1 1
 Node 542:   1 1 15 16 1 1
 Node 543:   0 1 15 16 1 1
 Node 544:   1 0 14 15 1 1
 Node 545:   1 1 14 15 1 1
 Node 546:   2 1 14 15 1 1
 Node 547:   2 2 14 15 1 1
 Node 548:   3 2 14 15 1 1
 Node 549:   3 3 14 15 1 1
 Node 550:   4 3 14 15 1 1
 Node 551:   4 4 14 15 1 1
 Node 552:   5 4 14 15 1 1
 Node 553:   5 5 14 15 1 1
 Node 554:   6 5 14 15 1 1
 Node 555:   6 6 14 15 1 1
 Node 556:   7 6 14 15 1 1
 Node 557:   7 7 14 15 1 1
 Node 558:   8 7 14 15 1 1
 Node 559:   8 8 14 15 1 1
 Node 560:   8 8 14 15 1 1
 Node 561:   7 8 14 15 1 1
 Node 562:   7 7 14 15 1 1
 Node 563:   6 7 14 15 1 1
 Node 564:   6 6 14 15 1 1
 Node 565:   5 6 14 15 1 1
 Node 566:   5 5 14 15 1 1
 Node 567:   4 5 14 15 1 1
 Node 568:   4 4 14 15 1 1
 Node 569:   3 4 14 15 1 1
 Node 570:   3 3 14 15 1 1
 Node 571:   2 3 14 15 1 1
 Node 572:   2 2 14 15 1 1
 Node 573:   1 2 14 15 1 1
 Node 574:   1 1 14 15 1 1
 Node 575:   0 1 14 15 1 1
 Node 576:   1 0 13 14 1 1
 Node 577:   1 1 13 14 1 1
 Node 578:   2 1 13 14 1 1
 Node 579:   2 2 13 14 1 1
 Node 580:   3 2 13 14 1 1
 Node 581:   3 3 13 14 1 1
 Node 582:   4 3 13 14 1 1
 Node 583:   4 4 13 14 1 1
 Node 584:   5 4 13 14 1 1
 Node 585:   5 5 13 14 1 1
 Node 586:   6 5 13 14 1 1
 Node 587:   6 6 13 14 1 1
 Node 588:   7 6 13 14 1 1
 Node 589:   7 7 13 14 1 1
 Node 590:   8 7 13 14 1 1
 Node 591:   8 8 13 14 1 1
 Node 592:   8 8 13 14 1 1
 Node 593:   7 8 13 14 1 1
 Node 594:   7 7 13 14 1 1
 Node 595:   6 7 13 14 1 1
 Node 596:   6 6 13 14 1 1
 Node 597:   5 6 13 14 1 1
 Node 598:   5 5 13 14 1 1
 Node 599:   4 5 13 14 1 1
 Node 600:   4 4 13 14 1 1
 Node 601:   3 4 13 14 1 1
 Node 602:   3 3 13 14 1 1
 Node 603:   2 3 13 14 1 1
 Node 604:   2 2 13 14 1 1
 Node 605:   1 2 13 14 1 1
 Node 606:   1 1 13 14 1 1
 Node 607:   0 1 13 14 1 1
 Node 608:   1 0 12 13 1 1
 Node 609:   1 1 12 13 1 1
 Node 610:   2 1 12 13 1 1
 Node 611:   2 2 12 13 1 1
 Node 612:   3 2 12 13 1 1
 Node 613:   3 3 12 13 1 1
 Node 614:   4 3 12 13 1 1
 Node 615:   4 4 12 13 1 1
 Node 616:   5 4 12 13 1 1
 Node 617:   5 5 12 13 1 1
 Node 618:   6 5 12 13 1 1
 Node 619:   6 6 12 13 1 1
 Node 620:   7 6 12 13 1 1
 Node 621:   7 7 12 13 1 1
 Node 622:   8 7 12 13 1 1
 Node 623:   8 8 12 13 1 1
 Node 624:   8 8 12 13 1 1
 Node 625:   7 8 12 13 1 1
 Node 626:   7 7 12 13 1 1
 Node 627:   6 7 12 13 1 1
 Node 628:   6 6 12 13 1 1
 Node 629:   5 6 12 13 1 1
 Node 630:   5 5 12 13 1 1
 Node 631:   4 5 12 13 1 1
 Node 632:   4 4 12 13 1 1
 Node 633:   3 4 12 13 1 1
 Node 634:   3 3 12 13 1 1
 Node 635:   2 3 12 13 1 1
 Node 636:   2 2 12 13 1 1
 Node 637:   1 2 12 13 1 1
 Node 638:   1 1 12 13 1 1
 Node 639:   0 1 12 13 1 1
 Node 640:   1 0 11 12 1 1
 Node 641:   1 1 11 12 1 1
 Node 642:   2 1 11 12 1 1
 Node 643:   2 2 11 12 1 1
 Node 644:   3 2 11 12 1 1
 Node 645:   3 3 11 12 1 1
 Node 646:   4 3 11 12 1 1
 Node 647:   4 4 11 12 1 1
 Node 648:   5 4 11 12 1 1
 Node 649:   5 5 11 12 1 1
 Node 650:   6 5 11 12 1 1
 Node 651:   6 6 11 12 1 1
 Node 652:   7 6 11 12 1 1
 Node 653:   7 7 11 12 1 1
 Node 654:   8 7 11 12 1 1
 Node 655:   8 8 11 12 1 1
 Node 656:   8 8 11 12 1 1
 Node 657:   7 8 11 12 1 1
 Node 658:   7 7 11 12 1 1
 Node 659:   6 7 11 12 1 1
 Node 660:   6 6 11 12 1 1
 Node 661:   5 6 11 12 1 1
 Node 662:   5 5 11 12 1 1
 Node 663:   4 5 11 12 1 1
 Node 664:   4 4 11 12 1 1
 Node 665:   3 4 11 12 1 1
 Node 666:   3 3 11 12 1 1
 Node 667:   2 3 11 12 1 1
 Node 668:   2 2 11 12 1 1
 Node 669:   1 2 11 12 1 1
 Node 670:   1 1 11 12 1 1
 Node 671:   0 1 11 12 1 1
 Node 672:   1 0 10 11 1 1
 Node 673:   1 1 10 11 1 1
 Node 674:   2 1 10 11 1 1
 Node 675:   2 2 10 11 1 1
 Node 676:   3 2 10 11 1 1
 Node 677:   3 3 10 11 1 1
 Node 678:   4 3 10 11 1 1
 Node 679:   4 4 10 11 1 1
 Node 680:   5 4 10 11 1 1
 Node 681:   5 5 10 11 1 1
 Node 682:   6 5 10 11 1 1
 Node 683:   6 6 10 11 1 1
 Node 684:   7 6 10 11 1 1
 Node 685:   7 7 10 11 1 1
 Node 686:   8 7 10 11 1 1
 Node 687:   8 8 10 11 1 1
 Node 688:   8 8 10 11 1 1
 Node 689:   7 8 10 11 1 1
 Node 690:   7 7 10 11 1 1
 Node 691:   6 7 10 11 1 1
 Node 692:   6 6 10 11 1 1
 Node 693:   5 6 10 11 1 1
 Node 694:   5 5 10 11 1 1
 Node 695:   4 5 10 11 1 1
 Node 696:   4 4 10 11 1 1
 Node 697:   3 4 10 11 1 1
 Node 698:   3 3 10 11 1 1
 Node 699:   2 3 10 11 1 1
 Node 700:   2 2 10 11 1 1
 Node 701:   1 2 10 11 1 1
 Node 702:   1 1 10 11 1 1
 Node 703:   0 1 10 11 1 1
 Node 704:   1 0 9 10 1 1
 Node 705:   1 1 9 10 1 1
 Node 706:   2 1 9 10 1 1
 Node 707:   2 2 9 10 1 1
 Node 708:   3 2 9 10 1 1
 Node 709:   3 3 9 10 1 1
 Node 710:   4 3 9 10 1 1
 Node 711:   4 4 9 10 1 1
 Node 712:   5 4 9 10 1 1
 Node 713:   5 5 9 10 1 1
 Node 714:   6 5 9 10 1 1
 Node 715:   6 6 9 10 1 1
 Node 716:   7 6 9 10 1 1
 Node 717:   7 7 9 10 1 1
 Node 718:   8 7 9 10 1 1
 Node 719:   8 8 9 10 1 1
 Node 720:   8 8 9 10 1 1
 Node 721:   7 8 9 10 1 1
 Node 722:   7 7 9 10 1 1
 Node 723:   6 7 9 10 1 1
 Node 724:   6 6 9 10 1 1
 Node 725:   5 6 9 10 1 1
 Node 726:   5 5 9 10 1 1
 Node 727:   4 5 9 10 1 1
 Node 728:   4 4 9 10 1 1
 Node 729:   3 4 9 10 1 1
 Node 730:   3 3 9 10 1 1
 Node 731:   2 3 9 10 1 1
 Node 732:   2 2 9 10 1 1
 Node 733:   1 2 9 10 1 1
 Node 734:   1 1 9 10 1 1
 Node 735:   0 1 9 10 1 1
 Node 736:   1 0 8 9 1 1
 Node 737:   1 1 8 9 1 1
 Node 738:   2 1 8 9 1 1
 Node 739:   2 2 8 9 1 1
 Node 740:   3 2 8 9 1 1
 Node 741:   3 3 8 9 1 1
 Node 742:   4 3 8 9 1 1
 Node 743:   4 4 8 9 1 1
 Node 744:   5 4 8 9 1 1
 Node 745:   5 5 8 9 1 1
 Node 746:   6 5 8 9 1 1
 Node 747:   6 6 8 9 1 1
 Node 748:   7 6 8 9 1 1
 Node 749:   7 7 8 9 1 1
 Node 750:   8 7 8 9 1 1
 Node 751:   8 8 8 9 1 1
 Node 752:   8 8 8 9 1 1
 Node 753:   7 8 8 9 1 1
 Node 754:   7 7 8 9 1 1
 Node 755:   6 7 8 9 1 1
 Node 756:   6 6 8 9 1 1
 Node 757:   5 6 8 9 1 1
 Node 758:   5 5 8 9 1 1
 Node 759:   4 5 8 9 1 1
 Node 760:   4 4 8 9 1 1
 Node 761:   3 4 8 9 1 1
 Node 762:   3 3 8 9 1 1
 Node 763:   2 3 8 9 1 1
 Node 764:   2 2 8 9 1 1
 Node 765:   1 2 8 9 1 1
 Node 766:   1 1 8 9 1 1
 Node 767:   0 1 8 9 1 1
 Node 768:   1 0 7 8 1 1
 Node 769:   1 1 7 8 1 1
 Node 770:   2 1 7 8 1 1
 Node 771:   2 2 7 8 1 1
 Node 772:   3 2 7 8 1 1
 Node 773:   3 3 7 8 1 1
 Node 774:   4 3 7 8 1 1
 Node 775:   4 4 7 8 1 1
 Node 776:   5 4 7 8 1 1
 Node 777:   5 5 7 8 1 1
 Node 778:   6 5 7 8 1 1
 Node 779:   6 6 7 8 1 1
 Node 780:   7 6 7 8 1 1
 Node 781:   7 7 7 8 1 1
 Node 782:   8 7 7 8 1 1
 Node 783:   8 8 7 8 1 1
 Node 784:   8 8 7 8 1 1
 Node 785:   7 8 7 8 1 1
 Node 786:   7 7 7 8 1 1
 Node 787:   6 7 7 8 1 1
 Node 788:   6 6 7 8 1 1
 Node 789:   5 6 7 8 1 1
 Node 790:   5 5 7 8 1 1
 Node 791:   4 5 7 8 1 1
 Node 792:   4 4 7 8 1 1
 Node 793:   3 4 7 8 1 1
 Node 794:   3 3 7 8 1 1
 Node 795:   2 3 7 8 1 1
 Node 796:   2 2 7 8 1 1
 Node 797:   1 2 7 8 1 1
 Node 798:   1 1 7 8 1 1
 Node 799:   0 1 7 8 1 1
 Node 800:   1 0 6 7 1 1
 Node 801:   1 1 6 7 1 1
 Node 802:   2 1 6 7 1 1
 Node 803:   2 2 6 7 1 1
 Node 804:   3 2 6 7 1 1
 Node 805:   3 3 6 7 1 1
 Node 806:   4 3 6 7 1 1
 Node 807:   4 4 6 7 1 1
 Node 808:   5 4 6 7 1 1
 Node 809:   5 5 6 7 1 1
 Node 810:   6 5 6 7 1 1
 Node 811:   6 6 6 7 1 1
 Node 812:   7 6 6 7 1 1
 Node 813:   7 7 6 7 1 1
 Node 814:   8 7 6 7 1 1
 Node 815:   8 8 6 7 1 1
 Node 816:   8 8 6 7 1 1
 Node 817:   7 8 6 7 1 1
 Node 818:   7 7 6 7 1 1
 Node 819:   6 7 6 7 1 1
 Node 820:   6 6 6 7 1 1
 Node 821:   5 6 6 7 1 1
 Node 822:   5 5 6 7 1 1
 Node 823:   4 5 6 7 1 1
 Node 824:   4 4 6 7 1 1
 Node 825:   3 4 6 7 1 1
 Node 826:   3 3 6 7 1 1
 Node 827:   2 3 6 7 1 1
 Node 828:   2 2 6 7 1 1
 Node 829:   1 2 6 7 1 1
 Node 830:   1 1 6 7 1 1
 Node 831:   0 1 6 7 1 1
 Node 832:   1 0 5 6 1 1
 Node 833:   1 1 5 6 1 1
 Node 834:   2 1 5 6 1 1
 Node 835:   2 2 5 6 1 1
 Node 836:   3 2 5 6 1 1
 Node 837:   3 3 5 6 1 1
 Node 838:   4 3 5 6 1 1
 Node 839:   4 4 5 6 1 1
 Node 840:   5 4 5 6 1 1
 Node 841:   5 5 5 6 1 1
 Node 842:   6 5 5 6 1 1
 Node 843:   6 6 5 6 1 1
 Node 844:   7 6 5 6 1 1
 Node 845:   7 7 5 6 1 1
 Node 846:   8 7 5 6 1 1
 Node 847:   8 8 5 6 1 1
 Node 848:   8 8 5 6 1 1
 Node 849:   7 8 5 6 1 1
 Node 850:   7 7 5 6 1 1
 Node 851:   6 7 5 6 1 1
 Node 852:   6 6 5 6 1 1
 Node 853:   5 6 5 6 1 1
 Node 854:   5 5 5 6 1 1
 Node 855:   4 5 5 6 1 1
 Node 856:   4 4 5 6 1 1
 Node 857:   3 4 5 6 1 1
 Node 858:   3 3 5 6 1 1
 Node 859:   2 3 5 6 1 1
 Node 860:   2 2 5 6 1 1
 Node 861:   1 2 5 6 1 1
 Node 862:   1 1 5 6 1 1
 Node 863:   0 1 5 6 1 1
 Node 864:   1 0 4 5 1 1
 Node 865:   1 1 4 5 1 1
 Node 866:   2 1 4 5 1 1
 Node 867:   2 2 4 5 1 1
 Node 868:   3 2 4 5 1 1
 Node 869:   3 3 4 5 1 1
 Node 870:   4 3 4 5 1 1
 Node 871:   4 4 4 5 1 1
 Node 872:   5 4 4 5 1 1
 Node 873:   5 5 4 5 1 1
 Node 874:   6 5 4 5 1 1
 Node 875:   6 6 4 5 1 1
 Node 876:   7 6 4 5 1 1
 Node 877:   7 7 4 5 1 1
 Node 878:   8 7 4 5 1 1
 Node 879:   8 8 4 5 1 1
 Node 880:   8 8 4 5 1 1
 Node 881:   7 8 4 5 1 1
 Node 882:   7 7 4 5 1 1
 Node 883:   6 7 4 5 1 1
 Node 884:   6 6 4 5 1 1
 Node 885:   5 6 4 5 1 1
 Node 886:   5 5 4 5 1 1
 Node 887:   4 5 4 5 1 1
 Node 888:   4 4 4 5 1 1
 Node 889:   3 4 4 5 1 1
 Node 890:   3 3 4 5 1 1
 Node 891:   2 3 4 5 1 1
 Node 892:   2 2 4 5 1 1
 Node 893:   1 2 4 5 1 1
 Node 894:   1 1 4 5 1 1
 Node 895:   0 1 4 5 1 1
 Node 896:   1 0 3 4 1 1
 Node 897:   1 1 3 4 1 1
 Node 898:   2 1 3 4 1 1
 Node 899:   2 2 3 4 1 1
 Node 900:   3 2 3 4 1 1
 Node 901:   3 3 3 4 1 1
 Node 902:   4 3 3 4 1 1
 Node 903:   4 4 3 4 1 1
 Node 904:   5 4 3 4 1 1
 Node 905:   5 5 3 4 1 1
 Node 906:   6 5 3 4 1 1
 Node 907:   6 6 3 4 1 1
 Node 908:   7 6 3 4 1 1
 Node 909:   7 7 3 4 1 1
 Node 910:   8 7 3 4 1 1
 Node 911:   8 8 3 4 1 1
 Node 912:   8 8 3 4 1 1
 Node 913:   7 8 3 4 1 1
 Node 914:   7 7 3 4 1 1
 Node 915:   6 7 3 4 1 1
 Node 916:   6 6 3 4 1 1
 Node 917:   5 6 3 4 1 1
 Node 918:   5 5 3 4 1 1
 Node 919:   4 5 3 4 1 1
 Node 920:   4 4 3 4 1 1
 Node 921:   3 4 3 4 1 1
 Node 922:   3 3 3 4 1 1
 Node 923:   2 3 3 4 1 1
 Node 924:   2 2 3 4 1 1
 Node 925:   1 2 3 4 1 1
 Node 926:   1 1 3 4 1 1
 Node 927:   0 1 3 4 1 1
 Node 928:   1 0 2 3 1 1
 Node 929:   1 1 2 3 1 1
 Node 930:   2 1 2 3 1 1
 Node 931:   2 2 2 3 1 1
 Node 932:   3 2 2 3 1 1
 Node 933:   3 3 2 3 1 1
 Node 934:   4 3 2 3 1 1
 Node 935:   4 4 2 3 1 1
 Node 936:   5 4 2 3 1 1
 Node 937:   5 5 2 3 1 1
 Node 938:   6 5 2 3 1 1
 Node 939:   6 6 2 3 1 1
 Node 940:   7 6 2 3 1 1
 Node 941:   7 7 2 3 1 1
 Node 942:   8 7 2 3 1 1
 Node 943:   8 8 2 3 1 1
 Node 944:   8 8 2 3 1 1
 Node 945:   7 8 2 3 1 1
 Node 946:   7 7 2 3 1 1
 Node 947:   6 7 2 3 1 1
 Node 948:   6 6 2 3 1 1
 Node 949:   5 6 2 3 1 1
 Node 950:   5 5 2 3 1 1
 Node 951:   4 5 2 3 1 1
 Node 952:   4 4 2 3 1 1
 Node 953:   3 4 2 3 1 1
 Node 954:   3 3 2 3 1 1
 Node 955:   2 3 2 3 1 1
 Node 956:   2 2 2 3 1 1
 Node 957:   1 2 2 3 1 1
 Node 958:   1 1 2 3 1 1
 Node 959:   0 1 2 3 1 1
 Node 960:   1 0 1 2 1 1
 Node 961:   1 1 1 2 1 1
 Node 962:   2 1 1 2 1 1
 Node 963:   2 2 1 2 1 1
 Node 964:   3 2 1 2 1 1
 Node 965:   3 3 1 2 1 1
 Node 966:   4 3 1 2 1 1
 Node 967:   4 4 1 2 1 1
 Node 968:   5 4 1 2 1 1
 Node 969:   5 5 1 2 1 1
 Node 970:   6 5 1 2 1 1
 Node 971:   6 6 1 2 1 1
 Node 972:   7 6 1 2 1 1
 Node 973:   7 7 1 2 1 1
 Node 974:   8 7 1 2 1 1
 Node 975:   8 8 1 2 1 1
 Node 976:   8 8 1 2 1 1
 Node 977:   7 8 1 2 1 1
 Node 978:   7 7 1 2 1 1
 Node 979:   6 7 1 2 1 1
 Node 980:   6 6 1 2 1 1
 Node 981:   5 6 1 2 1 1
 Node 982:   5 5 1 2 1 1
 Node 983:   4 5 1 2 1 1
 Node 984:   4 4 1 2 1 1
 Node 985:   3 4 1 2 1 1
 Node 986:   3 3 1 2 1 1
 Node 987:   2 3 1 2 1 1
 Node 988:   2 2 1 2 1 1
 Node 989:   1 2 1 2 1 1
 Node 990:   1 1 1 2 1 1
 Node 991:   0 1 1 2 1 1
 Node 992:   1 0 0 1 1 1
 Node 993:   1 1 0 1 1 1
 Node 994:   2 1 0 1 1 1
 Node 995:   2 2 0 1 1 1
 Node 996:   3 2 0 1 1 1
 Node 997:   3 3 0 1 1 1
 Node 998:   4 3 0 1 1 1
 Node 999:   4 4 0 1 1 1
 Node 1000:   5 4 0 1 1 1
 Node 1001:   5 5 0 1 1 1
 Node 1002:   6 5 0 1 1 1
 Node 1003:   6 6 0 1 1 1
 Node 1004:   7 6 0 1 1 1
 Node 1005:   7 7 0 1 1 1
 Node 1006:   8 7 0 1 1 1
 Node 1007:   8 8 0 1 1 1
 Node 1008:   8 8 0 1 1 1
 Node 1009:   7 8 0 1 1 1
 Node 1010:   7 7 0 1 1 1
 Node 1011:   6 7 0 1 1 1
 Node 1012:   6 6 0 1 1 1
 Node 1013:   5 6 0 1 1 1
 Node 1014:   5 5 0 1 1 1
 Node 1015:   4 5 0 1 1 1
 Node 1016:   4 4 0 1 1 1
 Node 1017:   3 4 0 1 1 1
 Node 1018:   3 3 0 1 1 1
 Node 1019:   2 3 0 1 1 1
 Node 1020:   2 2 0 1 1 1
 Node 1021:   1 2 0 1 1 1
 Node 1022:   1 1 0 1 1 1
 Node 1023:   0 1 0 1 1 1

(Maximum) Crossing Paths: 16
The number of paths on this application : 1024 (all-to-all cases: 1047552)
The average hops : 25.500000
ID size(without ID modification)16
total_slots: 25088
avg_slots: 6.125000
unused_total_slots: 40448
unused_avg_slots: 9.875000

