ID Allocation Policy is 0(low port first) / 1(Crossing Paths based method): 1
Address method is 0(destination_based) / 1(path_based): 1
 dst_based renewable label = 8
 path_based renewable label = 8


 (east, west, south, north, from host0,... east(vch2), south(vch2), west(vch2), north(vch2), from host(vch2)0,.. to host(vch2)0,..
 Node  0:   1 0 3 0 0 0 0 2 0 0 1 1
 Node  1:   1 1 0 0 1 1 0 1 0 0 0 0
 Node  2:   1 0 3 0 0 0 0 1 0 0 1 1
 Node  3:   0 1 0 0 1 1 0 0 0 3 0 0
 Node  4:   1 0 3 0 0 0 0 0 0 0 1 1
 Node  5:   1 1 0 0 1 1 0 0 0 3 0 0
 Node  6:   2 1 5 0 0 0 0 0 0 0 1 1
 Node  7:   2 2 0 0 1 1 0 0 0 3 0 0
 Node  8:   2 2 3 0 0 0 0 0 0 0 1 1
 Node  9:   1 2 0 0 1 1 0 0 0 6 0 0
 Node 10:   1 2 3 0 0 0 0 0 0 0 1 1
 Node 11:   0 2 0 0 1 1 0 0 0 3 0 0
 Node 12:   0 1 3 0 0 0 1 0 0 0 1 1
 Node 13:   0 2 0 0 1 1 0 0 0 3 0 0
 Node 14:   0 1 1 0 0 0 1 0 0 0 1 1
 Node 15:   0 2 0 0 1 1 1 0 0 3 0 0
 Node 16:   1 0 4 0 0 0 0 2 0 0 1 1
 Node 17:   1 1 0 1 1 1 0 1 0 0 0 0
 Node 18:   1 0 4 0 0 0 0 1 0 0 1 1
 Node 19:   0 1 0 1 1 1 0 0 0 2 0 0
 Node 20:   1 0 4 0 0 0 0 0 0 0 1 1
 Node 21:   1 1 0 1 1 1 0 0 0 2 0 0
 Node 22:   2 1 6 0 0 0 0 0 0 0 1 1
 Node 23:   2 2 0 1 1 1 0 0 0 2 0 0
 Node 24:   2 2 4 0 0 0 0 0 0 0 1 1
 Node 25:   1 2 0 1 1 1 0 0 0 4 0 0
 Node 26:   1 2 4 0 0 0 0 0 0 0 1 1
 Node 27:   0 2 0 1 1 1 0 0 0 2 0 0
 Node 28:   0 1 4 0 0 0 1 0 0 0 1 1
 Node 29:   0 2 0 1 1 1 0 0 0 2 0 0
 Node 30:   0 1 2 0 0 0 1 0 0 0 1 1
 Node 31:   0 2 0 1 1 1 1 0 0 2 0 0
 Node 32:   1 0 5 0 0 0 0 2 0 0 1 1
 Node 33:   1 1 0 2 1 1 0 1 0 0 0 0
 Node 34:   1 0 5 0 0 0 0 1 0 0 1 1
 Node 35:   0 1 0 2 1 1 0 0 0 1 0 0
 Node 36:   1 0 5 0 0 0 0 0 0 0 1 1
 Node 37:   1 1 0 2 1 1 0 0 0 1 0 0
 Node 38:   2 1 7 0 0 0 0 0 0 0 1 1
 Node 39:   2 2 0 2 1 1 0 0 0 1 0 0
 Node 40:   2 2 5 0 0 0 0 0 0 0 1 1
 Node 41:   1 2 0 2 1 1 0 0 0 2 0 0
 Node 42:   1 2 5 0 0 0 0 0 0 0 1 1
 Node 43:   0 2 0 2 1 1 0 0 0 1 0 0
 Node 44:   0 1 5 0 0 0 1 0 0 0 1 1
 Node 45:   0 2 0 2 1 1 0 0 0 1 0 0
 Node 46:   0 1 3 0 0 0 1 0 0 0 1 1
 Node 47:   0 2 0 2 1 1 1 0 0 1 0 0
 Node 48:   1 0 5 0 0 0 0 2 0 0 1 1
 Node 49:   1 1 0 3 1 1 0 1 0 0 0 0
 Node 50:   1 0 5 0 0 0 0 1 0 0 1 1
 Node 51:   0 1 0 3 1 1 0 0 0 1 0 0
 Node 52:   1 0 5 0 0 0 0 0 0 0 1 1
 Node 53:   1 1 0 3 1 1 0 0 0 1 0 0
 Node 54:   2 1 6 0 0 0 0 0 0 0 1 1
 Node 55:   2 2 0 3 1 1 0 0 0 1 0 0
 Node 56:   2 2 5 0 0 0 0 0 0 0 1 1
 Node 57:   1 2 0 3 1 1 0 0 0 2 0 0
 Node 58:   1 2 5 0 0 0 0 0 0 0 1 1
 Node 59:   0 2 0 3 1 1 0 0 0 1 0 0
 Node 60:   0 1 5 0 0 0 1 0 0 0 1 1
 Node 61:   0 2 0 3 1 1 0 0 0 1 0 0
 Node 62:   0 1 4 0 0 0 1 0 0 0 1 1
 Node 63:   0 2 0 3 1 1 1 0 0 1 0 0
 Node 64:   1 0 6 0 0 0 0 2 0 0 1 1
 Node 65:   1 1 0 4 1 1 0 1 0 0 0 0
 Node 66:   1 0 6 0 0 0 0 1 0 0 1 1
 Node 67:   0 1 1 4 1 1 0 0 0 0 0 0
 Node 68:   1 0 6 0 0 0 0 0 0 0 1 1
 Node 69:   1 1 1 4 1 1 0 0 0 0 0 0
 Node 70:   2 1 7 0 0 0 0 0 0 0 1 1
 Node 71:   2 2 1 4 1 1 0 0 0 0 0 0
 Node 72:   2 2 6 0 0 0 0 0 0 0 1 1
 Node 73:   1 2 2 4 1 1 0 0 0 0 0 0
 Node 74:   1 2 6 0 0 0 0 0 0 0 1 1
 Node 75:   0 2 1 4 1 1 0 0 0 0 0 0
 Node 76:   0 1 6 0 0 0 1 0 0 0 1 1
 Node 77:   0 2 1 4 1 1 0 0 0 0 0 0
 Node 78:   0 1 5 0 0 0 1 0 0 0 1 1
 Node 79:   0 2 1 4 1 1 1 0 0 0 0 0
 Node 80:   1 0 7 1 0 0 0 2 0 0 1 1
 Node 81:   1 1 0 5 1 1 0 1 0 0 0 0
 Node 82:   1 0 7 1 0 0 0 1 0 0 1 1
 Node 83:   0 1 2 5 1 1 0 0 0 0 0 0
 Node 84:   1 0 7 1 0 0 0 0 0 0 1 1
 Node 85:   1 1 2 5 1 1 0 0 0 0 0 0
 Node 86:   2 1 8 2 0 0 0 0 0 0 1 1
 Node 87:   2 2 2 5 1 1 0 0 0 0 0 0
 Node 88:   2 2 7 1 0 0 0 0 0 0 1 1
 Node 89:   1 2 4 5 1 1 0 0 0 0 0 0
 Node 90:   1 2 7 1 0 0 0 0 0 0 1 1
 Node 91:   0 2 2 5 1 1 0 0 0 0 0 0
 Node 92:   0 1 7 1 0 0 1 0 0 0 1 1
 Node 93:   0 2 2 5 1 1 0 0 0 0 0 0
 Node 94:   0 1 6 0 0 0 1 0 0 0 1 1
 Node 95:   0 2 2 5 1 1 1 0 0 0 0 0
 Node 96:   1 0 7 2 0 0 0 2 0 0 1 1
 Node 97:   1 1 0 6 1 1 0 1 0 0 0 0
 Node 98:   1 0 7 2 0 0 0 1 0 0 1 1
 Node 99:   0 1 3 6 1 1 0 0 0 0 0 0
 Node 100:   1 0 7 2 0 0 0 0 0 0 1 1
 Node 101:   1 1 3 6 1 1 0 0 0 0 0 0
 Node 102:   2 1 7 4 0 0 0 0 0 0 1 1
 Node 103:   2 2 3 6 1 1 0 0 0 0 0 0
 Node 104:   2 2 7 2 0 0 0 0 0 0 1 1
 Node 105:   1 2 6 6 1 1 0 0 0 0 0 0
 Node 106:   1 2 7 2 0 0 0 0 0 0 1 1
 Node 107:   0 2 3 6 1 1 0 0 0 0 0 0
 Node 108:   0 1 7 2 0 0 1 0 0 0 1 1
 Node 109:   0 2 3 6 1 1 0 0 0 0 0 0
 Node 110:   0 1 7 0 0 0 1 0 0 0 1 1
 Node 111:   0 2 3 6 1 1 1 0 0 0 0 0
 Node 112:   1 0 8 3 0 0 0 2 0 0 1 1
 Node 113:   1 1 0 7 1 1 0 1 0 0 0 0
 Node 114:   1 0 8 3 0 0 0 1 0 0 1 1
 Node 115:   0 1 4 7 1 1 0 0 0 0 0 0
 Node 116:   1 0 8 3 0 0 0 0 0 0 1 1
 Node 117:   1 1 4 7 1 1 0 0 0 0 0 0
 Node 118:   2 1 8 6 0 0 0 0 0 0 1 1
 Node 119:   2 2 4 7 1 1 0 0 0 0 0 0
 Node 120:   2 2 8 3 0 0 0 0 0 0 1 1
 Node 121:   1 2 8 7 1 1 0 0 0 0 0 0
 Node 122:   1 2 8 3 0 0 0 0 0 0 1 1
 Node 123:   0 2 4 7 1 1 0 0 0 0 0 0
 Node 124:   0 1 8 3 0 0 1 0 0 0 1 1
 Node 125:   0 2 4 7 1 1 0 0 0 0 0 0
 Node 126:   0 1 8 0 0 0 1 0 0 0 1 1
 Node 127:   0 2 4 7 1 1 1 0 0 0 0 0
 Node 128:   2 0 7 4 0 0 0 1 0 0 1 1
 Node 129:   1 0 0 8 1 1 0 1 0 0 0 0
 Node 130:   2 0 7 4 0 0 0 0 0 0 1 1
 Node 131:   1 0 3 8 1 1 0 1 0 0 0 0
 Node 132:   2 0 7 4 0 0 0 0 0 0 1 1
 Node 133:   2 1 3 8 1 1 0 0 0 0 0 0
 Node 134:   2 1 7 8 0 0 0 0 0 0 1 1
 Node 135:   2 2 3 8 1 1 0 0 0 0 0 0
 Node 136:   2 2 7 4 0 0 0 0 0 0 1 1
 Node 137:   1 2 6 8 1 1 0 0 0 0 0 0
 Node 138:   1 1 7 4 0 0 0 0 0 0 1 1
 Node 139:   0 1 3 8 1 1 0 0 0 0 0 0
 Node 140:   1 0 7 4 0 0 0 0 0 0 1 1
 Node 141:   0 1 3 8 1 1 1 0 0 0 0 0
 Node 142:   1 1 7 0 0 0 1 0 0 0 1 1
 Node 143:   0 1 3 8 1 1 2 0 0 0 0 0
 Node 144:   2 0 6 3 0 0 0 1 0 0 1 1
 Node 145:   1 0 0 7 1 1 0 1 0 0 0 0
 Node 146:   2 0 6 3 0 0 0 0 0 0 1 1
 Node 147:   1 0 2 7 1 1 0 1 0 0 0 0
 Node 148:   2 0 6 3 0 0 0 0 0 0 1 1
 Node 149:   2 1 2 7 1 1 0 0 0 0 0 0
 Node 150:   2 1 6 6 0 0 0 0 0 0 1 1
 Node 151:   2 2 2 7 1 1 0 0 0 0 0 0
 Node 152:   2 2 6 3 0 0 0 0 0 0 1 1
 Node 153:   1 2 4 7 1 1 0 0 0 0 0 0
 Node 154:   1 1 6 3 0 0 0 0 0 0 1 1
 Node 155:   0 1 2 7 1 1 0 0 0 0 0 0
 Node 156:   1 0 6 3 0 0 0 0 0 0 1 1
 Node 157:   0 1 2 7 1 1 1 0 0 0 0 0
 Node 158:   1 1 6 0 0 0 1 0 0 0 1 1
 Node 159:   0 1 2 7 1 1 2 0 0 0 0 0
 Node 160:   2 0 5 2 0 0 0 1 0 0 1 1
 Node 161:   1 0 0 6 1 1 0 1 0 0 0 0
 Node 162:   2 0 5 2 0 0 0 0 0 0 1 1
 Node 163:   1 0 1 7 1 1 0 1 0 0 0 0
 Node 164:   2 0 5 2 0 0 0 0 0 0 1 1
 Node 165:   2 1 1 7 1 1 0 0 0 0 0 0
 Node 166:   2 1 5 4 0 0 0 0 0 0 1 1
 Node 167:   2 2 1 7 1 1 0 0 0 0 0 0
 Node 168:   2 2 5 2 0 0 0 0 0 0 1 1
 Node 169:   1 2 2 8 1 1 0 0 0 0 0 0
 Node 170:   1 1 5 2 0 0 0 0 0 0 1 1
 Node 171:   0 1 1 7 1 1 0 0 0 0 0 0
 Node 172:   1 0 5 2 0 0 0 0 0 0 1 1
 Node 173:   0 1 1 7 1 1 1 0 0 0 0 0
 Node 174:   1 1 5 0 0 0 1 0 0 0 1 1
 Node 175:   0 1 1 7 1 1 2 0 0 0 0 0
 Node 176:   2 0 4 1 0 0 0 1 0 0 1 1
 Node 177:   1 0 0 5 1 1 0 1 0 0 0 0
 Node 178:   2 0 4 1 0 0 0 0 0 0 1 1
 Node 179:   1 0 0 6 1 1 0 1 0 0 0 0
 Node 180:   2 0 4 1 0 0 0 0 0 0 1 1
 Node 181:   2 1 0 6 1 1 0 0 0 0 0 0
 Node 182:   2 1 4 2 0 0 0 0 0 0 1 1
 Node 183:   2 2 0 6 1 1 0 0 0 0 0 0
 Node 184:   2 2 4 1 0 0 0 0 0 0 1 1
 Node 185:   1 2 0 7 1 1 0 0 0 0 0 0
 Node 186:   1 1 4 1 0 0 0 0 0 0 1 1
 Node 187:   0 1 0 6 1 1 0 0 0 0 0 0
 Node 188:   1 0 4 1 0 0 0 0 0 0 1 1
 Node 189:   0 1 0 6 1 1 1 0 0 0 0 0
 Node 190:   1 1 4 0 0 0 1 0 0 0 1 1
 Node 191:   0 1 0 6 1 1 2 0 0 0 0 0
 Node 192:   2 0 3 0 0 0 0 1 1 0 1 1
 Node 193:   1 0 0 4 1 1 0 1 0 0 0 0
 Node 194:   2 0 3 0 0 0 0 0 1 0 1 1
 Node 195:   1 0 0 5 1 1 0 1 0 0 0 0
 Node 196:   2 0 3 0 0 0 0 0 1 0 1 1
 Node 197:   2 1 0 5 1 1 0 0 0 0 0 0
 Node 198:   2 1 3 0 0 0 0 0 2 0 1 1
 Node 199:   2 2 0 5 1 1 0 0 0 0 0 0
 Node 200:   2 2 3 0 0 0 0 0 1 0 1 1
 Node 201:   1 2 0 6 1 1 0 0 0 0 0 0
 Node 202:   1 1 3 0 0 0 0 0 1 0 1 1
 Node 203:   0 1 0 5 1 1 0 0 0 0 0 0
 Node 204:   1 0 3 0 0 0 0 0 1 0 1 1
 Node 205:   0 1 0 5 1 1 1 0 0 0 0 0
 Node 206:   1 1 3 0 0 0 1 0 0 0 1 1
 Node 207:   0 1 0 5 1 1 2 0 0 0 0 0
 Node 208:   2 0 2 0 0 0 0 1 1 0 1 1
 Node 209:   1 0 0 3 1 1 0 1 0 0 0 0
 Node 210:   2 0 2 0 0 0 0 0 1 0 1 1
 Node 211:   1 0 0 5 1 1 0 1 0 0 0 0
 Node 212:   2 0 2 0 0 0 0 0 1 0 1 1
 Node 213:   2 1 0 5 1 1 0 0 0 0 0 0
 Node 214:   2 1 2 0 0 0 0 0 2 0 1 1
 Node 215:   2 2 0 5 1 1 0 0 0 0 0 0
 Node 216:   2 2 2 0 0 0 0 0 1 0 1 1
 Node 217:   1 2 0 7 1 1 0 0 0 0 0 0
 Node 218:   1 1 2 0 0 0 0 0 1 0 1 1
 Node 219:   0 1 0 5 1 1 0 0 0 0 0 0
 Node 220:   1 0 2 0 0 0 0 0 1 0 1 1
 Node 221:   0 1 0 5 1 1 1 0 0 0 0 0
 Node 222:   1 1 2 0 0 0 1 0 0 0 1 1
 Node 223:   0 1 0 5 1 1 2 0 0 0 0 0
 Node 224:   2 0 1 0 0 0 0 1 2 0 1 1
 Node 225:   1 0 0 2 1 1 0 1 0 0 0 0
 Node 226:   2 0 1 0 0 0 0 0 2 0 1 1
 Node 227:   1 0 0 4 1 1 0 1 0 0 0 0
 Node 228:   2 0 1 0 0 0 0 0 2 0 1 1
 Node 229:   2 1 0 4 1 1 0 0 0 0 0 0
 Node 230:   2 1 1 0 0 0 0 0 4 0 1 1
 Node 231:   2 2 0 4 1 1 0 0 0 0 0 0
 Node 232:   2 2 1 0 0 0 0 0 2 0 1 1
 Node 233:   1 2 0 6 1 1 0 0 0 0 0 0
 Node 234:   1 1 1 0 0 0 0 0 2 0 1 1
 Node 235:   0 1 0 4 1 1 0 0 0 0 0 0
 Node 236:   1 0 1 0 0 0 0 0 2 0 1 1
 Node 237:   0 1 0 4 1 1 1 0 0 0 0 0
 Node 238:   1 1 1 0 0 0 1 0 0 0 1 1
 Node 239:   0 1 0 4 1 1 2 0 0 0 0 0
 Node 240:   2 0 0 0 0 0 0 1 3 0 1 1
 Node 241:   1 0 0 1 1 1 0 1 0 0 0 0
 Node 242:   2 0 0 0 0 0 0 0 3 0 1 1
 Node 243:   1 0 0 3 1 1 0 1 0 0 0 0
 Node 244:   2 0 0 0 0 0 0 0 3 0 1 1
 Node 245:   2 1 0 3 1 1 0 0 0 0 0 0
 Node 246:   2 1 0 0 0 0 0 0 6 0 1 1
 Node 247:   2 2 0 3 1 1 0 0 0 0 0 0
 Node 248:   2 2 0 0 0 0 0 0 3 0 1 1
 Node 249:   1 2 0 5 1 1 0 0 0 0 0 0
 Node 250:   1 1 0 0 0 0 0 0 3 0 1 1
 Node 251:   0 1 0 3 1 1 0 0 0 0 0 0
 Node 252:   1 0 0 0 0 0 0 0 3 0 1 1
 Node 253:   0 1 0 3 1 1 1 0 0 0 0 0
 Node 254:   1 1 0 0 0 0 1 0 0 0 1 1
 Node 255:   0 1 0 3 1 1 2 0 0 0 0 0

(Maximum) Crossing Paths: 8
The number of paths on this application : 256 (all-to-all cases: 65280)
The average hops : 9.500000
ID size(without ID modification)9
total_slots: 2176
avg_slots: 2.125000
unused_total_slots: 6016
unused_avg_slots: 5.875000

