ID Allocation Policy is 0(low port first) / 1(Crossing Paths based method): 1
Address method is 0(destination_based) / 1(path_based): 1
 dst_based renewable label = 16
 path_based renewable label = 16


 (east, west, south, north, from host0,... east(vch2), south(vch2), west(vch2), north(vch2), from host(vch2)0,.. to host(vch2)0,..
 Node  0:   2 0 6 0 0 0 0 3 0 0 1 1
 Node  1:   2 1 0 0 1 1 0 2 0 0 0 0
 Node  2:   2 0 6 0 0 0 0 2 0 0 1 1
 Node  3:   2 1 0 0 1 1 0 1 0 5 0 0
 Node  4:   2 0 1 0 0 0 0 2 0 0 1 1
 Node  5:   1 1 0 0 1 1 0 1 0 5 0 0
 Node  6:   1 0 6 0 0 0 0 1 0 0 1 1
 Node  7:   1 1 0 0 1 1 0 0 0 0 0 0
 Node  8:   2 0 11 0 0 0 0 0 0 0 1 1
 Node  9:   2 1 0 0 1 1 0 0 0 5 0 0
 Node 10:   3 1 6 0 0 0 0 0 0 0 1 1
 Node 11:   2 2 0 0 1 1 0 0 0 10 0 0
 Node 12:   3 2 6 0 0 0 0 0 0 0 1 1
 Node 13:   3 3 0 0 1 1 0 0 0 5 0 0
 Node 14:   4 3 11 0 0 0 0 0 0 0 1 1
 Node 15:   4 4 0 0 1 1 0 0 0 5 0 0
 Node 16:   4 4 6 0 0 0 0 0 0 0 1 1
 Node 17:   3 4 0 0 1 1 0 0 0 10 0 0
 Node 18:   3 4 6 0 0 0 0 0 0 0 1 1
 Node 19:   2 4 0 0 1 1 0 0 0 5 0 0
 Node 20:   2 3 11 0 0 0 0 0 0 0 1 1
 Node 21:   1 3 0 0 1 1 0 0 0 5 0 0
 Node 22:   1 2 6 0 0 0 0 0 0 0 1 1
 Node 23:   0 2 0 0 1 1 0 0 0 10 0 0
 Node 24:   0 2 1 0 0 0 1 0 0 0 1 1
 Node 25:   0 3 0 0 1 1 0 0 0 5 0 0
 Node 26:   0 2 6 0 0 0 1 0 0 0 1 1
 Node 27:   0 3 0 0 1 1 1 0 0 0 0 0
 Node 28:   0 2 6 0 0 0 2 0 0 0 1 1
 Node 29:   0 3 0 0 1 1 2 0 0 5 0 0
 Node 30:   0 3 1 0 0 0 3 0 0 0 1 1
 Node 31:   0 4 0 0 1 1 2 0 0 5 0 0
 Node 32:   2 0 7 0 0 0 0 3 0 0 1 1
 Node 33:   2 1 0 1 1 1 0 2 0 0 0 0
 Node 34:   2 0 7 0 0 0 0 2 0 0 1 1
 Node 35:   2 1 0 1 1 1 0 1 0 5 0 0
 Node 36:   2 0 2 0 0 0 0 2 0 0 1 1
 Node 37:   1 1 0 1 1 1 0 1 0 5 0 0
 Node 38:   1 0 7 0 0 0 0 1 0 0 1 1
 Node 39:   1 1 0 1 1 1 0 0 0 0 0 0
 Node 40:   2 0 12 0 0 0 0 0 0 0 1 1
 Node 41:   2 1 0 1 1 1 0 0 0 5 0 0
 Node 42:   3 1 7 0 0 0 0 0 0 0 1 1
 Node 43:   2 2 0 1 1 1 0 0 0 10 0 0
 Node 44:   3 2 7 0 0 0 0 0 0 0 1 1
 Node 45:   3 3 0 1 1 1 0 0 0 5 0 0
 Node 46:   4 3 12 0 0 0 0 0 0 0 1 1
 Node 47:   4 4 0 1 1 1 0 0 0 5 0 0
 Node 48:   4 4 7 0 0 0 0 0 0 0 1 1
 Node 49:   3 4 0 1 1 1 0 0 0 10 0 0
 Node 50:   3 4 7 0 0 0 0 0 0 0 1 1
 Node 51:   2 4 0 1 1 1 0 0 0 5 0 0
 Node 52:   2 3 12 0 0 0 0 0 0 0 1 1
 Node 53:   1 3 0 1 1 1 0 0 0 5 0 0
 Node 54:   1 2 7 0 0 0 0 0 0 0 1 1
 Node 55:   0 2 0 1 1 1 0 0 0 10 0 0
 Node 56:   0 2 2 0 0 0 1 0 0 0 1 1
 Node 57:   0 3 0 1 1 1 0 0 0 5 0 0
 Node 58:   0 2 7 0 0 0 1 0 0 0 1 1
 Node 59:   0 3 0 1 1 1 1 0 0 0 0 0
 Node 60:   0 2 7 0 0 0 2 0 0 0 1 1
 Node 61:   0 3 0 1 1 1 2 0 0 5 0 0
 Node 62:   0 3 2 0 0 0 3 0 0 0 1 1
 Node 63:   0 4 0 1 1 1 2 0 0 5 0 0
 Node 64:   2 0 7 0 0 0 0 3 0 0 1 1
 Node 65:   2 1 0 2 1 1 0 2 0 0 0 0
 Node 66:   2 0 7 0 0 0 0 2 0 0 1 1
 Node 67:   2 1 0 2 1 1 0 1 0 4 0 0
 Node 68:   2 0 3 0 0 0 0 2 0 0 1 1
 Node 69:   1 1 0 2 1 1 0 1 0 4 0 0
 Node 70:   1 0 7 0 0 0 0 1 0 0 1 1
 Node 71:   1 1 0 2 1 1 0 0 0 0 0 0
 Node 72:   2 0 11 0 0 0 0 0 0 0 1 1
 Node 73:   2 1 0 2 1 1 0 0 0 4 0 0
 Node 74:   3 1 7 0 0 0 0 0 0 0 1 1
 Node 75:   2 2 0 2 1 1 0 0 0 8 0 0
 Node 76:   3 2 7 0 0 0 0 0 0 0 1 1
 Node 77:   3 3 0 2 1 1 0 0 0 4 0 0
 Node 78:   4 3 11 0 0 0 0 0 0 0 1 1
 Node 79:   4 4 0 2 1 1 0 0 0 4 0 0
 Node 80:   4 4 7 0 0 0 0 0 0 0 1 1
 Node 81:   3 4 0 2 1 1 0 0 0 8 0 0
 Node 82:   3 4 7 0 0 0 0 0 0 0 1 1
 Node 83:   2 4 0 2 1 1 0 0 0 4 0 0
 Node 84:   2 3 11 0 0 0 0 0 0 0 1 1
 Node 85:   1 3 0 2 1 1 0 0 0 4 0 0
 Node 86:   1 2 7 0 0 0 0 0 0 0 1 1
 Node 87:   0 2 0 2 1 1 0 0 0 8 0 0
 Node 88:   0 2 3 0 0 0 1 0 0 0 1 1
 Node 89:   0 3 0 2 1 1 0 0 0 4 0 0
 Node 90:   0 2 7 0 0 0 1 0 0 0 1 1
 Node 91:   0 3 0 2 1 1 1 0 0 0 0 0
 Node 92:   0 2 7 0 0 0 2 0 0 0 1 1
 Node 93:   0 3 0 2 1 1 2 0 0 4 0 0
 Node 94:   0 3 3 0 0 0 3 0 0 0 1 1
 Node 95:   0 4 0 2 1 1 2 0 0 4 0 0
 Node 96:   2 0 8 0 0 0 0 3 0 0 1 1
 Node 97:   2 1 0 3 1 1 0 2 0 0 0 0
 Node 98:   2 0 8 0 0 0 0 2 0 0 1 1
 Node 99:   2 1 0 3 1 1 0 1 0 3 0 0
 Node 100:   2 0 4 0 0 0 0 2 0 0 1 1
 Node 101:   1 1 0 3 1 1 0 1 0 3 0 0
 Node 102:   1 0 8 0 0 0 0 1 0 0 1 1
 Node 103:   1 1 0 3 1 1 0 0 0 0 0 0
 Node 104:   2 0 12 0 0 0 0 0 0 0 1 1
 Node 105:   2 1 0 3 1 1 0 0 0 3 0 0
 Node 106:   3 1 8 0 0 0 0 0 0 0 1 1
 Node 107:   2 2 0 3 1 1 0 0 0 6 0 0
 Node 108:   3 2 8 0 0 0 0 0 0 0 1 1
 Node 109:   3 3 0 3 1 1 0 0 0 3 0 0
 Node 110:   4 3 12 0 0 0 0 0 0 0 1 1
 Node 111:   4 4 0 3 1 1 0 0 0 3 0 0
 Node 112:   4 4 8 0 0 0 0 0 0 0 1 1
 Node 113:   3 4 0 3 1 1 0 0 0 6 0 0
 Node 114:   3 4 8 0 0 0 0 0 0 0 1 1
 Node 115:   2 4 0 3 1 1 0 0 0 3 0 0
 Node 116:   2 3 12 0 0 0 0 0 0 0 1 1
 Node 117:   1 3 0 3 1 1 0 0 0 3 0 0
 Node 118:   1 2 8 0 0 0 0 0 0 0 1 1
 Node 119:   0 2 0 3 1 1 0 0 0 6 0 0
 Node 120:   0 2 4 0 0 0 1 0 0 0 1 1
 Node 121:   0 3 0 3 1 1 0 0 0 3 0 0
 Node 122:   0 2 8 0 0 0 1 0 0 0 1 1
 Node 123:   0 3 0 3 1 1 1 0 0 0 0 0
 Node 124:   0 2 8 0 0 0 2 0 0 0 1 1
 Node 125:   0 3 0 3 1 1 2 0 0 3 0 0
 Node 126:   0 3 4 0 0 0 3 0 0 0 1 1
 Node 127:   0 4 0 3 1 1 2 0 0 3 0 0
 Node 128:   2 0 9 0 0 0 0 3 0 0 1 1
 Node 129:   2 1 0 4 1 1 0 2 0 0 0 0
 Node 130:   2 0 9 0 0 0 0 2 0 0 1 1
 Node 131:   2 1 0 4 1 1 0 1 0 3 0 0
 Node 132:   2 0 5 0 0 0 0 2 0 0 1 1
 Node 133:   1 1 0 4 1 1 0 1 0 3 0 0
 Node 134:   1 0 9 0 0 0 0 1 0 0 1 1
 Node 135:   1 1 0 4 1 1 0 0 0 0 0 0
 Node 136:   2 0 13 0 0 0 0 0 0 0 1 1
 Node 137:   2 1 0 4 1 1 0 0 0 3 0 0
 Node 138:   3 1 9 0 0 0 0 0 0 0 1 1
 Node 139:   2 2 0 4 1 1 0 0 0 6 0 0
 Node 140:   3 2 9 0 0 0 0 0 0 0 1 1
 Node 141:   3 3 0 4 1 1 0 0 0 3 0 0
 Node 142:   4 3 13 0 0 0 0 0 0 0 1 1
 Node 143:   4 4 0 4 1 1 0 0 0 3 0 0
 Node 144:   4 4 9 0 0 0 0 0 0 0 1 1
 Node 145:   3 4 0 4 1 1 0 0 0 6 0 0
 Node 146:   3 4 9 0 0 0 0 0 0 0 1 1
 Node 147:   2 4 0 4 1 1 0 0 0 3 0 0
 Node 148:   2 3 13 0 0 0 0 0 0 0 1 1
 Node 149:   1 3 0 4 1 1 0 0 0 3 0 0
 Node 150:   1 2 9 0 0 0 0 0 0 0 1 1
 Node 151:   0 2 0 4 1 1 0 0 0 6 0 0
 Node 152:   0 2 5 0 0 0 1 0 0 0 1 1
 Node 153:   0 3 0 4 1 1 0 0 0 3 0 0
 Node 154:   0 2 9 0 0 0 1 0 0 0 1 1
 Node 155:   0 3 0 4 1 1 1 0 0 0 0 0
 Node 156:   0 2 9 0 0 0 2 0 0 0 1 1
 Node 157:   0 3 0 4 1 1 2 0 0 3 0 0
 Node 158:   0 3 5 0 0 0 3 0 0 0 1 1
 Node 159:   0 4 0 4 1 1 2 0 0 3 0 0
 Node 160:   2 0 9 0 0 0 0 3 0 0 1 1
 Node 161:   2 1 0 5 1 1 0 2 0 0 0 0
 Node 162:   2 0 9 0 0 0 0 2 0 0 1 1
 Node 163:   2 1 0 5 1 1 0 1 0 2 0 0
 Node 164:   2 0 6 0 0 0 0 2 0 0 1 1
 Node 165:   1 1 0 5 1 1 0 1 0 2 0 0
 Node 166:   1 0 9 0 0 0 0 1 0 0 1 1
 Node 167:   1 1 0 5 1 1 0 0 0 0 0 0
 Node 168:   2 0 12 0 0 0 0 0 0 0 1 1
 Node 169:   2 1 0 5 1 1 0 0 0 2 0 0
 Node 170:   3 1 9 0 0 0 0 0 0 0 1 1
 Node 171:   2 2 0 5 1 1 0 0 0 4 0 0
 Node 172:   3 2 9 0 0 0 0 0 0 0 1 1
 Node 173:   3 3 0 5 1 1 0 0 0 2 0 0
 Node 174:   4 3 12 0 0 0 0 0 0 0 1 1
 Node 175:   4 4 0 5 1 1 0 0 0 2 0 0
 Node 176:   4 4 9 0 0 0 0 0 0 0 1 1
 Node 177:   3 4 0 5 1 1 0 0 0 4 0 0
 Node 178:   3 4 9 0 0 0 0 0 0 0 1 1
 Node 179:   2 4 0 5 1 1 0 0 0 2 0 0
 Node 180:   2 3 12 0 0 0 0 0 0 0 1 1
 Node 181:   1 3 0 5 1 1 0 0 0 2 0 0
 Node 182:   1 2 9 0 0 0 0 0 0 0 1 1
 Node 183:   0 2 0 5 1 1 0 0 0 4 0 0
 Node 184:   0 2 6 0 0 0 1 0 0 0 1 1
 Node 185:   0 3 0 5 1 1 0 0 0 2 0 0
 Node 186:   0 2 9 0 0 0 1 0 0 0 1 1
 Node 187:   0 3 0 5 1 1 1 0 0 0 0 0
 Node 188:   0 2 9 0 0 0 2 0 0 0 1 1
 Node 189:   0 3 0 5 1 1 2 0 0 2 0 0
 Node 190:   0 3 6 0 0 0 3 0 0 0 1 1
 Node 191:   0 4 0 5 1 1 2 0 0 2 0 0
 Node 192:   2 0 10 0 0 0 0 3 0 0 1 1
 Node 193:   2 1 0 6 1 1 0 2 0 0 0 0
 Node 194:   2 0 10 0 0 0 0 2 0 0 1 1
 Node 195:   2 1 0 6 1 1 0 1 0 1 0 0
 Node 196:   2 0 7 0 0 0 0 2 0 0 1 1
 Node 197:   1 1 0 6 1 1 0 1 0 1 0 0
 Node 198:   1 0 10 0 0 0 0 1 0 0 1 1
 Node 199:   1 1 0 6 1 1 0 0 0 0 0 0
 Node 200:   2 0 13 0 0 0 0 0 0 0 1 1
 Node 201:   2 1 0 6 1 1 0 0 0 1 0 0
 Node 202:   3 1 10 0 0 0 0 0 0 0 1 1
 Node 203:   2 2 0 6 1 1 0 0 0 2 0 0
 Node 204:   3 2 10 0 0 0 0 0 0 0 1 1
 Node 205:   3 3 0 6 1 1 0 0 0 1 0 0
 Node 206:   4 3 13 0 0 0 0 0 0 0 1 1
 Node 207:   4 4 0 6 1 1 0 0 0 1 0 0
 Node 208:   4 4 10 0 0 0 0 0 0 0 1 1
 Node 209:   3 4 0 6 1 1 0 0 0 2 0 0
 Node 210:   3 4 10 0 0 0 0 0 0 0 1 1
 Node 211:   2 4 0 6 1 1 0 0 0 1 0 0
 Node 212:   2 3 13 0 0 0 0 0 0 0 1 1
 Node 213:   1 3 0 6 1 1 0 0 0 1 0 0
 Node 214:   1 2 10 0 0 0 0 0 0 0 1 1
 Node 215:   0 2 0 6 1 1 0 0 0 2 0 0
 Node 216:   0 2 7 0 0 0 1 0 0 0 1 1
 Node 217:   0 3 0 6 1 1 0 0 0 1 0 0
 Node 218:   0 2 10 0 0 0 1 0 0 0 1 1
 Node 219:   0 3 0 6 1 1 1 0 0 0 0 0
 Node 220:   0 2 10 0 0 0 2 0 0 0 1 1
 Node 221:   0 3 0 6 1 1 2 0 0 1 0 0
 Node 222:   0 3 7 0 0 0 3 0 0 0 1 1
 Node 223:   0 4 0 6 1 1 2 0 0 1 0 0
 Node 224:   2 0 11 0 0 0 0 3 0 0 1 1
 Node 225:   2 1 0 7 1 1 0 2 0 0 0 0
 Node 226:   2 0 11 0 0 0 0 2 0 0 1 1
 Node 227:   2 1 0 7 1 1 0 1 0 1 0 0
 Node 228:   2 0 8 0 0 0 0 2 0 0 1 1
 Node 229:   1 1 0 7 1 1 0 1 0 1 0 0
 Node 230:   1 0 11 0 0 0 0 1 0 0 1 1
 Node 231:   1 1 0 7 1 1 0 0 0 0 0 0
 Node 232:   2 0 14 0 0 0 0 0 0 0 1 1
 Node 233:   2 1 0 7 1 1 0 0 0 1 0 0
 Node 234:   3 1 11 0 0 0 0 0 0 0 1 1
 Node 235:   2 2 0 7 1 1 0 0 0 2 0 0
 Node 236:   3 2 11 0 0 0 0 0 0 0 1 1
 Node 237:   3 3 0 7 1 1 0 0 0 1 0 0
 Node 238:   4 3 14 0 0 0 0 0 0 0 1 1
 Node 239:   4 4 0 7 1 1 0 0 0 1 0 0
 Node 240:   4 4 11 0 0 0 0 0 0 0 1 1
 Node 241:   3 4 0 7 1 1 0 0 0 2 0 0
 Node 242:   3 4 11 0 0 0 0 0 0 0 1 1
 Node 243:   2 4 0 7 1 1 0 0 0 1 0 0
 Node 244:   2 3 14 0 0 0 0 0 0 0 1 1
 Node 245:   1 3 0 7 1 1 0 0 0 1 0 0
 Node 246:   1 2 11 0 0 0 0 0 0 0 1 1
 Node 247:   0 2 0 7 1 1 0 0 0 2 0 0
 Node 248:   0 2 8 0 0 0 1 0 0 0 1 1
 Node 249:   0 3 0 7 1 1 0 0 0 1 0 0
 Node 250:   0 2 11 0 0 0 1 0 0 0 1 1
 Node 251:   0 3 0 7 1 1 1 0 0 0 0 0
 Node 252:   0 2 11 0 0 0 2 0 0 0 1 1
 Node 253:   0 3 0 7 1 1 2 0 0 1 0 0
 Node 254:   0 3 8 0 0 0 3 0 0 0 1 1
 Node 255:   0 4 0 7 1 1 2 0 0 1 0 0
 Node 256:   2 0 11 0 0 0 0 3 0 0 1 1
 Node 257:   2 1 0 8 1 1 0 2 0 0 0 0
 Node 258:   2 0 11 0 0 0 0 2 0 0 1 1
 Node 259:   2 1 1 8 1 1 0 1 0 0 0 0
 Node 260:   2 0 9 0 0 0 0 2 0 0 1 1
 Node 261:   1 1 1 8 1 1 0 1 0 0 0 0
 Node 262:   1 0 11 0 0 0 0 1 0 0 1 1
 Node 263:   1 1 0 8 1 1 0 0 0 0 0 0
 Node 264:   2 0 13 0 0 0 0 0 0 0 1 1
 Node 265:   2 1 1 8 1 1 0 0 0 0 0 0
 Node 266:   3 1 11 0 0 0 0 0 0 0 1 1
 Node 267:   2 2 2 8 1 1 0 0 0 0 0 0
 Node 268:   3 2 11 0 0 0 0 0 0 0 1 1
 Node 269:   3 3 1 8 1 1 0 0 0 0 0 0
 Node 270:   4 3 13 0 0 0 0 0 0 0 1 1
 Node 271:   4 4 1 8 1 1 0 0 0 0 0 0
 Node 272:   4 4 11 0 0 0 0 0 0 0 1 1
 Node 273:   3 4 2 8 1 1 0 0 0 0 0 0
 Node 274:   3 4 11 0 0 0 0 0 0 0 1 1
 Node 275:   2 4 1 8 1 1 0 0 0 0 0 0
 Node 276:   2 3 13 0 0 0 0 0 0 0 1 1
 Node 277:   1 3 1 8 1 1 0 0 0 0 0 0
 Node 278:   1 2 11 0 0 0 0 0 0 0 1 1
 Node 279:   0 2 2 8 1 1 0 0 0 0 0 0
 Node 280:   0 2 9 0 0 0 1 0 0 0 1 1
 Node 281:   0 3 1 8 1 1 0 0 0 0 0 0
 Node 282:   0 2 11 0 0 0 1 0 0 0 1 1
 Node 283:   0 3 0 8 1 1 1 0 0 0 0 0
 Node 284:   0 2 11 0 0 0 2 0 0 0 1 1
 Node 285:   0 3 1 8 1 1 2 0 0 0 0 0
 Node 286:   0 3 9 0 0 0 3 0 0 0 1 1
 Node 287:   0 4 1 8 1 1 2 0 0 0 0 0
 Node 288:   2 0 12 1 0 0 0 3 0 0 1 1
 Node 289:   2 1 0 9 1 1 0 2 0 0 0 0
 Node 290:   2 0 12 1 0 0 0 2 0 0 1 1
 Node 291:   2 1 2 9 1 1 0 1 0 0 0 0
 Node 292:   2 0 10 0 0 0 0 2 0 0 1 1
 Node 293:   1 1 2 9 1 1 0 1 0 0 0 0
 Node 294:   1 0 12 1 0 0 0 1 0 0 1 1
 Node 295:   1 1 0 9 1 1 0 0 0 0 0 0
 Node 296:   2 0 14 2 0 0 0 0 0 0 1 1
 Node 297:   2 1 2 9 1 1 0 0 0 0 0 0
 Node 298:   3 1 12 1 0 0 0 0 0 0 1 1
 Node 299:   2 2 4 9 1 1 0 0 0 0 0 0
 Node 300:   3 2 12 1 0 0 0 0 0 0 1 1
 Node 301:   3 3 2 9 1 1 0 0 0 0 0 0
 Node 302:   4 3 14 2 0 0 0 0 0 0 1 1
 Node 303:   4 4 2 9 1 1 0 0 0 0 0 0
 Node 304:   4 4 12 1 0 0 0 0 0 0 1 1
 Node 305:   3 4 4 9 1 1 0 0 0 0 0 0
 Node 306:   3 4 12 1 0 0 0 0 0 0 1 1
 Node 307:   2 4 2 9 1 1 0 0 0 0 0 0
 Node 308:   2 3 14 2 0 0 0 0 0 0 1 1
 Node 309:   1 3 2 9 1 1 0 0 0 0 0 0
 Node 310:   1 2 12 1 0 0 0 0 0 0 1 1
 Node 311:   0 2 4 9 1 1 0 0 0 0 0 0
 Node 312:   0 2 10 0 0 0 1 0 0 0 1 1
 Node 313:   0 3 2 9 1 1 0 0 0 0 0 0
 Node 314:   0 2 12 1 0 0 1 0 0 0 1 1
 Node 315:   0 3 0 9 1 1 1 0 0 0 0 0
 Node 316:   0 2 12 1 0 0 2 0 0 0 1 1
 Node 317:   0 3 2 9 1 1 2 0 0 0 0 0
 Node 318:   0 3 10 0 0 0 3 0 0 0 1 1
 Node 319:   0 4 2 9 1 1 2 0 0 0 0 0
 Node 320:   2 0 13 2 0 0 0 3 0 0 1 1
 Node 321:   2 1 0 10 1 1 0 2 0 0 0 0
 Node 322:   2 0 13 2 0 0 0 2 0 0 1 1
 Node 323:   2 1 3 10 1 1 0 1 0 0 0 0
 Node 324:   2 0 11 0 0 0 0 2 0 0 1 1
 Node 325:   1 1 3 10 1 1 0 1 0 0 0 0
 Node 326:   1 0 13 2 0 0 0 1 0 0 1 1
 Node 327:   1 1 0 10 1 1 0 0 0 0 0 0
 Node 328:   2 0 15 4 0 0 0 0 0 0 1 1
 Node 329:   2 1 3 10 1 1 0 0 0 0 0 0
 Node 330:   3 1 13 2 0 0 0 0 0 0 1 1
 Node 331:   2 2 6 10 1 1 0 0 0 0 0 0
 Node 332:   3 2 13 2 0 0 0 0 0 0 1 1
 Node 333:   3 3 3 10 1 1 0 0 0 0 0 0
 Node 334:   4 3 15 4 0 0 0 0 0 0 1 1
 Node 335:   4 4 3 10 1 1 0 0 0 0 0 0
 Node 336:   4 4 13 2 0 0 0 0 0 0 1 1
 Node 337:   3 4 6 10 1 1 0 0 0 0 0 0
 Node 338:   3 4 13 2 0 0 0 0 0 0 1 1
 Node 339:   2 4 3 10 1 1 0 0 0 0 0 0
 Node 340:   2 3 15 4 0 0 0 0 0 0 1 1
 Node 341:   1 3 3 10 1 1 0 0 0 0 0 0
 Node 342:   1 2 13 2 0 0 0 0 0 0 1 1
 Node 343:   0 2 6 10 1 1 0 0 0 0 0 0
 Node 344:   0 2 11 0 0 0 1 0 0 0 1 1
 Node 345:   0 3 3 10 1 1 0 0 0 0 0 0
 Node 346:   0 2 13 2 0 0 1 0 0 0 1 1
 Node 347:   0 3 0 10 1 1 1 0 0 0 0 0
 Node 348:   0 2 13 2 0 0 2 0 0 0 1 1
 Node 349:   0 3 3 10 1 1 2 0 0 0 0 0
 Node 350:   0 3 11 0 0 0 3 0 0 0 1 1
 Node 351:   0 4 3 10 1 1 2 0 0 0 0 0
 Node 352:   2 0 13 3 0 0 0 3 0 0 1 1
 Node 353:   2 1 0 11 1 1 0 2 0 0 0 0
 Node 354:   2 0 13 3 0 0 0 2 0 0 1 1
 Node 355:   2 1 4 11 1 1 0 1 0 0 0 0
 Node 356:   2 0 12 0 0 0 0 2 0 0 1 1
 Node 357:   1 1 4 11 1 1 0 1 0 0 0 0
 Node 358:   1 0 13 3 0 0 0 1 0 0 1 1
 Node 359:   1 1 0 11 1 1 0 0 0 0 0 0
 Node 360:   2 0 14 6 0 0 0 0 0 0 1 1
 Node 361:   2 1 4 11 1 1 0 0 0 0 0 0
 Node 362:   3 1 13 3 0 0 0 0 0 0 1 1
 Node 363:   2 2 8 11 1 1 0 0 0 0 0 0
 Node 364:   3 2 13 3 0 0 0 0 0 0 1 1
 Node 365:   3 3 4 11 1 1 0 0 0 0 0 0
 Node 366:   4 3 14 6 0 0 0 0 0 0 1 1
 Node 367:   4 4 4 11 1 1 0 0 0 0 0 0
 Node 368:   4 4 13 3 0 0 0 0 0 0 1 1
 Node 369:   3 4 8 11 1 1 0 0 0 0 0 0
 Node 370:   3 4 13 3 0 0 0 0 0 0 1 1
 Node 371:   2 4 4 11 1 1 0 0 0 0 0 0
 Node 372:   2 3 14 6 0 0 0 0 0 0 1 1
 Node 373:   1 3 4 11 1 1 0 0 0 0 0 0
 Node 374:   1 2 13 3 0 0 0 0 0 0 1 1
 Node 375:   0 2 8 11 1 1 0 0 0 0 0 0
 Node 376:   0 2 12 0 0 0 1 0 0 0 1 1
 Node 377:   0 3 4 11 1 1 0 0 0 0 0 0
 Node 378:   0 2 13 3 0 0 1 0 0 0 1 1
 Node 379:   0 3 0 11 1 1 1 0 0 0 0 0
 Node 380:   0 2 13 3 0 0 2 0 0 0 1 1
 Node 381:   0 3 4 11 1 1 2 0 0 0 0 0
 Node 382:   0 3 12 0 0 0 3 0 0 0 1 1
 Node 383:   0 4 4 11 1 1 2 0 0 0 0 0
 Node 384:   2 0 14 4 0 0 0 3 0 0 1 1
 Node 385:   2 1 0 12 1 1 0 2 0 0 0 0
 Node 386:   2 0 14 4 0 0 0 2 0 0 1 1
 Node 387:   2 1 5 12 1 1 0 1 0 0 0 0
 Node 388:   2 0 13 0 0 0 0 2 0 0 1 1
 Node 389:   1 1 5 12 1 1 0 1 0 0 0 0
 Node 390:   1 0 14 4 0 0 0 1 0 0 1 1
 Node 391:   1 1 0 12 1 1 0 0 0 0 0 0
 Node 392:   2 0 15 8 0 0 0 0 0 0 1 1
 Node 393:   2 1 5 12 1 1 0 0 0 0 0 0
 Node 394:   3 1 14 4 0 0 0 0 0 0 1 1
 Node 395:   2 2 10 12 1 1 0 0 0 0 0 0
 Node 396:   3 2 14 4 0 0 0 0 0 0 1 1
 Node 397:   3 3 5 12 1 1 0 0 0 0 0 0
 Node 398:   4 3 15 8 0 0 0 0 0 0 1 1
 Node 399:   4 4 5 12 1 1 0 0 0 0 0 0
 Node 400:   4 4 14 4 0 0 0 0 0 0 1 1
 Node 401:   3 4 10 12 1 1 0 0 0 0 0 0
 Node 402:   3 4 14 4 0 0 0 0 0 0 1 1
 Node 403:   2 4 5 12 1 1 0 0 0 0 0 0
 Node 404:   2 3 15 8 0 0 0 0 0 0 1 1
 Node 405:   1 3 5 12 1 1 0 0 0 0 0 0
 Node 406:   1 2 14 4 0 0 0 0 0 0 1 1
 Node 407:   0 2 10 12 1 1 0 0 0 0 0 0
 Node 408:   0 2 13 0 0 0 1 0 0 0 1 1
 Node 409:   0 3 5 12 1 1 0 0 0 0 0 0
 Node 410:   0 2 14 4 0 0 1 0 0 0 1 1
 Node 411:   0 3 0 12 1 1 1 0 0 0 0 0
 Node 412:   0 2 14 4 0 0 2 0 0 0 1 1
 Node 413:   0 3 5 12 1 1 2 0 0 0 0 0
 Node 414:   0 3 13 0 0 0 3 0 0 0 1 1
 Node 415:   0 4 5 12 1 1 2 0 0 0 0 0
 Node 416:   2 0 15 5 0 0 0 3 0 0 1 1
 Node 417:   2 1 0 13 1 1 0 2 0 0 0 0
 Node 418:   2 0 15 5 0 0 0 2 0 0 1 1
 Node 419:   2 1 6 13 1 1 0 1 0 0 0 0
 Node 420:   2 0 14 0 0 0 0 2 0 0 1 1
 Node 421:   1 1 6 13 1 1 0 1 0 0 0 0
 Node 422:   1 0 15 5 0 0 0 1 0 0 1 1
 Node 423:   1 1 0 13 1 1 0 0 0 0 0 0
 Node 424:   2 0 16 10 0 0 0 0 0 0 1 1
 Node 425:   2 1 6 13 1 1 0 0 0 0 0 0
 Node 426:   3 1 15 5 0 0 0 0 0 0 1 1
 Node 427:   2 2 12 13 1 1 0 0 0 0 0 0
 Node 428:   3 2 15 5 0 0 0 0 0 0 1 1
 Node 429:   3 3 6 13 1 1 0 0 0 0 0 0
 Node 430:   4 3 16 10 0 0 0 0 0 0 1 1
 Node 431:   4 4 6 13 1 1 0 0 0 0 0 0
 Node 432:   4 4 15 5 0 0 0 0 0 0 1 1
 Node 433:   3 4 12 13 1 1 0 0 0 0 0 0
 Node 434:   3 4 15 5 0 0 0 0 0 0 1 1
 Node 435:   2 4 6 13 1 1 0 0 0 0 0 0
 Node 436:   2 3 16 10 0 0 0 0 0 0 1 1
 Node 437:   1 3 6 13 1 1 0 0 0 0 0 0
 Node 438:   1 2 15 5 0 0 0 0 0 0 1 1
 Node 439:   0 2 12 13 1 1 0 0 0 0 0 0
 Node 440:   0 2 14 0 0 0 1 0 0 0 1 1
 Node 441:   0 3 6 13 1 1 0 0 0 0 0 0
 Node 442:   0 2 15 5 0 0 1 0 0 0 1 1
 Node 443:   0 3 0 13 1 1 1 0 0 0 0 0
 Node 444:   0 2 15 5 0 0 2 0 0 0 1 1
 Node 445:   0 3 6 13 1 1 2 0 0 0 0 0
 Node 446:   0 3 14 0 0 0 3 0 0 0 1 1
 Node 447:   0 4 6 13 1 1 2 0 0 0 0 0
 Node 448:   2 0 15 6 0 0 0 3 0 0 1 1
 Node 449:   2 1 0 14 1 1 0 2 0 0 0 0
 Node 450:   2 0 15 6 0 0 0 2 0 0 1 1
 Node 451:   2 1 7 14 1 1 0 1 0 0 0 0
 Node 452:   2 0 15 0 0 0 0 2 0 0 1 1
 Node 453:   1 1 7 14 1 1 0 1 0 0 0 0
 Node 454:   1 0 15 6 0 0 0 1 0 0 1 1
 Node 455:   1 1 0 14 1 1 0 0 0 0 0 0
 Node 456:   2 0 15 12 0 0 0 0 0 0 1 1
 Node 457:   2 1 7 14 1 1 0 0 0 0 0 0
 Node 458:   3 1 15 6 0 0 0 0 0 0 1 1
 Node 459:   2 2 14 14 1 1 0 0 0 0 0 0
 Node 460:   3 2 15 6 0 0 0 0 0 0 1 1
 Node 461:   3 3 7 14 1 1 0 0 0 0 0 0
 Node 462:   4 3 15 12 0 0 0 0 0 0 1 1
 Node 463:   4 4 7 14 1 1 0 0 0 0 0 0
 Node 464:   4 4 15 6 0 0 0 0 0 0 1 1
 Node 465:   3 4 14 14 1 1 0 0 0 0 0 0
 Node 466:   3 4 15 6 0 0 0 0 0 0 1 1
 Node 467:   2 4 7 14 1 1 0 0 0 0 0 0
 Node 468:   2 3 15 12 0 0 0 0 0 0 1 1
 Node 469:   1 3 7 14 1 1 0 0 0 0 0 0
 Node 470:   1 2 15 6 0 0 0 0 0 0 1 1
 Node 471:   0 2 14 14 1 1 0 0 0 0 0 0
 Node 472:   0 2 15 0 0 0 1 0 0 0 1 1
 Node 473:   0 3 7 14 1 1 0 0 0 0 0 0
 Node 474:   0 2 15 6 0 0 1 0 0 0 1 1
 Node 475:   0 3 0 14 1 1 1 0 0 0 0 0
 Node 476:   0 2 15 6 0 0 2 0 0 0 1 1
 Node 477:   0 3 7 14 1 1 2 0 0 0 0 0
 Node 478:   0 3 15 0 0 0 3 0 0 0 1 1
 Node 479:   0 4 7 14 1 1 2 0 0 0 0 0
 Node 480:   2 0 16 7 0 0 0 3 0 0 1 1
 Node 481:   2 1 0 15 1 1 0 2 0 0 0 0
 Node 482:   2 0 16 7 0 0 0 2 0 0 1 1
 Node 483:   2 1 8 15 1 1 0 1 0 0 0 0
 Node 484:   2 0 16 0 0 0 0 2 0 0 1 1
 Node 485:   1 1 8 15 1 1 0 1 0 0 0 0
 Node 486:   1 0 16 7 0 0 0 1 0 0 1 1
 Node 487:   1 1 0 15 1 1 0 0 0 0 0 0
 Node 488:   2 0 16 14 0 0 0 0 0 0 1 1
 Node 489:   2 1 8 15 1 1 0 0 0 0 0 0
 Node 490:   3 1 16 7 0 0 0 0 0 0 1 1
 Node 491:   2 2 16 15 1 1 0 0 0 0 0 0
 Node 492:   3 2 16 7 0 0 0 0 0 0 1 1
 Node 493:   3 3 8 15 1 1 0 0 0 0 0 0
 Node 494:   4 3 16 14 0 0 0 0 0 0 1 1
 Node 495:   4 4 8 15 1 1 0 0 0 0 0 0
 Node 496:   4 4 16 7 0 0 0 0 0 0 1 1
 Node 497:   3 4 16 15 1 1 0 0 0 0 0 0
 Node 498:   3 4 16 7 0 0 0 0 0 0 1 1
 Node 499:   2 4 8 15 1 1 0 0 0 0 0 0
 Node 500:   2 3 16 14 0 0 0 0 0 0 1 1
 Node 501:   1 3 8 15 1 1 0 0 0 0 0 0
 Node 502:   1 2 16 7 0 0 0 0 0 0 1 1
 Node 503:   0 2 16 15 1 1 0 0 0 0 0 0
 Node 504:   0 2 16 0 0 0 1 0 0 0 1 1
 Node 505:   0 3 8 15 1 1 0 0 0 0 0 0
 Node 506:   0 2 16 7 0 0 1 0 0 0 1 1
 Node 507:   0 3 0 15 1 1 1 0 0 0 0 0
 Node 508:   0 2 16 7 0 0 2 0 0 0 1 1
 Node 509:   0 3 8 15 1 1 2 0 0 0 0 0
 Node 510:   0 3 16 0 0 0 3 0 0 0 1 1
 Node 511:   0 4 8 15 1 1 2 0 0 0 0 0
 Node 512:   4 0 15 8 0 0 0 2 0 0 1 1
 Node 513:   3 0 0 16 1 1 0 3 0 0 0 0
 Node 514:   3 0 15 8 0 0 0 2 0 0 1 1
 Node 515:   2 0 7 16 1 1 0 2 0 0 0 0
 Node 516:   3 0 15 0 0 0 0 1 0 0 1 1
 Node 517:   2 0 7 16 1 1 0 1 0 0 0 0
 Node 518:   3 0 15 8 0 0 0 0 0 0 1 1
 Node 519:   2 0 0 16 1 1 0 1 0 0 0 0
 Node 520:   2 0 15 16 0 0 0 0 0 0 1 1
 Node 521:   2 1 7 16 1 1 0 0 0 0 0 0
 Node 522:   3 1 15 8 0 0 0 0 0 0 1 1
 Node 523:   3 2 14 16 1 1 0 0 0 0 0 0
 Node 524:   4 2 15 8 0 0 0 0 0 0 1 1
 Node 525:   4 3 7 16 1 1 0 0 0 0 0 0
 Node 526:   4 3 15 16 0 0 0 0 0 0 1 1
 Node 527:   4 4 7 16 1 1 0 0 0 0 0 0
 Node 528:   4 4 15 8 0 0 0 0 0 0 1 1
 Node 529:   3 4 14 16 1 1 0 0 0 0 0 0
 Node 530:   3 3 15 8 0 0 0 0 0 0 1 1
 Node 531:   2 3 7 16 1 1 0 0 0 0 0 0
 Node 532:   2 2 15 16 0 0 0 0 0 0 1 1
 Node 533:   1 3 7 16 1 1 0 0 0 0 0 0
 Node 534:   1 2 15 8 0 0 0 0 0 0 1 1
 Node 535:   0 2 14 16 1 1 0 0 0 0 0 0
 Node 536:   1 1 15 0 0 0 0 0 0 0 1 1
 Node 537:   0 1 7 16 1 1 1 0 0 0 0 0
 Node 538:   1 1 15 8 0 0 1 0 0 0 1 1
 Node 539:   0 2 0 16 1 1 2 0 0 0 0 0
 Node 540:   1 2 15 8 0 0 1 0 0 0 1 1
 Node 541:   0 2 7 16 1 1 2 0 0 0 0 0
 Node 542:   1 2 15 0 0 0 2 0 0 0 1 1
 Node 543:   0 2 7 16 1 1 3 0 0 0 0 0
 Node 544:   4 0 14 7 0 0 0 2 0 0 1 1
 Node 545:   3 0 0 15 1 1 0 3 0 0 0 0
 Node 546:   3 0 14 7 0 0 0 2 0 0 1 1
 Node 547:   2 0 6 15 1 1 0 2 0 0 0 0
 Node 548:   3 0 14 0 0 0 0 1 0 0 1 1
 Node 549:   2 0 6 15 1 1 0 1 0 0 0 0
 Node 550:   3 0 14 7 0 0 0 0 0 0 1 1
 Node 551:   2 0 0 15 1 1 0 1 0 0 0 0
 Node 552:   2 0 14 14 0 0 0 0 0 0 1 1
 Node 553:   2 1 6 15 1 1 0 0 0 0 0 0
 Node 554:   3 1 14 7 0 0 0 0 0 0 1 1
 Node 555:   3 2 12 15 1 1 0 0 0 0 0 0
 Node 556:   4 2 14 7 0 0 0 0 0 0 1 1
 Node 557:   4 3 6 15 1 1 0 0 0 0 0 0
 Node 558:   4 3 14 14 0 0 0 0 0 0 1 1
 Node 559:   4 4 6 15 1 1 0 0 0 0 0 0
 Node 560:   4 4 14 7 0 0 0 0 0 0 1 1
 Node 561:   3 4 12 15 1 1 0 0 0 0 0 0
 Node 562:   3 3 14 7 0 0 0 0 0 0 1 1
 Node 563:   2 3 6 15 1 1 0 0 0 0 0 0
 Node 564:   2 2 14 14 0 0 0 0 0 0 1 1
 Node 565:   1 3 6 15 1 1 0 0 0 0 0 0
 Node 566:   1 2 14 7 0 0 0 0 0 0 1 1
 Node 567:   0 2 12 15 1 1 0 0 0 0 0 0
 Node 568:   1 1 14 0 0 0 0 0 0 0 1 1
 Node 569:   0 1 6 15 1 1 1 0 0 0 0 0
 Node 570:   1 1 14 7 0 0 1 0 0 0 1 1
 Node 571:   0 2 0 15 1 1 2 0 0 0 0 0
 Node 572:   1 2 14 7 0 0 1 0 0 0 1 1
 Node 573:   0 2 6 15 1 1 2 0 0 0 0 0
 Node 574:   1 2 14 0 0 0 2 0 0 0 1 1
 Node 575:   0 2 6 15 1 1 3 0 0 0 0 0
 Node 576:   4 0 13 6 0 0 0 2 0 0 1 1
 Node 577:   3 0 0 14 1 1 0 3 0 0 0 0
 Node 578:   3 0 13 6 0 0 0 2 0 0 1 1
 Node 579:   2 0 5 15 1 1 0 2 0 0 0 0
 Node 580:   3 0 13 0 0 0 0 1 0 0 1 1
 Node 581:   2 0 5 15 1 1 0 1 0 0 0 0
 Node 582:   3 0 13 6 0 0 0 0 0 0 1 1
 Node 583:   2 0 0 14 1 1 0 1 0 0 0 0
 Node 584:   2 0 13 12 0 0 0 0 0 0 1 1
 Node 585:   2 1 5 15 1 1 0 0 0 0 0 0
 Node 586:   3 1 13 6 0 0 0 0 0 0 1 1
 Node 587:   3 2 10 16 1 1 0 0 0 0 0 0
 Node 588:   4 2 13 6 0 0 0 0 0 0 1 1
 Node 589:   4 3 5 15 1 1 0 0 0 0 0 0
 Node 590:   4 3 13 12 0 0 0 0 0 0 1 1
 Node 591:   4 4 5 15 1 1 0 0 0 0 0 0
 Node 592:   4 4 13 6 0 0 0 0 0 0 1 1
 Node 593:   3 4 10 16 1 1 0 0 0 0 0 0
 Node 594:   3 3 13 6 0 0 0 0 0 0 1 1
 Node 595:   2 3 5 15 1 1 0 0 0 0 0 0
 Node 596:   2 2 13 12 0 0 0 0 0 0 1 1
 Node 597:   1 3 5 15 1 1 0 0 0 0 0 0
 Node 598:   1 2 13 6 0 0 0 0 0 0 1 1
 Node 599:   0 2 10 16 1 1 0 0 0 0 0 0
 Node 600:   1 1 13 0 0 0 0 0 0 0 1 1
 Node 601:   0 1 5 15 1 1 1 0 0 0 0 0
 Node 602:   1 1 13 6 0 0 1 0 0 0 1 1
 Node 603:   0 2 0 14 1 1 2 0 0 0 0 0
 Node 604:   1 2 13 6 0 0 1 0 0 0 1 1
 Node 605:   0 2 5 15 1 1 2 0 0 0 0 0
 Node 606:   1 2 13 0 0 0 2 0 0 0 1 1
 Node 607:   0 2 5 15 1 1 3 0 0 0 0 0
 Node 608:   4 0 12 5 0 0 0 2 0 0 1 1
 Node 609:   3 0 0 13 1 1 0 3 0 0 0 0
 Node 610:   3 0 12 5 0 0 0 2 0 0 1 1
 Node 611:   2 0 4 14 1 1 0 2 0 0 0 0
 Node 612:   3 0 12 0 0 0 0 1 0 0 1 1
 Node 613:   2 0 4 14 1 1 0 1 0 0 0 0
 Node 614:   3 0 12 5 0 0 0 0 0 0 1 1
 Node 615:   2 0 0 13 1 1 0 1 0 0 0 0
 Node 616:   2 0 12 10 0 0 0 0 0 0 1 1
 Node 617:   2 1 4 14 1 1 0 0 0 0 0 0
 Node 618:   3 1 12 5 0 0 0 0 0 0 1 1
 Node 619:   3 2 8 15 1 1 0 0 0 0 0 0
 Node 620:   4 2 12 5 0 0 0 0 0 0 1 1
 Node 621:   4 3 4 14 1 1 0 0 0 0 0 0
 Node 622:   4 3 12 10 0 0 0 0 0 0 1 1
 Node 623:   4 4 4 14 1 1 0 0 0 0 0 0
 Node 624:   4 4 12 5 0 0 0 0 0 0 1 1
 Node 625:   3 4 8 15 1 1 0 0 0 0 0 0
 Node 626:   3 3 12 5 0 0 0 0 0 0 1 1
 Node 627:   2 3 4 14 1 1 0 0 0 0 0 0
 Node 628:   2 2 12 10 0 0 0 0 0 0 1 1
 Node 629:   1 3 4 14 1 1 0 0 0 0 0 0
 Node 630:   1 2 12 5 0 0 0 0 0 0 1 1
 Node 631:   0 2 8 15 1 1 0 0 0 0 0 0
 Node 632:   1 1 12 0 0 0 0 0 0 0 1 1
 Node 633:   0 1 4 14 1 1 1 0 0 0 0 0
 Node 634:   1 1 12 5 0 0 1 0 0 0 1 1
 Node 635:   0 2 0 13 1 1 2 0 0 0 0 0
 Node 636:   1 2 12 5 0 0 1 0 0 0 1 1
 Node 637:   0 2 4 14 1 1 2 0 0 0 0 0
 Node 638:   1 2 12 0 0 0 2 0 0 0 1 1
 Node 639:   0 2 4 14 1 1 3 0 0 0 0 0
 Node 640:   4 0 11 4 0 0 0 2 0 0 1 1
 Node 641:   3 0 0 12 1 1 0 3 0 0 0 0
 Node 642:   3 0 11 4 0 0 0 2 0 0 1 1
 Node 643:   2 0 3 13 1 1 0 2 0 0 0 0
 Node 644:   3 0 11 0 0 0 0 1 0 0 1 1
 Node 645:   2 0 3 13 1 1 0 1 0 0 0 0
 Node 646:   3 0 11 4 0 0 0 0 0 0 1 1
 Node 647:   2 0 0 12 1 1 0 1 0 0 0 0
 Node 648:   2 0 11 8 0 0 0 0 0 0 1 1
 Node 649:   2 1 3 13 1 1 0 0 0 0 0 0
 Node 650:   3 1 11 4 0 0 0 0 0 0 1 1
 Node 651:   3 2 6 14 1 1 0 0 0 0 0 0
 Node 652:   4 2 11 4 0 0 0 0 0 0 1 1
 Node 653:   4 3 3 13 1 1 0 0 0 0 0 0
 Node 654:   4 3 11 8 0 0 0 0 0 0 1 1
 Node 655:   4 4 3 13 1 1 0 0 0 0 0 0
 Node 656:   4 4 11 4 0 0 0 0 0 0 1 1
 Node 657:   3 4 6 14 1 1 0 0 0 0 0 0
 Node 658:   3 3 11 4 0 0 0 0 0 0 1 1
 Node 659:   2 3 3 13 1 1 0 0 0 0 0 0
 Node 660:   2 2 11 8 0 0 0 0 0 0 1 1
 Node 661:   1 3 3 13 1 1 0 0 0 0 0 0
 Node 662:   1 2 11 4 0 0 0 0 0 0 1 1
 Node 663:   0 2 6 14 1 1 0 0 0 0 0 0
 Node 664:   1 1 11 0 0 0 0 0 0 0 1 1
 Node 665:   0 1 3 13 1 1 1 0 0 0 0 0
 Node 666:   1 1 11 4 0 0 1 0 0 0 1 1
 Node 667:   0 2 0 12 1 1 2 0 0 0 0 0
 Node 668:   1 2 11 4 0 0 1 0 0 0 1 1
 Node 669:   0 2 3 13 1 1 2 0 0 0 0 0
 Node 670:   1 2 11 0 0 0 2 0 0 0 1 1
 Node 671:   0 2 3 13 1 1 3 0 0 0 0 0
 Node 672:   4 0 10 3 0 0 0 2 0 0 1 1
 Node 673:   3 0 0 11 1 1 0 3 0 0 0 0
 Node 674:   3 0 10 3 0 0 0 2 0 0 1 1
 Node 675:   2 0 2 13 1 1 0 2 0 0 0 0
 Node 676:   3 0 10 0 0 0 0 1 0 0 1 1
 Node 677:   2 0 2 13 1 1 0 1 0 0 0 0
 Node 678:   3 0 10 3 0 0 0 0 0 0 1 1
 Node 679:   2 0 0 11 1 1 0 1 0 0 0 0
 Node 680:   2 0 10 6 0 0 0 0 0 0 1 1
 Node 681:   2 1 2 13 1 1 0 0 0 0 0 0
 Node 682:   3 1 10 3 0 0 0 0 0 0 1 1
 Node 683:   3 2 4 15 1 1 0 0 0 0 0 0
 Node 684:   4 2 10 3 0 0 0 0 0 0 1 1
 Node 685:   4 3 2 13 1 1 0 0 0 0 0 0
 Node 686:   4 3 10 6 0 0 0 0 0 0 1 1
 Node 687:   4 4 2 13 1 1 0 0 0 0 0 0
 Node 688:   4 4 10 3 0 0 0 0 0 0 1 1
 Node 689:   3 4 4 15 1 1 0 0 0 0 0 0
 Node 690:   3 3 10 3 0 0 0 0 0 0 1 1
 Node 691:   2 3 2 13 1 1 0 0 0 0 0 0
 Node 692:   2 2 10 6 0 0 0 0 0 0 1 1
 Node 693:   1 3 2 13 1 1 0 0 0 0 0 0
 Node 694:   1 2 10 3 0 0 0 0 0 0 1 1
 Node 695:   0 2 4 15 1 1 0 0 0 0 0 0
 Node 696:   1 1 10 0 0 0 0 0 0 0 1 1
 Node 697:   0 1 2 13 1 1 1 0 0 0 0 0
 Node 698:   1 1 10 3 0 0 1 0 0 0 1 1
 Node 699:   0 2 0 11 1 1 2 0 0 0 0 0
 Node 700:   1 2 10 3 0 0 1 0 0 0 1 1
 Node 701:   0 2 2 13 1 1 2 0 0 0 0 0
 Node 702:   1 2 10 0 0 0 2 0 0 0 1 1
 Node 703:   0 2 2 13 1 1 3 0 0 0 0 0
 Node 704:   4 0 9 2 0 0 0 2 0 0 1 1
 Node 705:   3 0 0 10 1 1 0 3 0 0 0 0
 Node 706:   3 0 9 2 0 0 0 2 0 0 1 1
 Node 707:   2 0 1 12 1 1 0 2 0 0 0 0
 Node 708:   3 0 9 0 0 0 0 1 0 0 1 1
 Node 709:   2 0 1 12 1 1 0 1 0 0 0 0
 Node 710:   3 0 9 2 0 0 0 0 0 0 1 1
 Node 711:   2 0 0 10 1 1 0 1 0 0 0 0
 Node 712:   2 0 9 4 0 0 0 0 0 0 1 1
 Node 713:   2 1 1 12 1 1 0 0 0 0 0 0
 Node 714:   3 1 9 2 0 0 0 0 0 0 1 1
 Node 715:   3 2 2 14 1 1 0 0 0 0 0 0
 Node 716:   4 2 9 2 0 0 0 0 0 0 1 1
 Node 717:   4 3 1 12 1 1 0 0 0 0 0 0
 Node 718:   4 3 9 4 0 0 0 0 0 0 1 1
 Node 719:   4 4 1 12 1 1 0 0 0 0 0 0
 Node 720:   4 4 9 2 0 0 0 0 0 0 1 1
 Node 721:   3 4 2 14 1 1 0 0 0 0 0 0
 Node 722:   3 3 9 2 0 0 0 0 0 0 1 1
 Node 723:   2 3 1 12 1 1 0 0 0 0 0 0
 Node 724:   2 2 9 4 0 0 0 0 0 0 1 1
 Node 725:   1 3 1 12 1 1 0 0 0 0 0 0
 Node 726:   1 2 9 2 0 0 0 0 0 0 1 1
 Node 727:   0 2 2 14 1 1 0 0 0 0 0 0
 Node 728:   1 1 9 0 0 0 0 0 0 0 1 1
 Node 729:   0 1 1 12 1 1 1 0 0 0 0 0
 Node 730:   1 1 9 2 0 0 1 0 0 0 1 1
 Node 731:   0 2 0 10 1 1 2 0 0 0 0 0
 Node 732:   1 2 9 2 0 0 1 0 0 0 1 1
 Node 733:   0 2 1 12 1 1 2 0 0 0 0 0
 Node 734:   1 2 9 0 0 0 2 0 0 0 1 1
 Node 735:   0 2 1 12 1 1 3 0 0 0 0 0
 Node 736:   4 0 8 1 0 0 0 2 0 0 1 1
 Node 737:   3 0 0 9 1 1 0 3 0 0 0 0
 Node 738:   3 0 8 1 0 0 0 2 0 0 1 1
 Node 739:   2 0 0 11 1 1 0 2 0 0 0 0
 Node 740:   3 0 8 0 0 0 0 1 0 0 1 1
 Node 741:   2 0 0 11 1 1 0 1 0 0 0 0
 Node 742:   3 0 8 1 0 0 0 0 0 0 1 1
 Node 743:   2 0 0 9 1 1 0 1 0 0 0 0
 Node 744:   2 0 8 2 0 0 0 0 0 0 1 1
 Node 745:   2 1 0 11 1 1 0 0 0 0 0 0
 Node 746:   3 1 8 1 0 0 0 0 0 0 1 1
 Node 747:   3 2 0 13 1 1 0 0 0 0 0 0
 Node 748:   4 2 8 1 0 0 0 0 0 0 1 1
 Node 749:   4 3 0 11 1 1 0 0 0 0 0 0
 Node 750:   4 3 8 2 0 0 0 0 0 0 1 1
 Node 751:   4 4 0 11 1 1 0 0 0 0 0 0
 Node 752:   4 4 8 1 0 0 0 0 0 0 1 1
 Node 753:   3 4 0 13 1 1 0 0 0 0 0 0
 Node 754:   3 3 8 1 0 0 0 0 0 0 1 1
 Node 755:   2 3 0 11 1 1 0 0 0 0 0 0
 Node 756:   2 2 8 2 0 0 0 0 0 0 1 1
 Node 757:   1 3 0 11 1 1 0 0 0 0 0 0
 Node 758:   1 2 8 1 0 0 0 0 0 0 1 1
 Node 759:   0 2 0 13 1 1 0 0 0 0 0 0
 Node 760:   1 1 8 0 0 0 0 0 0 0 1 1
 Node 761:   0 1 0 11 1 1 1 0 0 0 0 0
 Node 762:   1 1 8 1 0 0 1 0 0 0 1 1
 Node 763:   0 2 0 9 1 1 2 0 0 0 0 0
 Node 764:   1 2 8 1 0 0 1 0 0 0 1 1
 Node 765:   0 2 0 11 1 1 2 0 0 0 0 0
 Node 766:   1 2 8 0 0 0 2 0 0 0 1 1
 Node 767:   0 2 0 11 1 1 3 0 0 0 0 0
 Node 768:   4 0 7 0 0 0 0 2 1 0 1 1
 Node 769:   3 0 0 8 1 1 0 3 0 0 0 0
 Node 770:   3 0 7 0 0 0 0 2 1 0 1 1
 Node 771:   2 0 0 11 1 1 0 2 0 0 0 0
 Node 772:   3 0 7 0 0 0 0 1 0 0 1 1
 Node 773:   2 0 0 11 1 1 0 1 0 0 0 0
 Node 774:   3 0 7 0 0 0 0 0 1 0 1 1
 Node 775:   2 0 0 8 1 1 0 1 0 0 0 0
 Node 776:   2 0 7 0 0 0 0 0 2 0 1 1
 Node 777:   2 1 0 11 1 1 0 0 0 0 0 0
 Node 778:   3 1 7 0 0 0 0 0 1 0 1 1
 Node 779:   3 2 0 14 1 1 0 0 0 0 0 0
 Node 780:   4 2 7 0 0 0 0 0 1 0 1 1
 Node 781:   4 3 0 11 1 1 0 0 0 0 0 0
 Node 782:   4 3 7 0 0 0 0 0 2 0 1 1
 Node 783:   4 4 0 11 1 1 0 0 0 0 0 0
 Node 784:   4 4 7 0 0 0 0 0 1 0 1 1
 Node 785:   3 4 0 14 1 1 0 0 0 0 0 0
 Node 786:   3 3 7 0 0 0 0 0 1 0 1 1
 Node 787:   2 3 0 11 1 1 0 0 0 0 0 0
 Node 788:   2 2 7 0 0 0 0 0 2 0 1 1
 Node 789:   1 3 0 11 1 1 0 0 0 0 0 0
 Node 790:   1 2 7 0 0 0 0 0 1 0 1 1
 Node 791:   0 2 0 14 1 1 0 0 0 0 0 0
 Node 792:   1 1 7 0 0 0 0 0 0 0 1 1
 Node 793:   0 1 0 11 1 1 1 0 0 0 0 0
 Node 794:   1 1 7 0 0 0 1 0 1 0 1 1
 Node 795:   0 2 0 8 1 1 2 0 0 0 0 0
 Node 796:   1 2 7 0 0 0 1 0 1 0 1 1
 Node 797:   0 2 0 11 1 1 2 0 0 0 0 0
 Node 798:   1 2 7 0 0 0 2 0 0 0 1 1
 Node 799:   0 2 0 11 1 1 3 0 0 0 0 0
 Node 800:   4 0 6 0 0 0 0 2 1 0 1 1
 Node 801:   3 0 0 7 1 1 0 3 0 0 0 0
 Node 802:   3 0 6 0 0 0 0 2 1 0 1 1
 Node 803:   2 0 0 10 1 1 0 2 0 0 0 0
 Node 804:   3 0 6 0 0 0 0 1 0 0 1 1
 Node 805:   2 0 0 10 1 1 0 1 0 0 0 0
 Node 806:   3 0 6 0 0 0 0 0 1 0 1 1
 Node 807:   2 0 0 7 1 1 0 1 0 0 0 0
 Node 808:   2 0 6 0 0 0 0 0 2 0 1 1
 Node 809:   2 1 0 10 1 1 0 0 0 0 0 0
 Node 810:   3 1 6 0 0 0 0 0 1 0 1 1
 Node 811:   3 2 0 13 1 1 0 0 0 0 0 0
 Node 812:   4 2 6 0 0 0 0 0 1 0 1 1
 Node 813:   4 3 0 10 1 1 0 0 0 0 0 0
 Node 814:   4 3 6 0 0 0 0 0 2 0 1 1
 Node 815:   4 4 0 10 1 1 0 0 0 0 0 0
 Node 816:   4 4 6 0 0 0 0 0 1 0 1 1
 Node 817:   3 4 0 13 1 1 0 0 0 0 0 0
 Node 818:   3 3 6 0 0 0 0 0 1 0 1 1
 Node 819:   2 3 0 10 1 1 0 0 0 0 0 0
 Node 820:   2 2 6 0 0 0 0 0 2 0 1 1
 Node 821:   1 3 0 10 1 1 0 0 0 0 0 0
 Node 822:   1 2 6 0 0 0 0 0 1 0 1 1
 Node 823:   0 2 0 13 1 1 0 0 0 0 0 0
 Node 824:   1 1 6 0 0 0 0 0 0 0 1 1
 Node 825:   0 1 0 10 1 1 1 0 0 0 0 0
 Node 826:   1 1 6 0 0 0 1 0 1 0 1 1
 Node 827:   0 2 0 7 1 1 2 0 0 0 0 0
 Node 828:   1 2 6 0 0 0 1 0 1 0 1 1
 Node 829:   0 2 0 10 1 1 2 0 0 0 0 0
 Node 830:   1 2 6 0 0 0 2 0 0 0 1 1
 Node 831:   0 2 0 10 1 1 3 0 0 0 0 0
 Node 832:   4 0 5 0 0 0 0 2 2 0 1 1
 Node 833:   3 0 0 6 1 1 0 3 0 0 0 0
 Node 834:   3 0 5 0 0 0 0 2 2 0 1 1
 Node 835:   2 0 0 9 1 1 0 2 0 0 0 0
 Node 836:   3 0 5 0 0 0 0 1 0 0 1 1
 Node 837:   2 0 0 9 1 1 0 1 0 0 0 0
 Node 838:   3 0 5 0 0 0 0 0 2 0 1 1
 Node 839:   2 0 0 6 1 1 0 1 0 0 0 0
 Node 840:   2 0 5 0 0 0 0 0 4 0 1 1
 Node 841:   2 1 0 9 1 1 0 0 0 0 0 0
 Node 842:   3 1 5 0 0 0 0 0 2 0 1 1
 Node 843:   3 2 0 12 1 1 0 0 0 0 0 0
 Node 844:   4 2 5 0 0 0 0 0 2 0 1 1
 Node 845:   4 3 0 9 1 1 0 0 0 0 0 0
 Node 846:   4 3 5 0 0 0 0 0 4 0 1 1
 Node 847:   4 4 0 9 1 1 0 0 0 0 0 0
 Node 848:   4 4 5 0 0 0 0 0 2 0 1 1
 Node 849:   3 4 0 12 1 1 0 0 0 0 0 0
 Node 850:   3 3 5 0 0 0 0 0 2 0 1 1
 Node 851:   2 3 0 9 1 1 0 0 0 0 0 0
 Node 852:   2 2 5 0 0 0 0 0 4 0 1 1
 Node 853:   1 3 0 9 1 1 0 0 0 0 0 0
 Node 854:   1 2 5 0 0 0 0 0 2 0 1 1
 Node 855:   0 2 0 12 1 1 0 0 0 0 0 0
 Node 856:   1 1 5 0 0 0 0 0 0 0 1 1
 Node 857:   0 1 0 9 1 1 1 0 0 0 0 0
 Node 858:   1 1 5 0 0 0 1 0 2 0 1 1
 Node 859:   0 2 0 6 1 1 2 0 0 0 0 0
 Node 860:   1 2 5 0 0 0 1 0 2 0 1 1
 Node 861:   0 2 0 9 1 1 2 0 0 0 0 0
 Node 862:   1 2 5 0 0 0 2 0 0 0 1 1
 Node 863:   0 2 0 9 1 1 3 0 0 0 0 0
 Node 864:   4 0 4 0 0 0 0 2 3 0 1 1
 Node 865:   3 0 0 5 1 1 0 3 0 0 0 0
 Node 866:   3 0 4 0 0 0 0 2 3 0 1 1
 Node 867:   2 0 0 9 1 1 0 2 0 0 0 0
 Node 868:   3 0 4 0 0 0 0 1 0 0 1 1
 Node 869:   2 0 0 9 1 1 0 1 0 0 0 0
 Node 870:   3 0 4 0 0 0 0 0 3 0 1 1
 Node 871:   2 0 0 5 1 1 0 1 0 0 0 0
 Node 872:   2 0 4 0 0 0 0 0 6 0 1 1
 Node 873:   2 1 0 9 1 1 0 0 0 0 0 0
 Node 874:   3 1 4 0 0 0 0 0 3 0 1 1
 Node 875:   3 2 0 13 1 1 0 0 0 0 0 0
 Node 876:   4 2 4 0 0 0 0 0 3 0 1 1
 Node 877:   4 3 0 9 1 1 0 0 0 0 0 0
 Node 878:   4 3 4 0 0 0 0 0 6 0 1 1
 Node 879:   4 4 0 9 1 1 0 0 0 0 0 0
 Node 880:   4 4 4 0 0 0 0 0 3 0 1 1
 Node 881:   3 4 0 13 1 1 0 0 0 0 0 0
 Node 882:   3 3 4 0 0 0 0 0 3 0 1 1
 Node 883:   2 3 0 9 1 1 0 0 0 0 0 0
 Node 884:   2 2 4 0 0 0 0 0 6 0 1 1
 Node 885:   1 3 0 9 1 1 0 0 0 0 0 0
 Node 886:   1 2 4 0 0 0 0 0 3 0 1 1
 Node 887:   0 2 0 13 1 1 0 0 0 0 0 0
 Node 888:   1 1 4 0 0 0 0 0 0 0 1 1
 Node 889:   0 1 0 9 1 1 1 0 0 0 0 0
 Node 890:   1 1 4 0 0 0 1 0 3 0 1 1
 Node 891:   0 2 0 5 1 1 2 0 0 0 0 0
 Node 892:   1 2 4 0 0 0 1 0 3 0 1 1
 Node 893:   0 2 0 9 1 1 2 0 0 0 0 0
 Node 894:   1 2 4 0 0 0 2 0 0 0 1 1
 Node 895:   0 2 0 9 1 1 3 0 0 0 0 0
 Node 896:   4 0 3 0 0 0 0 2 3 0 1 1
 Node 897:   3 0 0 4 1 1 0 3 0 0 0 0
 Node 898:   3 0 3 0 0 0 0 2 3 0 1 1
 Node 899:   2 0 0 8 1 1 0 2 0 0 0 0
 Node 900:   3 0 3 0 0 0 0 1 0 0 1 1
 Node 901:   2 0 0 8 1 1 0 1 0 0 0 0
 Node 902:   3 0 3 0 0 0 0 0 3 0 1 1
 Node 903:   2 0 0 4 1 1 0 1 0 0 0 0
 Node 904:   2 0 3 0 0 0 0 0 6 0 1 1
 Node 905:   2 1 0 8 1 1 0 0 0 0 0 0
 Node 906:   3 1 3 0 0 0 0 0 3 0 1 1
 Node 907:   3 2 0 12 1 1 0 0 0 0 0 0
 Node 908:   4 2 3 0 0 0 0 0 3 0 1 1
 Node 909:   4 3 0 8 1 1 0 0 0 0 0 0
 Node 910:   4 3 3 0 0 0 0 0 6 0 1 1
 Node 911:   4 4 0 8 1 1 0 0 0 0 0 0
 Node 912:   4 4 3 0 0 0 0 0 3 0 1 1
 Node 913:   3 4 0 12 1 1 0 0 0 0 0 0
 Node 914:   3 3 3 0 0 0 0 0 3 0 1 1
 Node 915:   2 3 0 8 1 1 0 0 0 0 0 0
 Node 916:   2 2 3 0 0 0 0 0 6 0 1 1
 Node 917:   1 3 0 8 1 1 0 0 0 0 0 0
 Node 918:   1 2 3 0 0 0 0 0 3 0 1 1
 Node 919:   0 2 0 12 1 1 0 0 0 0 0 0
 Node 920:   1 1 3 0 0 0 0 0 0 0 1 1
 Node 921:   0 1 0 8 1 1 1 0 0 0 0 0
 Node 922:   1 1 3 0 0 0 1 0 3 0 1 1
 Node 923:   0 2 0 4 1 1 2 0 0 0 0 0
 Node 924:   1 2 3 0 0 0 1 0 3 0 1 1
 Node 925:   0 2 0 8 1 1 2 0 0 0 0 0
 Node 926:   1 2 3 0 0 0 2 0 0 0 1 1
 Node 927:   0 2 0 8 1 1 3 0 0 0 0 0
 Node 928:   4 0 2 0 0 0 0 2 4 0 1 1
 Node 929:   3 0 0 3 1 1 0 3 0 0 0 0
 Node 930:   3 0 2 0 0 0 0 2 4 0 1 1
 Node 931:   2 0 0 7 1 1 0 2 0 0 0 0
 Node 932:   3 0 2 0 0 0 0 1 0 0 1 1
 Node 933:   2 0 0 7 1 1 0 1 0 0 0 0
 Node 934:   3 0 2 0 0 0 0 0 4 0 1 1
 Node 935:   2 0 0 3 1 1 0 1 0 0 0 0
 Node 936:   2 0 2 0 0 0 0 0 8 0 1 1
 Node 937:   2 1 0 7 1 1 0 0 0 0 0 0
 Node 938:   3 1 2 0 0 0 0 0 4 0 1 1
 Node 939:   3 2 0 11 1 1 0 0 0 0 0 0
 Node 940:   4 2 2 0 0 0 0 0 4 0 1 1
 Node 941:   4 3 0 7 1 1 0 0 0 0 0 0
 Node 942:   4 3 2 0 0 0 0 0 8 0 1 1
 Node 943:   4 4 0 7 1 1 0 0 0 0 0 0
 Node 944:   4 4 2 0 0 0 0 0 4 0 1 1
 Node 945:   3 4 0 11 1 1 0 0 0 0 0 0
 Node 946:   3 3 2 0 0 0 0 0 4 0 1 1
 Node 947:   2 3 0 7 1 1 0 0 0 0 0 0
 Node 948:   2 2 2 0 0 0 0 0 8 0 1 1
 Node 949:   1 3 0 7 1 1 0 0 0 0 0 0
 Node 950:   1 2 2 0 0 0 0 0 4 0 1 1
 Node 951:   0 2 0 11 1 1 0 0 0 0 0 0
 Node 952:   1 1 2 0 0 0 0 0 0 0 1 1
 Node 953:   0 1 0 7 1 1 1 0 0 0 0 0
 Node 954:   1 1 2 0 0 0 1 0 4 0 1 1
 Node 955:   0 2 0 3 1 1 2 0 0 0 0 0
 Node 956:   1 2 2 0 0 0 1 0 4 0 1 1
 Node 957:   0 2 0 7 1 1 2 0 0 0 0 0
 Node 958:   1 2 2 0 0 0 2 0 0 0 1 1
 Node 959:   0 2 0 7 1 1 3 0 0 0 0 0
 Node 960:   4 0 1 0 0 0 0 2 5 0 1 1
 Node 961:   3 0 0 2 1 1 0 3 0 0 0 0
 Node 962:   3 0 1 0 0 0 0 2 5 0 1 1
 Node 963:   2 0 0 7 1 1 0 2 0 0 0 0
 Node 964:   3 0 1 0 0 0 0 1 0 0 1 1
 Node 965:   2 0 0 7 1 1 0 1 0 0 0 0
 Node 966:   3 0 1 0 0 0 0 0 5 0 1 1
 Node 967:   2 0 0 2 1 1 0 1 0 0 0 0
 Node 968:   2 0 1 0 0 0 0 0 10 0 1 1
 Node 969:   2 1 0 7 1 1 0 0 0 0 0 0
 Node 970:   3 1 1 0 0 0 0 0 5 0 1 1
 Node 971:   3 2 0 12 1 1 0 0 0 0 0 0
 Node 972:   4 2 1 0 0 0 0 0 5 0 1 1
 Node 973:   4 3 0 7 1 1 0 0 0 0 0 0
 Node 974:   4 3 1 0 0 0 0 0 10 0 1 1
 Node 975:   4 4 0 7 1 1 0 0 0 0 0 0
 Node 976:   4 4 1 0 0 0 0 0 5 0 1 1
 Node 977:   3 4 0 12 1 1 0 0 0 0 0 0
 Node 978:   3 3 1 0 0 0 0 0 5 0 1 1
 Node 979:   2 3 0 7 1 1 0 0 0 0 0 0
 Node 980:   2 2 1 0 0 0 0 0 10 0 1 1
 Node 981:   1 3 0 7 1 1 0 0 0 0 0 0
 Node 982:   1 2 1 0 0 0 0 0 5 0 1 1
 Node 983:   0 2 0 12 1 1 0 0 0 0 0 0
 Node 984:   1 1 1 0 0 0 0 0 0 0 1 1
 Node 985:   0 1 0 7 1 1 1 0 0 0 0 0
 Node 986:   1 1 1 0 0 0 1 0 5 0 1 1
 Node 987:   0 2 0 2 1 1 2 0 0 0 0 0
 Node 988:   1 2 1 0 0 0 1 0 5 0 1 1
 Node 989:   0 2 0 7 1 1 2 0 0 0 0 0
 Node 990:   1 2 1 0 0 0 2 0 0 0 1 1
 Node 991:   0 2 0 7 1 1 3 0 0 0 0 0
 Node 992:   4 0 0 0 0 0 0 2 5 0 1 1
 Node 993:   3 0 0 1 1 1 0 3 0 0 0 0
 Node 994:   3 0 0 0 0 0 0 2 5 0 1 1
 Node 995:   2 0 0 6 1 1 0 2 0 0 0 0
 Node 996:   3 0 0 0 0 0 0 1 0 0 1 1
 Node 997:   2 0 0 6 1 1 0 1 0 0 0 0
 Node 998:   3 0 0 0 0 0 0 0 5 0 1 1
 Node 999:   2 0 0 1 1 1 0 1 0 0 0 0
 Node 1000:   2 0 0 0 0 0 0 0 10 0 1 1
 Node 1001:   2 1 0 6 1 1 0 0 0 0 0 0
 Node 1002:   3 1 0 0 0 0 0 0 5 0 1 1
 Node 1003:   3 2 0 11 1 1 0 0 0 0 0 0
 Node 1004:   4 2 0 0 0 0 0 0 5 0 1 1
 Node 1005:   4 3 0 6 1 1 0 0 0 0 0 0
 Node 1006:   4 3 0 0 0 0 0 0 10 0 1 1
 Node 1007:   4 4 0 6 1 1 0 0 0 0 0 0
 Node 1008:   4 4 0 0 0 0 0 0 5 0 1 1
 Node 1009:   3 4 0 11 1 1 0 0 0 0 0 0
 Node 1010:   3 3 0 0 0 0 0 0 5 0 1 1
 Node 1011:   2 3 0 6 1 1 0 0 0 0 0 0
 Node 1012:   2 2 0 0 0 0 0 0 10 0 1 1
 Node 1013:   1 3 0 6 1 1 0 0 0 0 0 0
 Node 1014:   1 2 0 0 0 0 0 0 5 0 1 1
 Node 1015:   0 2 0 11 1 1 0 0 0 0 0 0
 Node 1016:   1 1 0 0 0 0 0 0 0 0 1 1
 Node 1017:   0 1 0 6 1 1 1 0 0 0 0 0
 Node 1018:   1 1 0 0 0 0 1 0 5 0 1 1
 Node 1019:   0 2 0 1 1 1 2 0 0 0 0 0
 Node 1020:   1 2 0 0 0 0 1 0 5 0 1 1
 Node 1021:   0 2 0 6 1 1 2 0 0 0 0 0
 Node 1022:   1 2 0 0 0 0 2 0 0 0 1 1
 Node 1023:   0 2 0 6 1 1 3 0 0 0 0 0

(Maximum) Crossing Paths: 16
The number of paths on this application : 1024 (all-to-all cases: 1047552)
The average hops : 17.500000
ID size(without ID modification)19
(Maximum) number of slots: 16
