ID Allocation Policy is 0(low port first) / 1(Crossing Paths based method): 1
Address method is 0(destination_based) / 1(path_based): 1
 dst_based renewable label = 16
 path_based renewable label = 16


 (east, west, south, north, from host0,... east(vch2), south(vch2), west(vch2), north(vch2), from host(vch2)0,.. to host(vch2)0,..
 Node  0:   1 0 1 0 1 1
 Node  1:   2 1 1 0 1 1
 Node  2:   3 2 1 0 1 1
 Node  3:   4 3 1 0 1 1
 Node  4:   5 4 1 0 1 1
 Node  5:   6 5 1 0 1 1
 Node  6:   7 6 1 0 1 1
 Node  7:   8 7 1 0 1 1
 Node  8:   9 8 1 0 1 1
 Node  9:   10 9 1 0 1 1
 Node 10:   11 10 1 0 1 1
 Node 11:   12 11 1 0 1 1
 Node 12:   13 12 1 0 1 1
 Node 13:   14 13 1 0 1 1
 Node 14:   15 14 1 0 1 1
 Node 15:   16 15 1 0 1 1
 Node 16:   15 16 1 0 1 1
 Node 17:   14 15 1 0 1 1
 Node 18:   13 14 1 0 1 1
 Node 19:   12 13 1 0 1 1
 Node 20:   11 12 1 0 1 1
 Node 21:   10 11 1 0 1 1
 Node 22:   9 10 1 0 1 1
 Node 23:   8 9 1 0 1 1
 Node 24:   7 8 1 0 1 1
 Node 25:   6 7 1 0 1 1
 Node 26:   5 6 1 0 1 1
 Node 27:   4 5 1 0 1 1
 Node 28:   3 4 1 0 1 1
 Node 29:   2 3 1 0 1 1
 Node 30:   1 2 1 0 1 1
 Node 31:   0 1 1 0 1 1
 Node 32:   1 0 2 1 1 1
 Node 33:   2 1 2 1 1 1
 Node 34:   3 2 2 1 1 1
 Node 35:   4 3 2 1 1 1
 Node 36:   5 4 2 1 1 1
 Node 37:   6 5 2 1 1 1
 Node 38:   7 6 2 1 1 1
 Node 39:   8 7 2 1 1 1
 Node 40:   9 8 2 1 1 1
 Node 41:   10 9 2 1 1 1
 Node 42:   11 10 2 1 1 1
 Node 43:   12 11 2 1 1 1
 Node 44:   13 12 2 1 1 1
 Node 45:   14 13 2 1 1 1
 Node 46:   15 14 2 1 1 1
 Node 47:   16 15 2 1 1 1
 Node 48:   15 16 2 1 1 1
 Node 49:   14 15 2 1 1 1
 Node 50:   13 14 2 1 1 1
 Node 51:   12 13 2 1 1 1
 Node 52:   11 12 2 1 1 1
 Node 53:   10 11 2 1 1 1
 Node 54:   9 10 2 1 1 1
 Node 55:   8 9 2 1 1 1
 Node 56:   7 8 2 1 1 1
 Node 57:   6 7 2 1 1 1
 Node 58:   5 6 2 1 1 1
 Node 59:   4 5 2 1 1 1
 Node 60:   3 4 2 1 1 1
 Node 61:   2 3 2 1 1 1
 Node 62:   1 2 2 1 1 1
 Node 63:   0 1 2 1 1 1
 Node 64:   1 0 3 2 1 1
 Node 65:   2 1 3 2 1 1
 Node 66:   3 2 3 2 1 1
 Node 67:   4 3 3 2 1 1
 Node 68:   5 4 3 2 1 1
 Node 69:   6 5 3 2 1 1
 Node 70:   7 6 3 2 1 1
 Node 71:   8 7 3 2 1 1
 Node 72:   9 8 3 2 1 1
 Node 73:   10 9 3 2 1 1
 Node 74:   11 10 3 2 1 1
 Node 75:   12 11 3 2 1 1
 Node 76:   13 12 3 2 1 1
 Node 77:   14 13 3 2 1 1
 Node 78:   15 14 3 2 1 1
 Node 79:   16 15 3 2 1 1
 Node 80:   15 16 3 2 1 1
 Node 81:   14 15 3 2 1 1
 Node 82:   13 14 3 2 1 1
 Node 83:   12 13 3 2 1 1
 Node 84:   11 12 3 2 1 1
 Node 85:   10 11 3 2 1 1
 Node 86:   9 10 3 2 1 1
 Node 87:   8 9 3 2 1 1
 Node 88:   7 8 3 2 1 1
 Node 89:   6 7 3 2 1 1
 Node 90:   5 6 3 2 1 1
 Node 91:   4 5 3 2 1 1
 Node 92:   3 4 3 2 1 1
 Node 93:   2 3 3 2 1 1
 Node 94:   1 2 3 2 1 1
 Node 95:   0 1 3 2 1 1
 Node 96:   1 0 4 3 1 1
 Node 97:   2 1 4 3 1 1
 Node 98:   3 2 4 3 1 1
 Node 99:   4 3 4 3 1 1
 Node 100:   5 4 4 3 1 1
 Node 101:   6 5 4 3 1 1
 Node 102:   7 6 4 3 1 1
 Node 103:   8 7 4 3 1 1
 Node 104:   9 8 4 3 1 1
 Node 105:   10 9 4 3 1 1
 Node 106:   11 10 4 3 1 1
 Node 107:   12 11 4 3 1 1
 Node 108:   13 12 4 3 1 1
 Node 109:   14 13 4 3 1 1
 Node 110:   15 14 4 3 1 1
 Node 111:   16 15 4 3 1 1
 Node 112:   15 16 4 3 1 1
 Node 113:   14 15 4 3 1 1
 Node 114:   13 14 4 3 1 1
 Node 115:   12 13 4 3 1 1
 Node 116:   11 12 4 3 1 1
 Node 117:   10 11 4 3 1 1
 Node 118:   9 10 4 3 1 1
 Node 119:   8 9 4 3 1 1
 Node 120:   7 8 4 3 1 1
 Node 121:   6 7 4 3 1 1
 Node 122:   5 6 4 3 1 1
 Node 123:   4 5 4 3 1 1
 Node 124:   3 4 4 3 1 1
 Node 125:   2 3 4 3 1 1
 Node 126:   1 2 4 3 1 1
 Node 127:   0 1 4 3 1 1
 Node 128:   1 0 5 4 1 1
 Node 129:   2 1 5 4 1 1
 Node 130:   3 2 5 4 1 1
 Node 131:   4 3 5 4 1 1
 Node 132:   5 4 5 4 1 1
 Node 133:   6 5 5 4 1 1
 Node 134:   7 6 5 4 1 1
 Node 135:   8 7 5 4 1 1
 Node 136:   9 8 5 4 1 1
 Node 137:   10 9 5 4 1 1
 Node 138:   11 10 5 4 1 1
 Node 139:   12 11 5 4 1 1
 Node 140:   13 12 5 4 1 1
 Node 141:   14 13 5 4 1 1
 Node 142:   15 14 5 4 1 1
 Node 143:   16 15 5 4 1 1
 Node 144:   15 16 5 4 1 1
 Node 145:   14 15 5 4 1 1
 Node 146:   13 14 5 4 1 1
 Node 147:   12 13 5 4 1 1
 Node 148:   11 12 5 4 1 1
 Node 149:   10 11 5 4 1 1
 Node 150:   9 10 5 4 1 1
 Node 151:   8 9 5 4 1 1
 Node 152:   7 8 5 4 1 1
 Node 153:   6 7 5 4 1 1
 Node 154:   5 6 5 4 1 1
 Node 155:   4 5 5 4 1 1
 Node 156:   3 4 5 4 1 1
 Node 157:   2 3 5 4 1 1
 Node 158:   1 2 5 4 1 1
 Node 159:   0 1 5 4 1 1
 Node 160:   1 0 6 5 1 1
 Node 161:   2 1 6 5 1 1
 Node 162:   3 2 6 5 1 1
 Node 163:   4 3 6 5 1 1
 Node 164:   5 4 6 5 1 1
 Node 165:   6 5 6 5 1 1
 Node 166:   7 6 6 5 1 1
 Node 167:   8 7 6 5 1 1
 Node 168:   9 8 6 5 1 1
 Node 169:   10 9 6 5 1 1
 Node 170:   11 10 6 5 1 1
 Node 171:   12 11 6 5 1 1
 Node 172:   13 12 6 5 1 1
 Node 173:   14 13 6 5 1 1
 Node 174:   15 14 6 5 1 1
 Node 175:   16 15 6 5 1 1
 Node 176:   15 16 6 5 1 1
 Node 177:   14 15 6 5 1 1
 Node 178:   13 14 6 5 1 1
 Node 179:   12 13 6 5 1 1
 Node 180:   11 12 6 5 1 1
 Node 181:   10 11 6 5 1 1
 Node 182:   9 10 6 5 1 1
 Node 183:   8 9 6 5 1 1
 Node 184:   7 8 6 5 1 1
 Node 185:   6 7 6 5 1 1
 Node 186:   5 6 6 5 1 1
 Node 187:   4 5 6 5 1 1
 Node 188:   3 4 6 5 1 1
 Node 189:   2 3 6 5 1 1
 Node 190:   1 2 6 5 1 1
 Node 191:   0 1 6 5 1 1
 Node 192:   1 0 7 6 1 1
 Node 193:   2 1 7 6 1 1
 Node 194:   3 2 7 6 1 1
 Node 195:   4 3 7 6 1 1
 Node 196:   5 4 7 6 1 1
 Node 197:   6 5 7 6 1 1
 Node 198:   7 6 7 6 1 1
 Node 199:   8 7 7 6 1 1
 Node 200:   9 8 7 6 1 1
 Node 201:   10 9 7 6 1 1
 Node 202:   11 10 7 6 1 1
 Node 203:   12 11 7 6 1 1
 Node 204:   13 12 7 6 1 1
 Node 205:   14 13 7 6 1 1
 Node 206:   15 14 7 6 1 1
 Node 207:   16 15 7 6 1 1
 Node 208:   15 16 7 6 1 1
 Node 209:   14 15 7 6 1 1
 Node 210:   13 14 7 6 1 1
 Node 211:   12 13 7 6 1 1
 Node 212:   11 12 7 6 1 1
 Node 213:   10 11 7 6 1 1
 Node 214:   9 10 7 6 1 1
 Node 215:   8 9 7 6 1 1
 Node 216:   7 8 7 6 1 1
 Node 217:   6 7 7 6 1 1
 Node 218:   5 6 7 6 1 1
 Node 219:   4 5 7 6 1 1
 Node 220:   3 4 7 6 1 1
 Node 221:   2 3 7 6 1 1
 Node 222:   1 2 7 6 1 1
 Node 223:   0 1 7 6 1 1
 Node 224:   1 0 8 7 1 1
 Node 225:   2 1 8 7 1 1
 Node 226:   3 2 8 7 1 1
 Node 227:   4 3 8 7 1 1
 Node 228:   5 4 8 7 1 1
 Node 229:   6 5 8 7 1 1
 Node 230:   7 6 8 7 1 1
 Node 231:   8 7 8 7 1 1
 Node 232:   9 8 8 7 1 1
 Node 233:   10 9 8 7 1 1
 Node 234:   11 10 8 7 1 1
 Node 235:   12 11 8 7 1 1
 Node 236:   13 12 8 7 1 1
 Node 237:   14 13 8 7 1 1
 Node 238:   15 14 8 7 1 1
 Node 239:   16 15 8 7 1 1
 Node 240:   15 16 8 7 1 1
 Node 241:   14 15 8 7 1 1
 Node 242:   13 14 8 7 1 1
 Node 243:   12 13 8 7 1 1
 Node 244:   11 12 8 7 1 1
 Node 245:   10 11 8 7 1 1
 Node 246:   9 10 8 7 1 1
 Node 247:   8 9 8 7 1 1
 Node 248:   7 8 8 7 1 1
 Node 249:   6 7 8 7 1 1
 Node 250:   5 6 8 7 1 1
 Node 251:   4 5 8 7 1 1
 Node 252:   3 4 8 7 1 1
 Node 253:   2 3 8 7 1 1
 Node 254:   1 2 8 7 1 1
 Node 255:   0 1 8 7 1 1
 Node 256:   1 0 9 8 1 1
 Node 257:   2 1 9 8 1 1
 Node 258:   3 2 9 8 1 1
 Node 259:   4 3 9 8 1 1
 Node 260:   5 4 9 8 1 1
 Node 261:   6 5 9 8 1 1
 Node 262:   7 6 9 8 1 1
 Node 263:   8 7 9 8 1 1
 Node 264:   9 8 9 8 1 1
 Node 265:   10 9 9 8 1 1
 Node 266:   11 10 9 8 1 1
 Node 267:   12 11 9 8 1 1
 Node 268:   13 12 9 8 1 1
 Node 269:   14 13 9 8 1 1
 Node 270:   15 14 9 8 1 1
 Node 271:   16 15 9 8 1 1
 Node 272:   15 16 9 8 1 1
 Node 273:   14 15 9 8 1 1
 Node 274:   13 14 9 8 1 1
 Node 275:   12 13 9 8 1 1
 Node 276:   11 12 9 8 1 1
 Node 277:   10 11 9 8 1 1
 Node 278:   9 10 9 8 1 1
 Node 279:   8 9 9 8 1 1
 Node 280:   7 8 9 8 1 1
 Node 281:   6 7 9 8 1 1
 Node 282:   5 6 9 8 1 1
 Node 283:   4 5 9 8 1 1
 Node 284:   3 4 9 8 1 1
 Node 285:   2 3 9 8 1 1
 Node 286:   1 2 9 8 1 1
 Node 287:   0 1 9 8 1 1
 Node 288:   1 0 10 9 1 1
 Node 289:   2 1 10 9 1 1
 Node 290:   3 2 10 9 1 1
 Node 291:   4 3 10 9 1 1
 Node 292:   5 4 10 9 1 1
 Node 293:   6 5 10 9 1 1
 Node 294:   7 6 10 9 1 1
 Node 295:   8 7 10 9 1 1
 Node 296:   9 8 10 9 1 1
 Node 297:   10 9 10 9 1 1
 Node 298:   11 10 10 9 1 1
 Node 299:   12 11 10 9 1 1
 Node 300:   13 12 10 9 1 1
 Node 301:   14 13 10 9 1 1
 Node 302:   15 14 10 9 1 1
 Node 303:   16 15 10 9 1 1
 Node 304:   15 16 10 9 1 1
 Node 305:   14 15 10 9 1 1
 Node 306:   13 14 10 9 1 1
 Node 307:   12 13 10 9 1 1
 Node 308:   11 12 10 9 1 1
 Node 309:   10 11 10 9 1 1
 Node 310:   9 10 10 9 1 1
 Node 311:   8 9 10 9 1 1
 Node 312:   7 8 10 9 1 1
 Node 313:   6 7 10 9 1 1
 Node 314:   5 6 10 9 1 1
 Node 315:   4 5 10 9 1 1
 Node 316:   3 4 10 9 1 1
 Node 317:   2 3 10 9 1 1
 Node 318:   1 2 10 9 1 1
 Node 319:   0 1 10 9 1 1
 Node 320:   1 0 11 10 1 1
 Node 321:   2 1 11 10 1 1
 Node 322:   3 2 11 10 1 1
 Node 323:   4 3 11 10 1 1
 Node 324:   5 4 11 10 1 1
 Node 325:   6 5 11 10 1 1
 Node 326:   7 6 11 10 1 1
 Node 327:   8 7 11 10 1 1
 Node 328:   9 8 11 10 1 1
 Node 329:   10 9 11 10 1 1
 Node 330:   11 10 11 10 1 1
 Node 331:   12 11 11 10 1 1
 Node 332:   13 12 11 10 1 1
 Node 333:   14 13 11 10 1 1
 Node 334:   15 14 11 10 1 1
 Node 335:   16 15 11 10 1 1
 Node 336:   15 16 11 10 1 1
 Node 337:   14 15 11 10 1 1
 Node 338:   13 14 11 10 1 1
 Node 339:   12 13 11 10 1 1
 Node 340:   11 12 11 10 1 1
 Node 341:   10 11 11 10 1 1
 Node 342:   9 10 11 10 1 1
 Node 343:   8 9 11 10 1 1
 Node 344:   7 8 11 10 1 1
 Node 345:   6 7 11 10 1 1
 Node 346:   5 6 11 10 1 1
 Node 347:   4 5 11 10 1 1
 Node 348:   3 4 11 10 1 1
 Node 349:   2 3 11 10 1 1
 Node 350:   1 2 11 10 1 1
 Node 351:   0 1 11 10 1 1
 Node 352:   1 0 12 11 1 1
 Node 353:   2 1 12 11 1 1
 Node 354:   3 2 12 11 1 1
 Node 355:   4 3 12 11 1 1
 Node 356:   5 4 12 11 1 1
 Node 357:   6 5 12 11 1 1
 Node 358:   7 6 12 11 1 1
 Node 359:   8 7 12 11 1 1
 Node 360:   9 8 12 11 1 1
 Node 361:   10 9 12 11 1 1
 Node 362:   11 10 12 11 1 1
 Node 363:   12 11 12 11 1 1
 Node 364:   13 12 12 11 1 1
 Node 365:   14 13 12 11 1 1
 Node 366:   15 14 12 11 1 1
 Node 367:   16 15 12 11 1 1
 Node 368:   15 16 12 11 1 1
 Node 369:   14 15 12 11 1 1
 Node 370:   13 14 12 11 1 1
 Node 371:   12 13 12 11 1 1
 Node 372:   11 12 12 11 1 1
 Node 373:   10 11 12 11 1 1
 Node 374:   9 10 12 11 1 1
 Node 375:   8 9 12 11 1 1
 Node 376:   7 8 12 11 1 1
 Node 377:   6 7 12 11 1 1
 Node 378:   5 6 12 11 1 1
 Node 379:   4 5 12 11 1 1
 Node 380:   3 4 12 11 1 1
 Node 381:   2 3 12 11 1 1
 Node 382:   1 2 12 11 1 1
 Node 383:   0 1 12 11 1 1
 Node 384:   1 0 13 12 1 1
 Node 385:   2 1 13 12 1 1
 Node 386:   3 2 13 12 1 1
 Node 387:   4 3 13 12 1 1
 Node 388:   5 4 13 12 1 1
 Node 389:   6 5 13 12 1 1
 Node 390:   7 6 13 12 1 1
 Node 391:   8 7 13 12 1 1
 Node 392:   9 8 13 12 1 1
 Node 393:   10 9 13 12 1 1
 Node 394:   11 10 13 12 1 1
 Node 395:   12 11 13 12 1 1
 Node 396:   13 12 13 12 1 1
 Node 397:   14 13 13 12 1 1
 Node 398:   15 14 13 12 1 1
 Node 399:   16 15 13 12 1 1
 Node 400:   15 16 13 12 1 1
 Node 401:   14 15 13 12 1 1
 Node 402:   13 14 13 12 1 1
 Node 403:   12 13 13 12 1 1
 Node 404:   11 12 13 12 1 1
 Node 405:   10 11 13 12 1 1
 Node 406:   9 10 13 12 1 1
 Node 407:   8 9 13 12 1 1
 Node 408:   7 8 13 12 1 1
 Node 409:   6 7 13 12 1 1
 Node 410:   5 6 13 12 1 1
 Node 411:   4 5 13 12 1 1
 Node 412:   3 4 13 12 1 1
 Node 413:   2 3 13 12 1 1
 Node 414:   1 2 13 12 1 1
 Node 415:   0 1 13 12 1 1
 Node 416:   1 0 14 13 1 1
 Node 417:   2 1 14 13 1 1
 Node 418:   3 2 14 13 1 1
 Node 419:   4 3 14 13 1 1
 Node 420:   5 4 14 13 1 1
 Node 421:   6 5 14 13 1 1
 Node 422:   7 6 14 13 1 1
 Node 423:   8 7 14 13 1 1
 Node 424:   9 8 14 13 1 1
 Node 425:   10 9 14 13 1 1
 Node 426:   11 10 14 13 1 1
 Node 427:   12 11 14 13 1 1
 Node 428:   13 12 14 13 1 1
 Node 429:   14 13 14 13 1 1
 Node 430:   15 14 14 13 1 1
 Node 431:   16 15 14 13 1 1
 Node 432:   15 16 14 13 1 1
 Node 433:   14 15 14 13 1 1
 Node 434:   13 14 14 13 1 1
 Node 435:   12 13 14 13 1 1
 Node 436:   11 12 14 13 1 1
 Node 437:   10 11 14 13 1 1
 Node 438:   9 10 14 13 1 1
 Node 439:   8 9 14 13 1 1
 Node 440:   7 8 14 13 1 1
 Node 441:   6 7 14 13 1 1
 Node 442:   5 6 14 13 1 1
 Node 443:   4 5 14 13 1 1
 Node 444:   3 4 14 13 1 1
 Node 445:   2 3 14 13 1 1
 Node 446:   1 2 14 13 1 1
 Node 447:   0 1 14 13 1 1
 Node 448:   1 0 15 14 1 1
 Node 449:   2 1 15 14 1 1
 Node 450:   3 2 15 14 1 1
 Node 451:   4 3 15 14 1 1
 Node 452:   5 4 15 14 1 1
 Node 453:   6 5 15 14 1 1
 Node 454:   7 6 15 14 1 1
 Node 455:   8 7 15 14 1 1
 Node 456:   9 8 15 14 1 1
 Node 457:   10 9 15 14 1 1
 Node 458:   11 10 15 14 1 1
 Node 459:   12 11 15 14 1 1
 Node 460:   13 12 15 14 1 1
 Node 461:   14 13 15 14 1 1
 Node 462:   15 14 15 14 1 1
 Node 463:   16 15 15 14 1 1
 Node 464:   15 16 15 14 1 1
 Node 465:   14 15 15 14 1 1
 Node 466:   13 14 15 14 1 1
 Node 467:   12 13 15 14 1 1
 Node 468:   11 12 15 14 1 1
 Node 469:   10 11 15 14 1 1
 Node 470:   9 10 15 14 1 1
 Node 471:   8 9 15 14 1 1
 Node 472:   7 8 15 14 1 1
 Node 473:   6 7 15 14 1 1
 Node 474:   5 6 15 14 1 1
 Node 475:   4 5 15 14 1 1
 Node 476:   3 4 15 14 1 1
 Node 477:   2 3 15 14 1 1
 Node 478:   1 2 15 14 1 1
 Node 479:   0 1 15 14 1 1
 Node 480:   1 0 16 15 1 1
 Node 481:   2 1 16 15 1 1
 Node 482:   3 2 16 15 1 1
 Node 483:   4 3 16 15 1 1
 Node 484:   5 4 16 15 1 1
 Node 485:   6 5 16 15 1 1
 Node 486:   7 6 16 15 1 1
 Node 487:   8 7 16 15 1 1
 Node 488:   9 8 16 15 1 1
 Node 489:   10 9 16 15 1 1
 Node 490:   11 10 16 15 1 1
 Node 491:   12 11 16 15 1 1
 Node 492:   13 12 16 15 1 1
 Node 493:   14 13 16 15 1 1
 Node 494:   15 14 16 15 1 1
 Node 495:   16 15 16 15 1 1
 Node 496:   15 16 16 15 1 1
 Node 497:   14 15 16 15 1 1
 Node 498:   13 14 16 15 1 1
 Node 499:   12 13 16 15 1 1
 Node 500:   11 12 16 15 1 1
 Node 501:   10 11 16 15 1 1
 Node 502:   9 10 16 15 1 1
 Node 503:   8 9 16 15 1 1
 Node 504:   7 8 16 15 1 1
 Node 505:   6 7 16 15 1 1
 Node 506:   5 6 16 15 1 1
 Node 507:   4 5 16 15 1 1
 Node 508:   3 4 16 15 1 1
 Node 509:   2 3 16 15 1 1
 Node 510:   1 2 16 15 1 1
 Node 511:   0 1 16 15 1 1
 Node 512:   1 0 15 16 1 1
 Node 513:   2 1 15 16 1 1
 Node 514:   3 2 15 16 1 1
 Node 515:   4 3 15 16 1 1
 Node 516:   5 4 15 16 1 1
 Node 517:   6 5 15 16 1 1
 Node 518:   7 6 15 16 1 1
 Node 519:   8 7 15 16 1 1
 Node 520:   9 8 15 16 1 1
 Node 521:   10 9 15 16 1 1
 Node 522:   11 10 15 16 1 1
 Node 523:   12 11 15 16 1 1
 Node 524:   13 12 15 16 1 1
 Node 525:   14 13 15 16 1 1
 Node 526:   15 14 15 16 1 1
 Node 527:   16 15 15 16 1 1
 Node 528:   15 16 15 16 1 1
 Node 529:   14 15 15 16 1 1
 Node 530:   13 14 15 16 1 1
 Node 531:   12 13 15 16 1 1
 Node 532:   11 12 15 16 1 1
 Node 533:   10 11 15 16 1 1
 Node 534:   9 10 15 16 1 1
 Node 535:   8 9 15 16 1 1
 Node 536:   7 8 15 16 1 1
 Node 537:   6 7 15 16 1 1
 Node 538:   5 6 15 16 1 1
 Node 539:   4 5 15 16 1 1
 Node 540:   3 4 15 16 1 1
 Node 541:   2 3 15 16 1 1
 Node 542:   1 2 15 16 1 1
 Node 543:   0 1 15 16 1 1
 Node 544:   1 0 14 15 1 1
 Node 545:   2 1 14 15 1 1
 Node 546:   3 2 14 15 1 1
 Node 547:   4 3 14 15 1 1
 Node 548:   5 4 14 15 1 1
 Node 549:   6 5 14 15 1 1
 Node 550:   7 6 14 15 1 1
 Node 551:   8 7 14 15 1 1
 Node 552:   9 8 14 15 1 1
 Node 553:   10 9 14 15 1 1
 Node 554:   11 10 14 15 1 1
 Node 555:   12 11 14 15 1 1
 Node 556:   13 12 14 15 1 1
 Node 557:   14 13 14 15 1 1
 Node 558:   15 14 14 15 1 1
 Node 559:   16 15 14 15 1 1
 Node 560:   15 16 14 15 1 1
 Node 561:   14 15 14 15 1 1
 Node 562:   13 14 14 15 1 1
 Node 563:   12 13 14 15 1 1
 Node 564:   11 12 14 15 1 1
 Node 565:   10 11 14 15 1 1
 Node 566:   9 10 14 15 1 1
 Node 567:   8 9 14 15 1 1
 Node 568:   7 8 14 15 1 1
 Node 569:   6 7 14 15 1 1
 Node 570:   5 6 14 15 1 1
 Node 571:   4 5 14 15 1 1
 Node 572:   3 4 14 15 1 1
 Node 573:   2 3 14 15 1 1
 Node 574:   1 2 14 15 1 1
 Node 575:   0 1 14 15 1 1
 Node 576:   1 0 13 14 1 1
 Node 577:   2 1 13 14 1 1
 Node 578:   3 2 13 14 1 1
 Node 579:   4 3 13 14 1 1
 Node 580:   5 4 13 14 1 1
 Node 581:   6 5 13 14 1 1
 Node 582:   7 6 13 14 1 1
 Node 583:   8 7 13 14 1 1
 Node 584:   9 8 13 14 1 1
 Node 585:   10 9 13 14 1 1
 Node 586:   11 10 13 14 1 1
 Node 587:   12 11 13 14 1 1
 Node 588:   13 12 13 14 1 1
 Node 589:   14 13 13 14 1 1
 Node 590:   15 14 13 14 1 1
 Node 591:   16 15 13 14 1 1
 Node 592:   15 16 13 14 1 1
 Node 593:   14 15 13 14 1 1
 Node 594:   13 14 13 14 1 1
 Node 595:   12 13 13 14 1 1
 Node 596:   11 12 13 14 1 1
 Node 597:   10 11 13 14 1 1
 Node 598:   9 10 13 14 1 1
 Node 599:   8 9 13 14 1 1
 Node 600:   7 8 13 14 1 1
 Node 601:   6 7 13 14 1 1
 Node 602:   5 6 13 14 1 1
 Node 603:   4 5 13 14 1 1
 Node 604:   3 4 13 14 1 1
 Node 605:   2 3 13 14 1 1
 Node 606:   1 2 13 14 1 1
 Node 607:   0 1 13 14 1 1
 Node 608:   1 0 12 13 1 1
 Node 609:   2 1 12 13 1 1
 Node 610:   3 2 12 13 1 1
 Node 611:   4 3 12 13 1 1
 Node 612:   5 4 12 13 1 1
 Node 613:   6 5 12 13 1 1
 Node 614:   7 6 12 13 1 1
 Node 615:   8 7 12 13 1 1
 Node 616:   9 8 12 13 1 1
 Node 617:   10 9 12 13 1 1
 Node 618:   11 10 12 13 1 1
 Node 619:   12 11 12 13 1 1
 Node 620:   13 12 12 13 1 1
 Node 621:   14 13 12 13 1 1
 Node 622:   15 14 12 13 1 1
 Node 623:   16 15 12 13 1 1
 Node 624:   15 16 12 13 1 1
 Node 625:   14 15 12 13 1 1
 Node 626:   13 14 12 13 1 1
 Node 627:   12 13 12 13 1 1
 Node 628:   11 12 12 13 1 1
 Node 629:   10 11 12 13 1 1
 Node 630:   9 10 12 13 1 1
 Node 631:   8 9 12 13 1 1
 Node 632:   7 8 12 13 1 1
 Node 633:   6 7 12 13 1 1
 Node 634:   5 6 12 13 1 1
 Node 635:   4 5 12 13 1 1
 Node 636:   3 4 12 13 1 1
 Node 637:   2 3 12 13 1 1
 Node 638:   1 2 12 13 1 1
 Node 639:   0 1 12 13 1 1
 Node 640:   1 0 11 12 1 1
 Node 641:   2 1 11 12 1 1
 Node 642:   3 2 11 12 1 1
 Node 643:   4 3 11 12 1 1
 Node 644:   5 4 11 12 1 1
 Node 645:   6 5 11 12 1 1
 Node 646:   7 6 11 12 1 1
 Node 647:   8 7 11 12 1 1
 Node 648:   9 8 11 12 1 1
 Node 649:   10 9 11 12 1 1
 Node 650:   11 10 11 12 1 1
 Node 651:   12 11 11 12 1 1
 Node 652:   13 12 11 12 1 1
 Node 653:   14 13 11 12 1 1
 Node 654:   15 14 11 12 1 1
 Node 655:   16 15 11 12 1 1
 Node 656:   15 16 11 12 1 1
 Node 657:   14 15 11 12 1 1
 Node 658:   13 14 11 12 1 1
 Node 659:   12 13 11 12 1 1
 Node 660:   11 12 11 12 1 1
 Node 661:   10 11 11 12 1 1
 Node 662:   9 10 11 12 1 1
 Node 663:   8 9 11 12 1 1
 Node 664:   7 8 11 12 1 1
 Node 665:   6 7 11 12 1 1
 Node 666:   5 6 11 12 1 1
 Node 667:   4 5 11 12 1 1
 Node 668:   3 4 11 12 1 1
 Node 669:   2 3 11 12 1 1
 Node 670:   1 2 11 12 1 1
 Node 671:   0 1 11 12 1 1
 Node 672:   1 0 10 11 1 1
 Node 673:   2 1 10 11 1 1
 Node 674:   3 2 10 11 1 1
 Node 675:   4 3 10 11 1 1
 Node 676:   5 4 10 11 1 1
 Node 677:   6 5 10 11 1 1
 Node 678:   7 6 10 11 1 1
 Node 679:   8 7 10 11 1 1
 Node 680:   9 8 10 11 1 1
 Node 681:   10 9 10 11 1 1
 Node 682:   11 10 10 11 1 1
 Node 683:   12 11 10 11 1 1
 Node 684:   13 12 10 11 1 1
 Node 685:   14 13 10 11 1 1
 Node 686:   15 14 10 11 1 1
 Node 687:   16 15 10 11 1 1
 Node 688:   15 16 10 11 1 1
 Node 689:   14 15 10 11 1 1
 Node 690:   13 14 10 11 1 1
 Node 691:   12 13 10 11 1 1
 Node 692:   11 12 10 11 1 1
 Node 693:   10 11 10 11 1 1
 Node 694:   9 10 10 11 1 1
 Node 695:   8 9 10 11 1 1
 Node 696:   7 8 10 11 1 1
 Node 697:   6 7 10 11 1 1
 Node 698:   5 6 10 11 1 1
 Node 699:   4 5 10 11 1 1
 Node 700:   3 4 10 11 1 1
 Node 701:   2 3 10 11 1 1
 Node 702:   1 2 10 11 1 1
 Node 703:   0 1 10 11 1 1
 Node 704:   1 0 9 10 1 1
 Node 705:   2 1 9 10 1 1
 Node 706:   3 2 9 10 1 1
 Node 707:   4 3 9 10 1 1
 Node 708:   5 4 9 10 1 1
 Node 709:   6 5 9 10 1 1
 Node 710:   7 6 9 10 1 1
 Node 711:   8 7 9 10 1 1
 Node 712:   9 8 9 10 1 1
 Node 713:   10 9 9 10 1 1
 Node 714:   11 10 9 10 1 1
 Node 715:   12 11 9 10 1 1
 Node 716:   13 12 9 10 1 1
 Node 717:   14 13 9 10 1 1
 Node 718:   15 14 9 10 1 1
 Node 719:   16 15 9 10 1 1
 Node 720:   15 16 9 10 1 1
 Node 721:   14 15 9 10 1 1
 Node 722:   13 14 9 10 1 1
 Node 723:   12 13 9 10 1 1
 Node 724:   11 12 9 10 1 1
 Node 725:   10 11 9 10 1 1
 Node 726:   9 10 9 10 1 1
 Node 727:   8 9 9 10 1 1
 Node 728:   7 8 9 10 1 1
 Node 729:   6 7 9 10 1 1
 Node 730:   5 6 9 10 1 1
 Node 731:   4 5 9 10 1 1
 Node 732:   3 4 9 10 1 1
 Node 733:   2 3 9 10 1 1
 Node 734:   1 2 9 10 1 1
 Node 735:   0 1 9 10 1 1
 Node 736:   1 0 8 9 1 1
 Node 737:   2 1 8 9 1 1
 Node 738:   3 2 8 9 1 1
 Node 739:   4 3 8 9 1 1
 Node 740:   5 4 8 9 1 1
 Node 741:   6 5 8 9 1 1
 Node 742:   7 6 8 9 1 1
 Node 743:   8 7 8 9 1 1
 Node 744:   9 8 8 9 1 1
 Node 745:   10 9 8 9 1 1
 Node 746:   11 10 8 9 1 1
 Node 747:   12 11 8 9 1 1
 Node 748:   13 12 8 9 1 1
 Node 749:   14 13 8 9 1 1
 Node 750:   15 14 8 9 1 1
 Node 751:   16 15 8 9 1 1
 Node 752:   15 16 8 9 1 1
 Node 753:   14 15 8 9 1 1
 Node 754:   13 14 8 9 1 1
 Node 755:   12 13 8 9 1 1
 Node 756:   11 12 8 9 1 1
 Node 757:   10 11 8 9 1 1
 Node 758:   9 10 8 9 1 1
 Node 759:   8 9 8 9 1 1
 Node 760:   7 8 8 9 1 1
 Node 761:   6 7 8 9 1 1
 Node 762:   5 6 8 9 1 1
 Node 763:   4 5 8 9 1 1
 Node 764:   3 4 8 9 1 1
 Node 765:   2 3 8 9 1 1
 Node 766:   1 2 8 9 1 1
 Node 767:   0 1 8 9 1 1
 Node 768:   1 0 7 8 1 1
 Node 769:   2 1 7 8 1 1
 Node 770:   3 2 7 8 1 1
 Node 771:   4 3 7 8 1 1
 Node 772:   5 4 7 8 1 1
 Node 773:   6 5 7 8 1 1
 Node 774:   7 6 7 8 1 1
 Node 775:   8 7 7 8 1 1
 Node 776:   9 8 7 8 1 1
 Node 777:   10 9 7 8 1 1
 Node 778:   11 10 7 8 1 1
 Node 779:   12 11 7 8 1 1
 Node 780:   13 12 7 8 1 1
 Node 781:   14 13 7 8 1 1
 Node 782:   15 14 7 8 1 1
 Node 783:   16 15 7 8 1 1
 Node 784:   15 16 7 8 1 1
 Node 785:   14 15 7 8 1 1
 Node 786:   13 14 7 8 1 1
 Node 787:   12 13 7 8 1 1
 Node 788:   11 12 7 8 1 1
 Node 789:   10 11 7 8 1 1
 Node 790:   9 10 7 8 1 1
 Node 791:   8 9 7 8 1 1
 Node 792:   7 8 7 8 1 1
 Node 793:   6 7 7 8 1 1
 Node 794:   5 6 7 8 1 1
 Node 795:   4 5 7 8 1 1
 Node 796:   3 4 7 8 1 1
 Node 797:   2 3 7 8 1 1
 Node 798:   1 2 7 8 1 1
 Node 799:   0 1 7 8 1 1
 Node 800:   1 0 6 7 1 1
 Node 801:   2 1 6 7 1 1
 Node 802:   3 2 6 7 1 1
 Node 803:   4 3 6 7 1 1
 Node 804:   5 4 6 7 1 1
 Node 805:   6 5 6 7 1 1
 Node 806:   7 6 6 7 1 1
 Node 807:   8 7 6 7 1 1
 Node 808:   9 8 6 7 1 1
 Node 809:   10 9 6 7 1 1
 Node 810:   11 10 6 7 1 1
 Node 811:   12 11 6 7 1 1
 Node 812:   13 12 6 7 1 1
 Node 813:   14 13 6 7 1 1
 Node 814:   15 14 6 7 1 1
 Node 815:   16 15 6 7 1 1
 Node 816:   15 16 6 7 1 1
 Node 817:   14 15 6 7 1 1
 Node 818:   13 14 6 7 1 1
 Node 819:   12 13 6 7 1 1
 Node 820:   11 12 6 7 1 1
 Node 821:   10 11 6 7 1 1
 Node 822:   9 10 6 7 1 1
 Node 823:   8 9 6 7 1 1
 Node 824:   7 8 6 7 1 1
 Node 825:   6 7 6 7 1 1
 Node 826:   5 6 6 7 1 1
 Node 827:   4 5 6 7 1 1
 Node 828:   3 4 6 7 1 1
 Node 829:   2 3 6 7 1 1
 Node 830:   1 2 6 7 1 1
 Node 831:   0 1 6 7 1 1
 Node 832:   1 0 5 6 1 1
 Node 833:   2 1 5 6 1 1
 Node 834:   3 2 5 6 1 1
 Node 835:   4 3 5 6 1 1
 Node 836:   5 4 5 6 1 1
 Node 837:   6 5 5 6 1 1
 Node 838:   7 6 5 6 1 1
 Node 839:   8 7 5 6 1 1
 Node 840:   9 8 5 6 1 1
 Node 841:   10 9 5 6 1 1
 Node 842:   11 10 5 6 1 1
 Node 843:   12 11 5 6 1 1
 Node 844:   13 12 5 6 1 1
 Node 845:   14 13 5 6 1 1
 Node 846:   15 14 5 6 1 1
 Node 847:   16 15 5 6 1 1
 Node 848:   15 16 5 6 1 1
 Node 849:   14 15 5 6 1 1
 Node 850:   13 14 5 6 1 1
 Node 851:   12 13 5 6 1 1
 Node 852:   11 12 5 6 1 1
 Node 853:   10 11 5 6 1 1
 Node 854:   9 10 5 6 1 1
 Node 855:   8 9 5 6 1 1
 Node 856:   7 8 5 6 1 1
 Node 857:   6 7 5 6 1 1
 Node 858:   5 6 5 6 1 1
 Node 859:   4 5 5 6 1 1
 Node 860:   3 4 5 6 1 1
 Node 861:   2 3 5 6 1 1
 Node 862:   1 2 5 6 1 1
 Node 863:   0 1 5 6 1 1
 Node 864:   1 0 4 5 1 1
 Node 865:   2 1 4 5 1 1
 Node 866:   3 2 4 5 1 1
 Node 867:   4 3 4 5 1 1
 Node 868:   5 4 4 5 1 1
 Node 869:   6 5 4 5 1 1
 Node 870:   7 6 4 5 1 1
 Node 871:   8 7 4 5 1 1
 Node 872:   9 8 4 5 1 1
 Node 873:   10 9 4 5 1 1
 Node 874:   11 10 4 5 1 1
 Node 875:   12 11 4 5 1 1
 Node 876:   13 12 4 5 1 1
 Node 877:   14 13 4 5 1 1
 Node 878:   15 14 4 5 1 1
 Node 879:   16 15 4 5 1 1
 Node 880:   15 16 4 5 1 1
 Node 881:   14 15 4 5 1 1
 Node 882:   13 14 4 5 1 1
 Node 883:   12 13 4 5 1 1
 Node 884:   11 12 4 5 1 1
 Node 885:   10 11 4 5 1 1
 Node 886:   9 10 4 5 1 1
 Node 887:   8 9 4 5 1 1
 Node 888:   7 8 4 5 1 1
 Node 889:   6 7 4 5 1 1
 Node 890:   5 6 4 5 1 1
 Node 891:   4 5 4 5 1 1
 Node 892:   3 4 4 5 1 1
 Node 893:   2 3 4 5 1 1
 Node 894:   1 2 4 5 1 1
 Node 895:   0 1 4 5 1 1
 Node 896:   1 0 3 4 1 1
 Node 897:   2 1 3 4 1 1
 Node 898:   3 2 3 4 1 1
 Node 899:   4 3 3 4 1 1
 Node 900:   5 4 3 4 1 1
 Node 901:   6 5 3 4 1 1
 Node 902:   7 6 3 4 1 1
 Node 903:   8 7 3 4 1 1
 Node 904:   9 8 3 4 1 1
 Node 905:   10 9 3 4 1 1
 Node 906:   11 10 3 4 1 1
 Node 907:   12 11 3 4 1 1
 Node 908:   13 12 3 4 1 1
 Node 909:   14 13 3 4 1 1
 Node 910:   15 14 3 4 1 1
 Node 911:   16 15 3 4 1 1
 Node 912:   15 16 3 4 1 1
 Node 913:   14 15 3 4 1 1
 Node 914:   13 14 3 4 1 1
 Node 915:   12 13 3 4 1 1
 Node 916:   11 12 3 4 1 1
 Node 917:   10 11 3 4 1 1
 Node 918:   9 10 3 4 1 1
 Node 919:   8 9 3 4 1 1
 Node 920:   7 8 3 4 1 1
 Node 921:   6 7 3 4 1 1
 Node 922:   5 6 3 4 1 1
 Node 923:   4 5 3 4 1 1
 Node 924:   3 4 3 4 1 1
 Node 925:   2 3 3 4 1 1
 Node 926:   1 2 3 4 1 1
 Node 927:   0 1 3 4 1 1
 Node 928:   1 0 2 3 1 1
 Node 929:   2 1 2 3 1 1
 Node 930:   3 2 2 3 1 1
 Node 931:   4 3 2 3 1 1
 Node 932:   5 4 2 3 1 1
 Node 933:   6 5 2 3 1 1
 Node 934:   7 6 2 3 1 1
 Node 935:   8 7 2 3 1 1
 Node 936:   9 8 2 3 1 1
 Node 937:   10 9 2 3 1 1
 Node 938:   11 10 2 3 1 1
 Node 939:   12 11 2 3 1 1
 Node 940:   13 12 2 3 1 1
 Node 941:   14 13 2 3 1 1
 Node 942:   15 14 2 3 1 1
 Node 943:   16 15 2 3 1 1
 Node 944:   15 16 2 3 1 1
 Node 945:   14 15 2 3 1 1
 Node 946:   13 14 2 3 1 1
 Node 947:   12 13 2 3 1 1
 Node 948:   11 12 2 3 1 1
 Node 949:   10 11 2 3 1 1
 Node 950:   9 10 2 3 1 1
 Node 951:   8 9 2 3 1 1
 Node 952:   7 8 2 3 1 1
 Node 953:   6 7 2 3 1 1
 Node 954:   5 6 2 3 1 1
 Node 955:   4 5 2 3 1 1
 Node 956:   3 4 2 3 1 1
 Node 957:   2 3 2 3 1 1
 Node 958:   1 2 2 3 1 1
 Node 959:   0 1 2 3 1 1
 Node 960:   1 0 1 2 1 1
 Node 961:   2 1 1 2 1 1
 Node 962:   3 2 1 2 1 1
 Node 963:   4 3 1 2 1 1
 Node 964:   5 4 1 2 1 1
 Node 965:   6 5 1 2 1 1
 Node 966:   7 6 1 2 1 1
 Node 967:   8 7 1 2 1 1
 Node 968:   9 8 1 2 1 1
 Node 969:   10 9 1 2 1 1
 Node 970:   11 10 1 2 1 1
 Node 971:   12 11 1 2 1 1
 Node 972:   13 12 1 2 1 1
 Node 973:   14 13 1 2 1 1
 Node 974:   15 14 1 2 1 1
 Node 975:   16 15 1 2 1 1
 Node 976:   15 16 1 2 1 1
 Node 977:   14 15 1 2 1 1
 Node 978:   13 14 1 2 1 1
 Node 979:   12 13 1 2 1 1
 Node 980:   11 12 1 2 1 1
 Node 981:   10 11 1 2 1 1
 Node 982:   9 10 1 2 1 1
 Node 983:   8 9 1 2 1 1
 Node 984:   7 8 1 2 1 1
 Node 985:   6 7 1 2 1 1
 Node 986:   5 6 1 2 1 1
 Node 987:   4 5 1 2 1 1
 Node 988:   3 4 1 2 1 1
 Node 989:   2 3 1 2 1 1
 Node 990:   1 2 1 2 1 1
 Node 991:   0 1 1 2 1 1
 Node 992:   1 0 0 1 1 1
 Node 993:   2 1 0 1 1 1
 Node 994:   3 2 0 1 1 1
 Node 995:   4 3 0 1 1 1
 Node 996:   5 4 0 1 1 1
 Node 997:   6 5 0 1 1 1
 Node 998:   7 6 0 1 1 1
 Node 999:   8 7 0 1 1 1
 Node 1000:   9 8 0 1 1 1
 Node 1001:   10 9 0 1 1 1
 Node 1002:   11 10 0 1 1 1
 Node 1003:   12 11 0 1 1 1
 Node 1004:   13 12 0 1 1 1
 Node 1005:   14 13 0 1 1 1
 Node 1006:   15 14 0 1 1 1
 Node 1007:   16 15 0 1 1 1
 Node 1008:   15 16 0 1 1 1
 Node 1009:   14 15 0 1 1 1
 Node 1010:   13 14 0 1 1 1
 Node 1011:   12 13 0 1 1 1
 Node 1012:   11 12 0 1 1 1
 Node 1013:   10 11 0 1 1 1
 Node 1014:   9 10 0 1 1 1
 Node 1015:   8 9 0 1 1 1
 Node 1016:   7 8 0 1 1 1
 Node 1017:   6 7 0 1 1 1
 Node 1018:   5 6 0 1 1 1
 Node 1019:   4 5 0 1 1 1
 Node 1020:   3 4 0 1 1 1
 Node 1021:   2 3 0 1 1 1
 Node 1022:   1 2 0 1 1 1
 Node 1023:   0 1 0 1 1 1

(Maximum) Crossing Paths: 16
The number of paths on this application : 1024 (all-to-all cases: 1047552)
The average hops : 33.000000
ID size(without ID modification)16
(Maximum) number of slots: 16
