ID Allocation Policy is 0(low port first) / 1(Crossing Paths based method): 1
Address method is 0(destination_based) / 1(path_based): 1
 dst_based renewable label = 16
 path_based renewable label = 16


 (east, west, south, north, from host0,... east(vch2), south(vch2), west(vch2), north(vch2), from host(vch2)0,.. to host(vch2)0,..
 Node  0:   5 0 5 0 0 0 0 5 0 5 1 1
 Node  1:   5 0 0 0 1 1 0 5 0 0 0 0
 Node  2:   4 0 5 0 0 0 0 4 0 5 1 1
 Node  3:   4 0 5 0 1 1 0 3 0 5 0 0
 Node  4:   4 0 0 0 0 0 0 3 0 0 1 1
 Node  5:   3 0 5 0 1 1 0 2 0 5 0 0
 Node  6:   3 0 5 0 0 0 0 1 0 5 1 1
 Node  7:   3 0 0 0 1 1 0 1 0 0 0 0
 Node  8:   3 0 10 0 0 0 0 0 0 10 1 1
 Node  9:   4 1 5 0 1 1 0 0 0 5 0 0
 Node 10:   5 2 5 0 0 0 0 0 0 5 1 1
 Node 11:   5 3 10 0 1 1 0 0 0 10 0 0
 Node 12:   6 4 5 0 0 0 0 0 0 5 1 1
 Node 13:   7 5 5 0 1 1 0 0 0 5 0 0
 Node 14:   7 6 10 0 0 0 0 0 0 10 1 1
 Node 15:   8 7 5 0 1 1 0 0 0 5 0 0
 Node 16:   7 8 5 0 0 0 0 0 0 5 1 1
 Node 17:   6 7 10 0 1 1 0 0 0 10 0 0
 Node 18:   5 7 5 0 0 0 0 0 0 5 1 1
 Node 19:   4 6 5 0 1 1 0 0 0 5 0 0
 Node 20:   3 5 10 0 0 0 0 0 0 10 1 1
 Node 21:   2 5 5 0 1 1 0 0 0 5 0 0
 Node 22:   1 4 5 0 0 0 0 0 0 5 1 1
 Node 23:   0 3 10 0 1 1 0 0 0 10 0 0
 Node 24:   0 3 0 0 0 0 1 0 0 0 1 1
 Node 25:   0 3 5 0 1 1 1 0 0 5 0 0
 Node 26:   0 3 5 0 0 0 2 0 0 5 1 1
 Node 27:   0 4 0 0 1 1 3 0 0 0 0 0
 Node 28:   0 4 5 0 0 0 3 0 0 5 1 1
 Node 29:   0 4 5 0 1 1 4 0 0 5 0 0
 Node 30:   0 5 0 0 0 0 5 0 0 0 1 1
 Node 31:   0 5 5 0 1 1 5 0 0 5 0 0
 Node 32:   5 0 5 0 0 0 0 5 0 5 1 1
 Node 33:   5 0 0 0 1 1 0 5 0 0 0 0
 Node 34:   4 0 5 0 0 0 0 4 0 5 1 1
 Node 35:   4 0 5 0 1 1 0 3 0 5 0 0
 Node 36:   4 0 0 0 0 0 0 3 0 0 1 1
 Node 37:   3 0 5 0 1 1 0 2 0 5 0 0
 Node 38:   3 0 5 0 0 0 0 1 0 5 1 1
 Node 39:   3 0 0 0 1 1 0 1 0 0 0 0
 Node 40:   3 0 10 0 0 0 0 0 0 10 1 1
 Node 41:   4 1 5 0 1 1 0 0 0 5 0 0
 Node 42:   5 2 5 0 0 0 0 0 0 5 1 1
 Node 43:   5 3 10 0 1 1 0 0 0 10 0 0
 Node 44:   6 4 5 0 0 0 0 0 0 5 1 1
 Node 45:   7 5 5 0 1 1 0 0 0 5 0 0
 Node 46:   7 6 10 0 0 0 0 0 0 10 1 1
 Node 47:   8 7 5 0 1 1 0 0 0 5 0 0
 Node 48:   7 8 5 0 0 0 0 0 0 5 1 1
 Node 49:   6 7 10 0 1 1 0 0 0 10 0 0
 Node 50:   5 7 5 0 0 0 0 0 0 5 1 1
 Node 51:   4 6 5 0 1 1 0 0 0 5 0 0
 Node 52:   3 5 10 0 0 0 0 0 0 10 1 1
 Node 53:   2 5 5 0 1 1 0 0 0 5 0 0
 Node 54:   1 4 5 0 0 0 0 0 0 5 1 1
 Node 55:   0 3 10 0 1 1 0 0 0 10 0 0
 Node 56:   0 3 0 0 0 0 1 0 0 0 1 1
 Node 57:   0 3 5 0 1 1 1 0 0 5 0 0
 Node 58:   0 3 5 0 0 0 2 0 0 5 1 1
 Node 59:   0 4 0 0 1 1 3 0 0 0 0 0
 Node 60:   0 4 5 0 0 0 3 0 0 5 1 1
 Node 61:   0 4 5 0 1 1 4 0 0 5 0 0
 Node 62:   0 5 0 0 0 0 5 0 0 0 1 1
 Node 63:   0 5 5 0 1 1 5 0 0 5 0 0
 Node 64:   5 0 4 0 0 0 0 5 0 4 1 1
 Node 65:   5 0 0 0 1 1 0 5 0 0 0 0
 Node 66:   4 0 4 0 0 0 0 4 0 4 1 1
 Node 67:   4 0 4 0 1 1 0 3 0 4 0 0
 Node 68:   4 0 0 0 0 0 0 3 0 0 1 1
 Node 69:   3 0 4 0 1 1 0 2 0 4 0 0
 Node 70:   3 0 4 0 0 0 0 1 0 4 1 1
 Node 71:   3 0 0 0 1 1 0 1 0 0 0 0
 Node 72:   3 0 8 0 0 0 0 0 0 8 1 1
 Node 73:   4 1 4 0 1 1 0 0 0 4 0 0
 Node 74:   5 2 4 0 0 0 0 0 0 4 1 1
 Node 75:   5 3 8 0 1 1 0 0 0 8 0 0
 Node 76:   6 4 4 0 0 0 0 0 0 4 1 1
 Node 77:   7 5 4 0 1 1 0 0 0 4 0 0
 Node 78:   7 6 8 0 0 0 0 0 0 8 1 1
 Node 79:   8 7 4 0 1 1 0 0 0 4 0 0
 Node 80:   7 8 4 0 0 0 0 0 0 4 1 1
 Node 81:   6 7 8 0 1 1 0 0 0 8 0 0
 Node 82:   5 7 4 0 0 0 0 0 0 4 1 1
 Node 83:   4 6 4 0 1 1 0 0 0 4 0 0
 Node 84:   3 5 8 0 0 0 0 0 0 8 1 1
 Node 85:   2 5 4 0 1 1 0 0 0 4 0 0
 Node 86:   1 4 4 0 0 0 0 0 0 4 1 1
 Node 87:   0 3 8 0 1 1 0 0 0 8 0 0
 Node 88:   0 3 0 0 0 0 1 0 0 0 1 1
 Node 89:   0 3 4 0 1 1 1 0 0 4 0 0
 Node 90:   0 3 4 0 0 0 2 0 0 4 1 1
 Node 91:   0 4 0 0 1 1 3 0 0 0 0 0
 Node 92:   0 4 4 0 0 0 3 0 0 4 1 1
 Node 93:   0 4 4 0 1 1 4 0 0 4 0 0
 Node 94:   0 5 0 0 0 0 5 0 0 0 1 1
 Node 95:   0 5 4 0 1 1 5 0 0 4 0 0
 Node 96:   5 0 4 0 0 0 0 5 0 3 1 1
 Node 97:   5 0 0 0 1 1 0 5 0 0 0 0
 Node 98:   4 0 4 0 0 0 0 4 0 3 1 1
 Node 99:   4 0 4 0 1 1 0 3 0 3 0 0
 Node 100:   4 0 0 0 0 0 0 3 0 0 1 1
 Node 101:   3 0 4 0 1 1 0 2 0 3 0 0
 Node 102:   3 0 4 0 0 0 0 1 0 3 1 1
 Node 103:   3 0 0 0 1 1 0 1 0 0 0 0
 Node 104:   3 0 8 0 0 0 0 0 0 6 1 1
 Node 105:   4 1 4 0 1 1 0 0 0 3 0 0
 Node 106:   5 2 4 0 0 0 0 0 0 3 1 1
 Node 107:   5 3 8 0 1 1 0 0 0 6 0 0
 Node 108:   6 4 4 0 0 0 0 0 0 3 1 1
 Node 109:   7 5 4 0 1 1 0 0 0 3 0 0
 Node 110:   7 6 8 0 0 0 0 0 0 6 1 1
 Node 111:   8 7 4 0 1 1 0 0 0 3 0 0
 Node 112:   7 8 4 0 0 0 0 0 0 3 1 1
 Node 113:   6 7 8 0 1 1 0 0 0 6 0 0
 Node 114:   5 7 4 0 0 0 0 0 0 3 1 1
 Node 115:   4 6 4 0 1 1 0 0 0 3 0 0
 Node 116:   3 5 8 0 0 0 0 0 0 6 1 1
 Node 117:   2 5 4 0 1 1 0 0 0 3 0 0
 Node 118:   1 4 4 0 0 0 0 0 0 3 1 1
 Node 119:   0 3 8 0 1 1 0 0 0 6 0 0
 Node 120:   0 3 0 0 0 0 1 0 0 0 1 1
 Node 121:   0 3 4 0 1 1 1 0 0 3 0 0
 Node 122:   0 3 4 0 0 0 2 0 0 3 1 1
 Node 123:   0 4 0 0 1 1 3 0 0 0 0 0
 Node 124:   0 4 4 0 0 0 3 0 0 3 1 1
 Node 125:   0 4 4 0 1 1 4 0 0 3 0 0
 Node 126:   0 5 0 0 0 0 5 0 0 0 1 1
 Node 127:   0 5 4 0 1 1 5 0 0 3 0 0
 Node 128:   5 0 4 0 0 0 0 5 0 3 1 1
 Node 129:   5 0 0 0 1 1 0 5 0 0 0 0
 Node 130:   4 0 4 0 0 0 0 4 0 3 1 1
 Node 131:   4 0 4 0 1 1 0 3 0 3 0 0
 Node 132:   4 0 0 0 0 0 0 3 0 0 1 1
 Node 133:   3 0 4 0 1 1 0 2 0 3 0 0
 Node 134:   3 0 4 0 0 0 0 1 0 3 1 1
 Node 135:   3 0 0 0 1 1 0 1 0 0 0 0
 Node 136:   3 0 8 0 0 0 0 0 0 6 1 1
 Node 137:   4 1 4 0 1 1 0 0 0 3 0 0
 Node 138:   5 2 4 0 0 0 0 0 0 3 1 1
 Node 139:   5 3 8 0 1 1 0 0 0 6 0 0
 Node 140:   6 4 4 0 0 0 0 0 0 3 1 1
 Node 141:   7 5 4 0 1 1 0 0 0 3 0 0
 Node 142:   7 6 8 0 0 0 0 0 0 6 1 1
 Node 143:   8 7 4 0 1 1 0 0 0 3 0 0
 Node 144:   7 8 4 0 0 0 0 0 0 3 1 1
 Node 145:   6 7 8 0 1 1 0 0 0 6 0 0
 Node 146:   5 7 4 0 0 0 0 0 0 3 1 1
 Node 147:   4 6 4 0 1 1 0 0 0 3 0 0
 Node 148:   3 5 8 0 0 0 0 0 0 6 1 1
 Node 149:   2 5 4 0 1 1 0 0 0 3 0 0
 Node 150:   1 4 4 0 0 0 0 0 0 3 1 1
 Node 151:   0 3 8 0 1 1 0 0 0 6 0 0
 Node 152:   0 3 0 0 0 0 1 0 0 0 1 1
 Node 153:   0 3 4 0 1 1 1 0 0 3 0 0
 Node 154:   0 3 4 0 0 0 2 0 0 3 1 1
 Node 155:   0 4 0 0 1 1 3 0 0 0 0 0
 Node 156:   0 4 4 0 0 0 3 0 0 3 1 1
 Node 157:   0 4 4 0 1 1 4 0 0 3 0 0
 Node 158:   0 5 0 0 0 0 5 0 0 0 1 1
 Node 159:   0 5 4 0 1 1 5 0 0 3 0 0
 Node 160:   5 0 3 0 0 0 0 5 0 2 1 1
 Node 161:   5 0 0 0 1 1 0 5 0 0 0 0
 Node 162:   4 0 3 0 0 0 0 4 0 2 1 1
 Node 163:   4 0 3 0 1 1 0 3 0 2 0 0
 Node 164:   4 0 0 0 0 0 0 3 0 0 1 1
 Node 165:   3 0 3 0 1 1 0 2 0 2 0 0
 Node 166:   3 0 3 0 0 0 0 1 0 2 1 1
 Node 167:   3 0 0 0 1 1 0 1 0 0 0 0
 Node 168:   3 0 6 0 0 0 0 0 0 4 1 1
 Node 169:   4 1 3 0 1 1 0 0 0 2 0 0
 Node 170:   5 2 3 0 0 0 0 0 0 2 1 1
 Node 171:   5 3 6 0 1 1 0 0 0 4 0 0
 Node 172:   6 4 3 0 0 0 0 0 0 2 1 1
 Node 173:   7 5 3 0 1 1 0 0 0 2 0 0
 Node 174:   7 6 6 0 0 0 0 0 0 4 1 1
 Node 175:   8 7 3 0 1 1 0 0 0 2 0 0
 Node 176:   7 8 3 0 0 0 0 0 0 2 1 1
 Node 177:   6 7 6 0 1 1 0 0 0 4 0 0
 Node 178:   5 7 3 0 0 0 0 0 0 2 1 1
 Node 179:   4 6 3 0 1 1 0 0 0 2 0 0
 Node 180:   3 5 6 0 0 0 0 0 0 4 1 1
 Node 181:   2 5 3 0 1 1 0 0 0 2 0 0
 Node 182:   1 4 3 0 0 0 0 0 0 2 1 1
 Node 183:   0 3 6 0 1 1 0 0 0 4 0 0
 Node 184:   0 3 0 0 0 0 1 0 0 0 1 1
 Node 185:   0 3 3 0 1 1 1 0 0 2 0 0
 Node 186:   0 3 3 0 0 0 2 0 0 2 1 1
 Node 187:   0 4 0 0 1 1 3 0 0 0 0 0
 Node 188:   0 4 3 0 0 0 3 0 0 2 1 1
 Node 189:   0 4 3 0 1 1 4 0 0 2 0 0
 Node 190:   0 5 0 0 0 0 5 0 0 0 1 1
 Node 191:   0 5 3 0 1 1 5 0 0 2 0 0
 Node 192:   5 0 3 0 0 0 0 5 0 1 1 1
 Node 193:   5 0 0 0 1 1 0 5 0 0 0 0
 Node 194:   4 0 3 0 0 0 0 4 0 1 1 1
 Node 195:   4 0 3 0 1 1 0 3 0 1 0 0
 Node 196:   4 0 0 0 0 0 0 3 0 0 1 1
 Node 197:   3 0 3 0 1 1 0 2 0 1 0 0
 Node 198:   3 0 3 0 0 0 0 1 0 1 1 1
 Node 199:   3 0 0 0 1 1 0 1 0 0 0 0
 Node 200:   3 0 6 0 0 0 0 0 0 2 1 1
 Node 201:   4 1 3 0 1 1 0 0 0 1 0 0
 Node 202:   5 2 3 0 0 0 0 0 0 1 1 1
 Node 203:   5 3 6 0 1 1 0 0 0 2 0 0
 Node 204:   6 4 3 0 0 0 0 0 0 1 1 1
 Node 205:   7 5 3 0 1 1 0 0 0 1 0 0
 Node 206:   7 6 6 0 0 0 0 0 0 2 1 1
 Node 207:   8 7 3 0 1 1 0 0 0 1 0 0
 Node 208:   7 8 3 0 0 0 0 0 0 1 1 1
 Node 209:   6 7 6 0 1 1 0 0 0 2 0 0
 Node 210:   5 7 3 0 0 0 0 0 0 1 1 1
 Node 211:   4 6 3 0 1 1 0 0 0 1 0 0
 Node 212:   3 5 6 0 0 0 0 0 0 2 1 1
 Node 213:   2 5 3 0 1 1 0 0 0 1 0 0
 Node 214:   1 4 3 0 0 0 0 0 0 1 1 1
 Node 215:   0 3 6 0 1 1 0 0 0 2 0 0
 Node 216:   0 3 0 0 0 0 1 0 0 0 1 1
 Node 217:   0 3 3 0 1 1 1 0 0 1 0 0
 Node 218:   0 3 3 0 0 0 2 0 0 1 1 1
 Node 219:   0 4 0 0 1 1 3 0 0 0 0 0
 Node 220:   0 4 3 0 0 0 3 0 0 1 1 1
 Node 221:   0 4 3 0 1 1 4 0 0 1 0 0
 Node 222:   0 5 0 0 0 0 5 0 0 0 1 1
 Node 223:   0 5 3 0 1 1 5 0 0 1 0 0
 Node 224:   5 0 3 0 0 0 0 5 0 1 1 1
 Node 225:   5 0 0 0 1 1 0 5 0 0 0 0
 Node 226:   4 0 3 0 0 0 0 4 0 1 1 1
 Node 227:   4 0 3 0 1 1 0 3 0 1 0 0
 Node 228:   4 0 0 0 0 0 0 3 0 0 1 1
 Node 229:   3 0 3 0 1 1 0 2 0 1 0 0
 Node 230:   3 0 3 0 0 0 0 1 0 1 1 1
 Node 231:   3 0 0 0 1 1 0 1 0 0 0 0
 Node 232:   3 0 6 0 0 0 0 0 0 2 1 1
 Node 233:   4 1 3 0 1 1 0 0 0 1 0 0
 Node 234:   5 2 3 0 0 0 0 0 0 1 1 1
 Node 235:   5 3 6 0 1 1 0 0 0 2 0 0
 Node 236:   6 4 3 0 0 0 0 0 0 1 1 1
 Node 237:   7 5 3 0 1 1 0 0 0 1 0 0
 Node 238:   7 6 6 0 0 0 0 0 0 2 1 1
 Node 239:   8 7 3 0 1 1 0 0 0 1 0 0
 Node 240:   7 8 3 0 0 0 0 0 0 1 1 1
 Node 241:   6 7 6 0 1 1 0 0 0 2 0 0
 Node 242:   5 7 3 0 0 0 0 0 0 1 1 1
 Node 243:   4 6 3 0 1 1 0 0 0 1 0 0
 Node 244:   3 5 6 0 0 0 0 0 0 2 1 1
 Node 245:   2 5 3 0 1 1 0 0 0 1 0 0
 Node 246:   1 4 3 0 0 0 0 0 0 1 1 1
 Node 247:   0 3 6 0 1 1 0 0 0 2 0 0
 Node 248:   0 3 0 0 0 0 1 0 0 0 1 1
 Node 249:   0 3 3 0 1 1 1 0 0 1 0 0
 Node 250:   0 3 3 0 0 0 2 0 0 1 1 1
 Node 251:   0 4 0 0 1 1 3 0 0 0 0 0
 Node 252:   0 4 3 0 0 0 3 0 0 1 1 1
 Node 253:   0 4 3 0 1 1 4 0 0 1 0 0
 Node 254:   0 5 0 0 0 0 5 0 0 0 1 1
 Node 255:   0 5 3 0 1 1 5 0 0 1 0 0
 Node 256:   5 0 3 0 0 0 0 5 0 0 1 1
 Node 257:   5 0 0 0 1 1 0 5 0 0 0 0
 Node 258:   4 0 3 0 0 0 0 4 0 0 1 1
 Node 259:   4 0 3 0 1 1 0 3 0 0 0 0
 Node 260:   4 0 0 0 0 0 0 3 0 0 1 1
 Node 261:   3 0 3 0 1 1 0 2 0 0 0 0
 Node 262:   3 0 3 0 0 0 0 1 0 0 1 1
 Node 263:   3 0 0 0 1 1 0 1 0 0 0 0
 Node 264:   3 0 6 0 0 0 0 0 0 0 1 1
 Node 265:   4 1 3 0 1 1 0 0 0 0 0 0
 Node 266:   5 2 3 0 0 0 0 0 0 0 1 1
 Node 267:   5 3 6 0 1 1 0 0 0 0 0 0
 Node 268:   6 4 3 0 0 0 0 0 0 0 1 1
 Node 269:   7 5 3 0 1 1 0 0 0 0 0 0
 Node 270:   7 6 6 0 0 0 0 0 0 0 1 1
 Node 271:   8 7 3 0 1 1 0 0 0 0 0 0
 Node 272:   7 8 3 0 0 0 0 0 0 0 1 1
 Node 273:   6 7 6 0 1 1 0 0 0 0 0 0
 Node 274:   5 7 3 0 0 0 0 0 0 0 1 1
 Node 275:   4 6 3 0 1 1 0 0 0 0 0 0
 Node 276:   3 5 6 0 0 0 0 0 0 0 1 1
 Node 277:   2 5 3 0 1 1 0 0 0 0 0 0
 Node 278:   1 4 3 0 0 0 0 0 0 0 1 1
 Node 279:   0 3 6 0 1 1 0 0 0 0 0 0
 Node 280:   0 3 0 0 0 0 1 0 0 0 1 1
 Node 281:   0 3 3 0 1 1 1 0 0 0 0 0
 Node 282:   0 3 3 0 0 0 2 0 0 0 1 1
 Node 283:   0 4 0 0 1 1 3 0 0 0 0 0
 Node 284:   0 4 3 0 0 0 3 0 0 0 1 1
 Node 285:   0 4 3 0 1 1 4 0 0 0 0 0
 Node 286:   0 5 0 0 0 0 5 0 0 0 1 1
 Node 287:   0 5 3 0 1 1 5 0 0 0 0 0
 Node 288:   5 0 4 1 0 0 0 5 0 0 1 1
 Node 289:   5 0 0 0 1 1 0 5 0 0 0 0
 Node 290:   4 0 4 1 0 0 0 4 0 0 1 1
 Node 291:   4 0 4 1 1 1 0 3 0 0 0 0
 Node 292:   4 0 0 0 0 0 0 3 0 0 1 1
 Node 293:   3 0 4 1 1 1 0 2 0 0 0 0
 Node 294:   3 0 4 1 0 0 0 1 0 0 1 1
 Node 295:   3 0 0 0 1 1 0 1 0 0 0 0
 Node 296:   3 0 8 2 0 0 0 0 0 0 1 1
 Node 297:   4 1 4 1 1 1 0 0 0 0 0 0
 Node 298:   5 2 4 1 0 0 0 0 0 0 1 1
 Node 299:   5 3 8 2 1 1 0 0 0 0 0 0
 Node 300:   6 4 4 1 0 0 0 0 0 0 1 1
 Node 301:   7 5 4 1 1 1 0 0 0 0 0 0
 Node 302:   7 6 8 2 0 0 0 0 0 0 1 1
 Node 303:   8 7 4 1 1 1 0 0 0 0 0 0
 Node 304:   7 8 4 1 0 0 0 0 0 0 1 1
 Node 305:   6 7 8 2 1 1 0 0 0 0 0 0
 Node 306:   5 7 4 1 0 0 0 0 0 0 1 1
 Node 307:   4 6 4 1 1 1 0 0 0 0 0 0
 Node 308:   3 5 8 2 0 0 0 0 0 0 1 1
 Node 309:   2 5 4 1 1 1 0 0 0 0 0 0
 Node 310:   1 4 4 1 0 0 0 0 0 0 1 1
 Node 311:   0 3 8 2 1 1 0 0 0 0 0 0
 Node 312:   0 3 0 0 0 0 1 0 0 0 1 1
 Node 313:   0 3 4 1 1 1 1 0 0 0 0 0
 Node 314:   0 3 4 1 0 0 2 0 0 0 1 1
 Node 315:   0 4 0 0 1 1 3 0 0 0 0 0
 Node 316:   0 4 4 1 0 0 3 0 0 0 1 1
 Node 317:   0 4 4 1 1 1 4 0 0 0 0 0
 Node 318:   0 5 0 0 0 0 5 0 0 0 1 1
 Node 319:   0 5 4 1 1 1 5 0 0 0 0 0
 Node 320:   5 0 5 2 0 0 0 5 0 0 1 1
 Node 321:   5 0 0 0 1 1 0 5 0 0 0 0
 Node 322:   4 0 5 2 0 0 0 4 0 0 1 1
 Node 323:   4 0 5 2 1 1 0 3 0 0 0 0
 Node 324:   4 0 0 0 0 0 0 3 0 0 1 1
 Node 325:   3 0 5 2 1 1 0 2 0 0 0 0
 Node 326:   3 0 5 2 0 0 0 1 0 0 1 1
 Node 327:   3 0 0 0 1 1 0 1 0 0 0 0
 Node 328:   3 0 10 4 0 0 0 0 0 0 1 1
 Node 329:   4 1 5 2 1 1 0 0 0 0 0 0
 Node 330:   5 2 5 2 0 0 0 0 0 0 1 1
 Node 331:   5 3 10 4 1 1 0 0 0 0 0 0
 Node 332:   6 4 5 2 0 0 0 0 0 0 1 1
 Node 333:   7 5 5 2 1 1 0 0 0 0 0 0
 Node 334:   7 6 10 4 0 0 0 0 0 0 1 1
 Node 335:   8 7 5 2 1 1 0 0 0 0 0 0
 Node 336:   7 8 5 2 0 0 0 0 0 0 1 1
 Node 337:   6 7 10 4 1 1 0 0 0 0 0 0
 Node 338:   5 7 5 2 0 0 0 0 0 0 1 1
 Node 339:   4 6 5 2 1 1 0 0 0 0 0 0
 Node 340:   3 5 10 4 0 0 0 0 0 0 1 1
 Node 341:   2 5 5 2 1 1 0 0 0 0 0 0
 Node 342:   1 4 5 2 0 0 0 0 0 0 1 1
 Node 343:   0 3 10 4 1 1 0 0 0 0 0 0
 Node 344:   0 3 0 0 0 0 1 0 0 0 1 1
 Node 345:   0 3 5 2 1 1 1 0 0 0 0 0
 Node 346:   0 3 5 2 0 0 2 0 0 0 1 1
 Node 347:   0 4 0 0 1 1 3 0 0 0 0 0
 Node 348:   0 4 5 2 0 0 3 0 0 0 1 1
 Node 349:   0 4 5 2 1 1 4 0 0 0 0 0
 Node 350:   0 5 0 0 0 0 5 0 0 0 1 1
 Node 351:   0 5 5 2 1 1 5 0 0 0 0 0
 Node 352:   5 0 5 3 0 0 0 5 0 0 1 1
 Node 353:   5 0 0 0 1 1 0 5 0 0 0 0
 Node 354:   4 0 5 3 0 0 0 4 0 0 1 1
 Node 355:   4 0 5 3 1 1 0 3 0 0 0 0
 Node 356:   4 0 0 0 0 0 0 3 0 0 1 1
 Node 357:   3 0 5 3 1 1 0 2 0 0 0 0
 Node 358:   3 0 5 3 0 0 0 1 0 0 1 1
 Node 359:   3 0 0 0 1 1 0 1 0 0 0 0
 Node 360:   3 0 10 6 0 0 0 0 0 0 1 1
 Node 361:   4 1 5 3 1 1 0 0 0 0 0 0
 Node 362:   5 2 5 3 0 0 0 0 0 0 1 1
 Node 363:   5 3 10 6 1 1 0 0 0 0 0 0
 Node 364:   6 4 5 3 0 0 0 0 0 0 1 1
 Node 365:   7 5 5 3 1 1 0 0 0 0 0 0
 Node 366:   7 6 10 6 0 0 0 0 0 0 1 1
 Node 367:   8 7 5 3 1 1 0 0 0 0 0 0
 Node 368:   7 8 5 3 0 0 0 0 0 0 1 1
 Node 369:   6 7 10 6 1 1 0 0 0 0 0 0
 Node 370:   5 7 5 3 0 0 0 0 0 0 1 1
 Node 371:   4 6 5 3 1 1 0 0 0 0 0 0
 Node 372:   3 5 10 6 0 0 0 0 0 0 1 1
 Node 373:   2 5 5 3 1 1 0 0 0 0 0 0
 Node 374:   1 4 5 3 0 0 0 0 0 0 1 1
 Node 375:   0 3 10 6 1 1 0 0 0 0 0 0
 Node 376:   0 3 0 0 0 0 1 0 0 0 1 1
 Node 377:   0 3 5 3 1 1 1 0 0 0 0 0
 Node 378:   0 3 5 3 0 0 2 0 0 0 1 1
 Node 379:   0 4 0 0 1 1 3 0 0 0 0 0
 Node 380:   0 4 5 3 0 0 3 0 0 0 1 1
 Node 381:   0 4 5 3 1 1 4 0 0 0 0 0
 Node 382:   0 5 0 0 0 0 5 0 0 0 1 1
 Node 383:   0 5 5 3 1 1 5 0 0 0 0 0
 Node 384:   5 0 6 4 0 0 0 5 0 0 1 1
 Node 385:   5 0 0 0 1 1 0 5 0 0 0 0
 Node 386:   4 0 6 4 0 0 0 4 0 0 1 1
 Node 387:   4 0 6 4 1 1 0 3 0 0 0 0
 Node 388:   4 0 0 0 0 0 0 3 0 0 1 1
 Node 389:   3 0 6 4 1 1 0 2 0 0 0 0
 Node 390:   3 0 6 4 0 0 0 1 0 0 1 1
 Node 391:   3 0 0 0 1 1 0 1 0 0 0 0
 Node 392:   3 0 12 8 0 0 0 0 0 0 1 1
 Node 393:   4 1 6 4 1 1 0 0 0 0 0 0
 Node 394:   5 2 6 4 0 0 0 0 0 0 1 1
 Node 395:   5 3 12 8 1 1 0 0 0 0 0 0
 Node 396:   6 4 6 4 0 0 0 0 0 0 1 1
 Node 397:   7 5 6 4 1 1 0 0 0 0 0 0
 Node 398:   7 6 12 8 0 0 0 0 0 0 1 1
 Node 399:   8 7 6 4 1 1 0 0 0 0 0 0
 Node 400:   7 8 6 4 0 0 0 0 0 0 1 1
 Node 401:   6 7 12 8 1 1 0 0 0 0 0 0
 Node 402:   5 7 6 4 0 0 0 0 0 0 1 1
 Node 403:   4 6 6 4 1 1 0 0 0 0 0 0
 Node 404:   3 5 12 8 0 0 0 0 0 0 1 1
 Node 405:   2 5 6 4 1 1 0 0 0 0 0 0
 Node 406:   1 4 6 4 0 0 0 0 0 0 1 1
 Node 407:   0 3 12 8 1 1 0 0 0 0 0 0
 Node 408:   0 3 0 0 0 0 1 0 0 0 1 1
 Node 409:   0 3 6 4 1 1 1 0 0 0 0 0
 Node 410:   0 3 6 4 0 0 2 0 0 0 1 1
 Node 411:   0 4 0 0 1 1 3 0 0 0 0 0
 Node 412:   0 4 6 4 0 0 3 0 0 0 1 1
 Node 413:   0 4 6 4 1 1 4 0 0 0 0 0
 Node 414:   0 5 0 0 0 0 5 0 0 0 1 1
 Node 415:   0 5 6 4 1 1 5 0 0 0 0 0
 Node 416:   5 0 7 5 0 0 0 5 0 0 1 1
 Node 417:   5 0 0 0 1 1 0 5 0 0 0 0
 Node 418:   4 0 7 5 0 0 0 4 0 0 1 1
 Node 419:   4 0 7 5 1 1 0 3 0 0 0 0
 Node 420:   4 0 0 0 0 0 0 3 0 0 1 1
 Node 421:   3 0 7 5 1 1 0 2 0 0 0 0
 Node 422:   3 0 7 5 0 0 0 1 0 0 1 1
 Node 423:   3 0 0 0 1 1 0 1 0 0 0 0
 Node 424:   3 0 14 10 0 0 0 0 0 0 1 1
 Node 425:   4 1 7 5 1 1 0 0 0 0 0 0
 Node 426:   5 2 7 5 0 0 0 0 0 0 1 1
 Node 427:   5 3 14 10 1 1 0 0 0 0 0 0
 Node 428:   6 4 7 5 0 0 0 0 0 0 1 1
 Node 429:   7 5 7 5 1 1 0 0 0 0 0 0
 Node 430:   7 6 14 10 0 0 0 0 0 0 1 1
 Node 431:   8 7 7 5 1 1 0 0 0 0 0 0
 Node 432:   7 8 7 5 0 0 0 0 0 0 1 1
 Node 433:   6 7 14 10 1 1 0 0 0 0 0 0
 Node 434:   5 7 7 5 0 0 0 0 0 0 1 1
 Node 435:   4 6 7 5 1 1 0 0 0 0 0 0
 Node 436:   3 5 14 10 0 0 0 0 0 0 1 1
 Node 437:   2 5 7 5 1 1 0 0 0 0 0 0
 Node 438:   1 4 7 5 0 0 0 0 0 0 1 1
 Node 439:   0 3 14 10 1 1 0 0 0 0 0 0
 Node 440:   0 3 0 0 0 0 1 0 0 0 1 1
 Node 441:   0 3 7 5 1 1 1 0 0 0 0 0
 Node 442:   0 3 7 5 0 0 2 0 0 0 1 1
 Node 443:   0 4 0 0 1 1 3 0 0 0 0 0
 Node 444:   0 4 7 5 0 0 3 0 0 0 1 1
 Node 445:   0 4 7 5 1 1 4 0 0 0 0 0
 Node 446:   0 5 0 0 0 0 5 0 0 0 1 1
 Node 447:   0 5 7 5 1 1 5 0 0 0 0 0
 Node 448:   5 0 7 6 0 0 0 5 0 0 1 1
 Node 449:   5 0 0 0 1 1 0 5 0 0 0 0
 Node 450:   4 0 7 6 0 0 0 4 0 0 1 1
 Node 451:   4 0 7 6 1 1 0 3 0 0 0 0
 Node 452:   4 0 0 0 0 0 0 3 0 0 1 1
 Node 453:   3 0 7 6 1 1 0 2 0 0 0 0
 Node 454:   3 0 7 6 0 0 0 1 0 0 1 1
 Node 455:   3 0 0 0 1 1 0 1 0 0 0 0
 Node 456:   3 0 14 12 0 0 0 0 0 0 1 1
 Node 457:   4 1 7 6 1 1 0 0 0 0 0 0
 Node 458:   5 2 7 6 0 0 0 0 0 0 1 1
 Node 459:   5 3 14 12 1 1 0 0 0 0 0 0
 Node 460:   6 4 7 6 0 0 0 0 0 0 1 1
 Node 461:   7 5 7 6 1 1 0 0 0 0 0 0
 Node 462:   7 6 14 12 0 0 0 0 0 0 1 1
 Node 463:   8 7 7 6 1 1 0 0 0 0 0 0
 Node 464:   7 8 7 6 0 0 0 0 0 0 1 1
 Node 465:   6 7 14 12 1 1 0 0 0 0 0 0
 Node 466:   5 7 7 6 0 0 0 0 0 0 1 1
 Node 467:   4 6 7 6 1 1 0 0 0 0 0 0
 Node 468:   3 5 14 12 0 0 0 0 0 0 1 1
 Node 469:   2 5 7 6 1 1 0 0 0 0 0 0
 Node 470:   1 4 7 6 0 0 0 0 0 0 1 1
 Node 471:   0 3 14 12 1 1 0 0 0 0 0 0
 Node 472:   0 3 0 0 0 0 1 0 0 0 1 1
 Node 473:   0 3 7 6 1 1 1 0 0 0 0 0
 Node 474:   0 3 7 6 0 0 2 0 0 0 1 1
 Node 475:   0 4 0 0 1 1 3 0 0 0 0 0
 Node 476:   0 4 7 6 0 0 3 0 0 0 1 1
 Node 477:   0 4 7 6 1 1 4 0 0 0 0 0
 Node 478:   0 5 0 0 0 0 5 0 0 0 1 1
 Node 479:   0 5 7 6 1 1 5 0 0 0 0 0
 Node 480:   5 0 8 7 0 0 0 5 0 0 1 1
 Node 481:   5 0 0 0 1 1 0 5 0 0 0 0
 Node 482:   4 0 8 7 0 0 0 4 0 0 1 1
 Node 483:   4 0 8 7 1 1 0 3 0 0 0 0
 Node 484:   4 0 0 0 0 0 0 3 0 0 1 1
 Node 485:   3 0 8 7 1 1 0 2 0 0 0 0
 Node 486:   3 0 8 7 0 0 0 1 0 0 1 1
 Node 487:   3 0 0 0 1 1 0 1 0 0 0 0
 Node 488:   3 0 16 14 0 0 0 0 0 0 1 1
 Node 489:   4 1 8 7 1 1 0 0 0 0 0 0
 Node 490:   5 2 8 7 0 0 0 0 0 0 1 1
 Node 491:   5 3 16 14 1 1 0 0 0 0 0 0
 Node 492:   6 4 8 7 0 0 0 0 0 0 1 1
 Node 493:   7 5 8 7 1 1 0 0 0 0 0 0
 Node 494:   7 6 16 14 0 0 0 0 0 0 1 1
 Node 495:   8 7 8 7 1 1 0 0 0 0 0 0
 Node 496:   7 8 8 7 0 0 0 0 0 0 1 1
 Node 497:   6 7 16 14 1 1 0 0 0 0 0 0
 Node 498:   5 7 8 7 0 0 0 0 0 0 1 1
 Node 499:   4 6 8 7 1 1 0 0 0 0 0 0
 Node 500:   3 5 16 14 0 0 0 0 0 0 1 1
 Node 501:   2 5 8 7 1 1 0 0 0 0 0 0
 Node 502:   1 4 8 7 0 0 0 0 0 0 1 1
 Node 503:   0 3 16 14 1 1 0 0 0 0 0 0
 Node 504:   0 3 0 0 0 0 1 0 0 0 1 1
 Node 505:   0 3 8 7 1 1 1 0 0 0 0 0
 Node 506:   0 3 8 7 0 0 2 0 0 0 1 1
 Node 507:   0 4 0 0 1 1 3 0 0 0 0 0
 Node 508:   0 4 8 7 0 0 3 0 0 0 1 1
 Node 509:   0 4 8 7 1 1 4 0 0 0 0 0
 Node 510:   0 5 0 0 0 0 5 0 0 0 1 1
 Node 511:   0 5 8 7 1 1 5 0 0 0 0 0
 Node 512:   5 0 7 8 0 0 0 5 0 0 1 1
 Node 513:   5 0 0 0 1 1 0 5 0 0 0 0
 Node 514:   4 0 7 8 0 0 0 4 0 0 1 1
 Node 515:   4 0 7 8 1 1 0 3 0 0 0 0
 Node 516:   4 0 0 0 0 0 0 3 0 0 1 1
 Node 517:   3 0 7 8 1 1 0 2 0 0 0 0
 Node 518:   3 0 7 8 0 0 0 1 0 0 1 1
 Node 519:   3 0 0 0 1 1 0 1 0 0 0 0
 Node 520:   3 0 14 16 0 0 0 0 0 0 1 1
 Node 521:   4 1 7 8 1 1 0 0 0 0 0 0
 Node 522:   5 2 7 8 0 0 0 0 0 0 1 1
 Node 523:   5 3 14 16 1 1 0 0 0 0 0 0
 Node 524:   6 4 7 8 0 0 0 0 0 0 1 1
 Node 525:   7 5 7 8 1 1 0 0 0 0 0 0
 Node 526:   7 6 14 16 0 0 0 0 0 0 1 1
 Node 527:   8 7 7 8 1 1 0 0 0 0 0 0
 Node 528:   7 8 7 8 0 0 0 0 0 0 1 1
 Node 529:   6 7 14 16 1 1 0 0 0 0 0 0
 Node 530:   5 7 7 8 0 0 0 0 0 0 1 1
 Node 531:   4 6 7 8 1 1 0 0 0 0 0 0
 Node 532:   3 5 14 16 0 0 0 0 0 0 1 1
 Node 533:   2 5 7 8 1 1 0 0 0 0 0 0
 Node 534:   1 4 7 8 0 0 0 0 0 0 1 1
 Node 535:   0 3 14 16 1 1 0 0 0 0 0 0
 Node 536:   0 3 0 0 0 0 1 0 0 0 1 1
 Node 537:   0 3 7 8 1 1 1 0 0 0 0 0
 Node 538:   0 3 7 8 0 0 2 0 0 0 1 1
 Node 539:   0 4 0 0 1 1 3 0 0 0 0 0
 Node 540:   0 4 7 8 0 0 3 0 0 0 1 1
 Node 541:   0 4 7 8 1 1 4 0 0 0 0 0
 Node 542:   0 5 0 0 0 0 5 0 0 0 1 1
 Node 543:   0 5 7 8 1 1 5 0 0 0 0 0
 Node 544:   5 0 6 7 0 0 0 5 0 0 1 1
 Node 545:   5 0 0 0 1 1 0 5 0 0 0 0
 Node 546:   4 0 6 7 0 0 0 4 0 0 1 1
 Node 547:   4 0 6 7 1 1 0 3 0 0 0 0
 Node 548:   4 0 0 0 0 0 0 3 0 0 1 1
 Node 549:   3 0 6 7 1 1 0 2 0 0 0 0
 Node 550:   3 0 6 7 0 0 0 1 0 0 1 1
 Node 551:   3 0 0 0 1 1 0 1 0 0 0 0
 Node 552:   3 0 12 14 0 0 0 0 0 0 1 1
 Node 553:   4 1 6 7 1 1 0 0 0 0 0 0
 Node 554:   5 2 6 7 0 0 0 0 0 0 1 1
 Node 555:   5 3 12 14 1 1 0 0 0 0 0 0
 Node 556:   6 4 6 7 0 0 0 0 0 0 1 1
 Node 557:   7 5 6 7 1 1 0 0 0 0 0 0
 Node 558:   7 6 12 14 0 0 0 0 0 0 1 1
 Node 559:   8 7 6 7 1 1 0 0 0 0 0 0
 Node 560:   7 8 6 7 0 0 0 0 0 0 1 1
 Node 561:   6 7 12 14 1 1 0 0 0 0 0 0
 Node 562:   5 7 6 7 0 0 0 0 0 0 1 1
 Node 563:   4 6 6 7 1 1 0 0 0 0 0 0
 Node 564:   3 5 12 14 0 0 0 0 0 0 1 1
 Node 565:   2 5 6 7 1 1 0 0 0 0 0 0
 Node 566:   1 4 6 7 0 0 0 0 0 0 1 1
 Node 567:   0 3 12 14 1 1 0 0 0 0 0 0
 Node 568:   0 3 0 0 0 0 1 0 0 0 1 1
 Node 569:   0 3 6 7 1 1 1 0 0 0 0 0
 Node 570:   0 3 6 7 0 0 2 0 0 0 1 1
 Node 571:   0 4 0 0 1 1 3 0 0 0 0 0
 Node 572:   0 4 6 7 0 0 3 0 0 0 1 1
 Node 573:   0 4 6 7 1 1 4 0 0 0 0 0
 Node 574:   0 5 0 0 0 0 5 0 0 0 1 1
 Node 575:   0 5 6 7 1 1 5 0 0 0 0 0
 Node 576:   5 0 5 7 0 0 0 5 0 0 1 1
 Node 577:   5 0 0 0 1 1 0 5 0 0 0 0
 Node 578:   4 0 5 7 0 0 0 4 0 0 1 1
 Node 579:   4 0 5 7 1 1 0 3 0 0 0 0
 Node 580:   4 0 0 0 0 0 0 3 0 0 1 1
 Node 581:   3 0 5 7 1 1 0 2 0 0 0 0
 Node 582:   3 0 5 7 0 0 0 1 0 0 1 1
 Node 583:   3 0 0 0 1 1 0 1 0 0 0 0
 Node 584:   3 0 10 14 0 0 0 0 0 0 1 1
 Node 585:   4 1 5 7 1 1 0 0 0 0 0 0
 Node 586:   5 2 5 7 0 0 0 0 0 0 1 1
 Node 587:   5 3 10 14 1 1 0 0 0 0 0 0
 Node 588:   6 4 5 7 0 0 0 0 0 0 1 1
 Node 589:   7 5 5 7 1 1 0 0 0 0 0 0
 Node 590:   7 6 10 14 0 0 0 0 0 0 1 1
 Node 591:   8 7 5 7 1 1 0 0 0 0 0 0
 Node 592:   7 8 5 7 0 0 0 0 0 0 1 1
 Node 593:   6 7 10 14 1 1 0 0 0 0 0 0
 Node 594:   5 7 5 7 0 0 0 0 0 0 1 1
 Node 595:   4 6 5 7 1 1 0 0 0 0 0 0
 Node 596:   3 5 10 14 0 0 0 0 0 0 1 1
 Node 597:   2 5 5 7 1 1 0 0 0 0 0 0
 Node 598:   1 4 5 7 0 0 0 0 0 0 1 1
 Node 599:   0 3 10 14 1 1 0 0 0 0 0 0
 Node 600:   0 3 0 0 0 0 1 0 0 0 1 1
 Node 601:   0 3 5 7 1 1 1 0 0 0 0 0
 Node 602:   0 3 5 7 0 0 2 0 0 0 1 1
 Node 603:   0 4 0 0 1 1 3 0 0 0 0 0
 Node 604:   0 4 5 7 0 0 3 0 0 0 1 1
 Node 605:   0 4 5 7 1 1 4 0 0 0 0 0
 Node 606:   0 5 0 0 0 0 5 0 0 0 1 1
 Node 607:   0 5 5 7 1 1 5 0 0 0 0 0
 Node 608:   5 0 4 6 0 0 0 5 0 0 1 1
 Node 609:   5 0 0 0 1 1 0 5 0 0 0 0
 Node 610:   4 0 4 6 0 0 0 4 0 0 1 1
 Node 611:   4 0 4 6 1 1 0 3 0 0 0 0
 Node 612:   4 0 0 0 0 0 0 3 0 0 1 1
 Node 613:   3 0 4 6 1 1 0 2 0 0 0 0
 Node 614:   3 0 4 6 0 0 0 1 0 0 1 1
 Node 615:   3 0 0 0 1 1 0 1 0 0 0 0
 Node 616:   3 0 8 12 0 0 0 0 0 0 1 1
 Node 617:   4 1 4 6 1 1 0 0 0 0 0 0
 Node 618:   5 2 4 6 0 0 0 0 0 0 1 1
 Node 619:   5 3 8 12 1 1 0 0 0 0 0 0
 Node 620:   6 4 4 6 0 0 0 0 0 0 1 1
 Node 621:   7 5 4 6 1 1 0 0 0 0 0 0
 Node 622:   7 6 8 12 0 0 0 0 0 0 1 1
 Node 623:   8 7 4 6 1 1 0 0 0 0 0 0
 Node 624:   7 8 4 6 0 0 0 0 0 0 1 1
 Node 625:   6 7 8 12 1 1 0 0 0 0 0 0
 Node 626:   5 7 4 6 0 0 0 0 0 0 1 1
 Node 627:   4 6 4 6 1 1 0 0 0 0 0 0
 Node 628:   3 5 8 12 0 0 0 0 0 0 1 1
 Node 629:   2 5 4 6 1 1 0 0 0 0 0 0
 Node 630:   1 4 4 6 0 0 0 0 0 0 1 1
 Node 631:   0 3 8 12 1 1 0 0 0 0 0 0
 Node 632:   0 3 0 0 0 0 1 0 0 0 1 1
 Node 633:   0 3 4 6 1 1 1 0 0 0 0 0
 Node 634:   0 3 4 6 0 0 2 0 0 0 1 1
 Node 635:   0 4 0 0 1 1 3 0 0 0 0 0
 Node 636:   0 4 4 6 0 0 3 0 0 0 1 1
 Node 637:   0 4 4 6 1 1 4 0 0 0 0 0
 Node 638:   0 5 0 0 0 0 5 0 0 0 1 1
 Node 639:   0 5 4 6 1 1 5 0 0 0 0 0
 Node 640:   5 0 3 5 0 0 0 5 0 0 1 1
 Node 641:   5 0 0 0 1 1 0 5 0 0 0 0
 Node 642:   4 0 3 5 0 0 0 4 0 0 1 1
 Node 643:   4 0 3 5 1 1 0 3 0 0 0 0
 Node 644:   4 0 0 0 0 0 0 3 0 0 1 1
 Node 645:   3 0 3 5 1 1 0 2 0 0 0 0
 Node 646:   3 0 3 5 0 0 0 1 0 0 1 1
 Node 647:   3 0 0 0 1 1 0 1 0 0 0 0
 Node 648:   3 0 6 10 0 0 0 0 0 0 1 1
 Node 649:   4 1 3 5 1 1 0 0 0 0 0 0
 Node 650:   5 2 3 5 0 0 0 0 0 0 1 1
 Node 651:   5 3 6 10 1 1 0 0 0 0 0 0
 Node 652:   6 4 3 5 0 0 0 0 0 0 1 1
 Node 653:   7 5 3 5 1 1 0 0 0 0 0 0
 Node 654:   7 6 6 10 0 0 0 0 0 0 1 1
 Node 655:   8 7 3 5 1 1 0 0 0 0 0 0
 Node 656:   7 8 3 5 0 0 0 0 0 0 1 1
 Node 657:   6 7 6 10 1 1 0 0 0 0 0 0
 Node 658:   5 7 3 5 0 0 0 0 0 0 1 1
 Node 659:   4 6 3 5 1 1 0 0 0 0 0 0
 Node 660:   3 5 6 10 0 0 0 0 0 0 1 1
 Node 661:   2 5 3 5 1 1 0 0 0 0 0 0
 Node 662:   1 4 3 5 0 0 0 0 0 0 1 1
 Node 663:   0 3 6 10 1 1 0 0 0 0 0 0
 Node 664:   0 3 0 0 0 0 1 0 0 0 1 1
 Node 665:   0 3 3 5 1 1 1 0 0 0 0 0
 Node 666:   0 3 3 5 0 0 2 0 0 0 1 1
 Node 667:   0 4 0 0 1 1 3 0 0 0 0 0
 Node 668:   0 4 3 5 0 0 3 0 0 0 1 1
 Node 669:   0 4 3 5 1 1 4 0 0 0 0 0
 Node 670:   0 5 0 0 0 0 5 0 0 0 1 1
 Node 671:   0 5 3 5 1 1 5 0 0 0 0 0
 Node 672:   5 0 2 5 0 0 0 5 0 0 1 1
 Node 673:   5 0 0 0 1 1 0 5 0 0 0 0
 Node 674:   4 0 2 5 0 0 0 4 0 0 1 1
 Node 675:   4 0 2 5 1 1 0 3 0 0 0 0
 Node 676:   4 0 0 0 0 0 0 3 0 0 1 1
 Node 677:   3 0 2 5 1 1 0 2 0 0 0 0
 Node 678:   3 0 2 5 0 0 0 1 0 0 1 1
 Node 679:   3 0 0 0 1 1 0 1 0 0 0 0
 Node 680:   3 0 4 10 0 0 0 0 0 0 1 1
 Node 681:   4 1 2 5 1 1 0 0 0 0 0 0
 Node 682:   5 2 2 5 0 0 0 0 0 0 1 1
 Node 683:   5 3 4 10 1 1 0 0 0 0 0 0
 Node 684:   6 4 2 5 0 0 0 0 0 0 1 1
 Node 685:   7 5 2 5 1 1 0 0 0 0 0 0
 Node 686:   7 6 4 10 0 0 0 0 0 0 1 1
 Node 687:   8 7 2 5 1 1 0 0 0 0 0 0
 Node 688:   7 8 2 5 0 0 0 0 0 0 1 1
 Node 689:   6 7 4 10 1 1 0 0 0 0 0 0
 Node 690:   5 7 2 5 0 0 0 0 0 0 1 1
 Node 691:   4 6 2 5 1 1 0 0 0 0 0 0
 Node 692:   3 5 4 10 0 0 0 0 0 0 1 1
 Node 693:   2 5 2 5 1 1 0 0 0 0 0 0
 Node 694:   1 4 2 5 0 0 0 0 0 0 1 1
 Node 695:   0 3 4 10 1 1 0 0 0 0 0 0
 Node 696:   0 3 0 0 0 0 1 0 0 0 1 1
 Node 697:   0 3 2 5 1 1 1 0 0 0 0 0
 Node 698:   0 3 2 5 0 0 2 0 0 0 1 1
 Node 699:   0 4 0 0 1 1 3 0 0 0 0 0
 Node 700:   0 4 2 5 0 0 3 0 0 0 1 1
 Node 701:   0 4 2 5 1 1 4 0 0 0 0 0
 Node 702:   0 5 0 0 0 0 5 0 0 0 1 1
 Node 703:   0 5 2 5 1 1 5 0 0 0 0 0
 Node 704:   5 0 1 4 0 0 0 5 0 0 1 1
 Node 705:   5 0 0 0 1 1 0 5 0 0 0 0
 Node 706:   4 0 1 4 0 0 0 4 0 0 1 1
 Node 707:   4 0 1 4 1 1 0 3 0 0 0 0
 Node 708:   4 0 0 0 0 0 0 3 0 0 1 1
 Node 709:   3 0 1 4 1 1 0 2 0 0 0 0
 Node 710:   3 0 1 4 0 0 0 1 0 0 1 1
 Node 711:   3 0 0 0 1 1 0 1 0 0 0 0
 Node 712:   3 0 2 8 0 0 0 0 0 0 1 1
 Node 713:   4 1 1 4 1 1 0 0 0 0 0 0
 Node 714:   5 2 1 4 0 0 0 0 0 0 1 1
 Node 715:   5 3 2 8 1 1 0 0 0 0 0 0
 Node 716:   6 4 1 4 0 0 0 0 0 0 1 1
 Node 717:   7 5 1 4 1 1 0 0 0 0 0 0
 Node 718:   7 6 2 8 0 0 0 0 0 0 1 1
 Node 719:   8 7 1 4 1 1 0 0 0 0 0 0
 Node 720:   7 8 1 4 0 0 0 0 0 0 1 1
 Node 721:   6 7 2 8 1 1 0 0 0 0 0 0
 Node 722:   5 7 1 4 0 0 0 0 0 0 1 1
 Node 723:   4 6 1 4 1 1 0 0 0 0 0 0
 Node 724:   3 5 2 8 0 0 0 0 0 0 1 1
 Node 725:   2 5 1 4 1 1 0 0 0 0 0 0
 Node 726:   1 4 1 4 0 0 0 0 0 0 1 1
 Node 727:   0 3 2 8 1 1 0 0 0 0 0 0
 Node 728:   0 3 0 0 0 0 1 0 0 0 1 1
 Node 729:   0 3 1 4 1 1 1 0 0 0 0 0
 Node 730:   0 3 1 4 0 0 2 0 0 0 1 1
 Node 731:   0 4 0 0 1 1 3 0 0 0 0 0
 Node 732:   0 4 1 4 0 0 3 0 0 0 1 1
 Node 733:   0 4 1 4 1 1 4 0 0 0 0 0
 Node 734:   0 5 0 0 0 0 5 0 0 0 1 1
 Node 735:   0 5 1 4 1 1 5 0 0 0 0 0
 Node 736:   5 0 0 3 0 0 0 5 0 0 1 1
 Node 737:   5 0 0 0 1 1 0 5 0 0 0 0
 Node 738:   4 0 0 3 0 0 0 4 0 0 1 1
 Node 739:   4 0 0 3 1 1 0 3 0 0 0 0
 Node 740:   4 0 0 0 0 0 0 3 0 0 1 1
 Node 741:   3 0 0 3 1 1 0 2 0 0 0 0
 Node 742:   3 0 0 3 0 0 0 1 0 0 1 1
 Node 743:   3 0 0 0 1 1 0 1 0 0 0 0
 Node 744:   3 0 0 6 0 0 0 0 0 0 1 1
 Node 745:   4 1 0 3 1 1 0 0 0 0 0 0
 Node 746:   5 2 0 3 0 0 0 0 0 0 1 1
 Node 747:   5 3 0 6 1 1 0 0 0 0 0 0
 Node 748:   6 4 0 3 0 0 0 0 0 0 1 1
 Node 749:   7 5 0 3 1 1 0 0 0 0 0 0
 Node 750:   7 6 0 6 0 0 0 0 0 0 1 1
 Node 751:   8 7 0 3 1 1 0 0 0 0 0 0
 Node 752:   7 8 0 3 0 0 0 0 0 0 1 1
 Node 753:   6 7 0 6 1 1 0 0 0 0 0 0
 Node 754:   5 7 0 3 0 0 0 0 0 0 1 1
 Node 755:   4 6 0 3 1 1 0 0 0 0 0 0
 Node 756:   3 5 0 6 0 0 0 0 0 0 1 1
 Node 757:   2 5 0 3 1 1 0 0 0 0 0 0
 Node 758:   1 4 0 3 0 0 0 0 0 0 1 1
 Node 759:   0 3 0 6 1 1 0 0 0 0 0 0
 Node 760:   0 3 0 0 0 0 1 0 0 0 1 1
 Node 761:   0 3 0 3 1 1 1 0 0 0 0 0
 Node 762:   0 3 0 3 0 0 2 0 0 0 1 1
 Node 763:   0 4 0 0 1 1 3 0 0 0 0 0
 Node 764:   0 4 0 3 0 0 3 0 0 0 1 1
 Node 765:   0 4 0 3 1 1 4 0 0 0 0 0
 Node 766:   0 5 0 0 0 0 5 0 0 0 1 1
 Node 767:   0 5 0 3 1 1 5 0 0 0 0 0
 Node 768:   5 0 0 3 0 0 0 5 1 0 1 1
 Node 769:   5 0 0 0 1 1 0 5 0 0 0 0
 Node 770:   4 0 0 3 0 0 0 4 1 0 1 1
 Node 771:   4 0 0 3 1 1 0 3 1 0 0 0
 Node 772:   4 0 0 0 0 0 0 3 0 0 1 1
 Node 773:   3 0 0 3 1 1 0 2 1 0 0 0
 Node 774:   3 0 0 3 0 0 0 1 1 0 1 1
 Node 775:   3 0 0 0 1 1 0 1 0 0 0 0
 Node 776:   3 0 0 6 0 0 0 0 2 0 1 1
 Node 777:   4 1 0 3 1 1 0 0 1 0 0 0
 Node 778:   5 2 0 3 0 0 0 0 1 0 1 1
 Node 779:   5 3 0 6 1 1 0 0 2 0 0 0
 Node 780:   6 4 0 3 0 0 0 0 1 0 1 1
 Node 781:   7 5 0 3 1 1 0 0 1 0 0 0
 Node 782:   7 6 0 6 0 0 0 0 2 0 1 1
 Node 783:   8 7 0 3 1 1 0 0 1 0 0 0
 Node 784:   7 8 0 3 0 0 0 0 1 0 1 1
 Node 785:   6 7 0 6 1 1 0 0 2 0 0 0
 Node 786:   5 7 0 3 0 0 0 0 1 0 1 1
 Node 787:   4 6 0 3 1 1 0 0 1 0 0 0
 Node 788:   3 5 0 6 0 0 0 0 2 0 1 1
 Node 789:   2 5 0 3 1 1 0 0 1 0 0 0
 Node 790:   1 4 0 3 0 0 0 0 1 0 1 1
 Node 791:   0 3 0 6 1 1 0 0 2 0 0 0
 Node 792:   0 3 0 0 0 0 1 0 0 0 1 1
 Node 793:   0 3 0 3 1 1 1 0 1 0 0 0
 Node 794:   0 3 0 3 0 0 2 0 1 0 1 1
 Node 795:   0 4 0 0 1 1 3 0 0 0 0 0
 Node 796:   0 4 0 3 0 0 3 0 1 0 1 1
 Node 797:   0 4 0 3 1 1 4 0 1 0 0 0
 Node 798:   0 5 0 0 0 0 5 0 0 0 1 1
 Node 799:   0 5 0 3 1 1 5 0 1 0 0 0
 Node 800:   5 0 0 3 0 0 0 5 1 0 1 1
 Node 801:   5 0 0 0 1 1 0 5 0 0 0 0
 Node 802:   4 0 0 3 0 0 0 4 1 0 1 1
 Node 803:   4 0 0 3 1 1 0 3 1 0 0 0
 Node 804:   4 0 0 0 0 0 0 3 0 0 1 1
 Node 805:   3 0 0 3 1 1 0 2 1 0 0 0
 Node 806:   3 0 0 3 0 0 0 1 1 0 1 1
 Node 807:   3 0 0 0 1 1 0 1 0 0 0 0
 Node 808:   3 0 0 6 0 0 0 0 2 0 1 1
 Node 809:   4 1 0 3 1 1 0 0 1 0 0 0
 Node 810:   5 2 0 3 0 0 0 0 1 0 1 1
 Node 811:   5 3 0 6 1 1 0 0 2 0 0 0
 Node 812:   6 4 0 3 0 0 0 0 1 0 1 1
 Node 813:   7 5 0 3 1 1 0 0 1 0 0 0
 Node 814:   7 6 0 6 0 0 0 0 2 0 1 1
 Node 815:   8 7 0 3 1 1 0 0 1 0 0 0
 Node 816:   7 8 0 3 0 0 0 0 1 0 1 1
 Node 817:   6 7 0 6 1 1 0 0 2 0 0 0
 Node 818:   5 7 0 3 0 0 0 0 1 0 1 1
 Node 819:   4 6 0 3 1 1 0 0 1 0 0 0
 Node 820:   3 5 0 6 0 0 0 0 2 0 1 1
 Node 821:   2 5 0 3 1 1 0 0 1 0 0 0
 Node 822:   1 4 0 3 0 0 0 0 1 0 1 1
 Node 823:   0 3 0 6 1 1 0 0 2 0 0 0
 Node 824:   0 3 0 0 0 0 1 0 0 0 1 1
 Node 825:   0 3 0 3 1 1 1 0 1 0 0 0
 Node 826:   0 3 0 3 0 0 2 0 1 0 1 1
 Node 827:   0 4 0 0 1 1 3 0 0 0 0 0
 Node 828:   0 4 0 3 0 0 3 0 1 0 1 1
 Node 829:   0 4 0 3 1 1 4 0 1 0 0 0
 Node 830:   0 5 0 0 0 0 5 0 0 0 1 1
 Node 831:   0 5 0 3 1 1 5 0 1 0 0 0
 Node 832:   5 0 0 3 0 0 0 5 2 0 1 1
 Node 833:   5 0 0 0 1 1 0 5 0 0 0 0
 Node 834:   4 0 0 3 0 0 0 4 2 0 1 1
 Node 835:   4 0 0 3 1 1 0 3 2 0 0 0
 Node 836:   4 0 0 0 0 0 0 3 0 0 1 1
 Node 837:   3 0 0 3 1 1 0 2 2 0 0 0
 Node 838:   3 0 0 3 0 0 0 1 2 0 1 1
 Node 839:   3 0 0 0 1 1 0 1 0 0 0 0
 Node 840:   3 0 0 6 0 0 0 0 4 0 1 1
 Node 841:   4 1 0 3 1 1 0 0 2 0 0 0
 Node 842:   5 2 0 3 0 0 0 0 2 0 1 1
 Node 843:   5 3 0 6 1 1 0 0 4 0 0 0
 Node 844:   6 4 0 3 0 0 0 0 2 0 1 1
 Node 845:   7 5 0 3 1 1 0 0 2 0 0 0
 Node 846:   7 6 0 6 0 0 0 0 4 0 1 1
 Node 847:   8 7 0 3 1 1 0 0 2 0 0 0
 Node 848:   7 8 0 3 0 0 0 0 2 0 1 1
 Node 849:   6 7 0 6 1 1 0 0 4 0 0 0
 Node 850:   5 7 0 3 0 0 0 0 2 0 1 1
 Node 851:   4 6 0 3 1 1 0 0 2 0 0 0
 Node 852:   3 5 0 6 0 0 0 0 4 0 1 1
 Node 853:   2 5 0 3 1 1 0 0 2 0 0 0
 Node 854:   1 4 0 3 0 0 0 0 2 0 1 1
 Node 855:   0 3 0 6 1 1 0 0 4 0 0 0
 Node 856:   0 3 0 0 0 0 1 0 0 0 1 1
 Node 857:   0 3 0 3 1 1 1 0 2 0 0 0
 Node 858:   0 3 0 3 0 0 2 0 2 0 1 1
 Node 859:   0 4 0 0 1 1 3 0 0 0 0 0
 Node 860:   0 4 0 3 0 0 3 0 2 0 1 1
 Node 861:   0 4 0 3 1 1 4 0 2 0 0 0
 Node 862:   0 5 0 0 0 0 5 0 0 0 1 1
 Node 863:   0 5 0 3 1 1 5 0 2 0 0 0
 Node 864:   5 0 0 4 0 0 0 5 3 0 1 1
 Node 865:   5 0 0 0 1 1 0 5 0 0 0 0
 Node 866:   4 0 0 4 0 0 0 4 3 0 1 1
 Node 867:   4 0 0 4 1 1 0 3 3 0 0 0
 Node 868:   4 0 0 0 0 0 0 3 0 0 1 1
 Node 869:   3 0 0 4 1 1 0 2 3 0 0 0
 Node 870:   3 0 0 4 0 0 0 1 3 0 1 1
 Node 871:   3 0 0 0 1 1 0 1 0 0 0 0
 Node 872:   3 0 0 8 0 0 0 0 6 0 1 1
 Node 873:   4 1 0 4 1 1 0 0 3 0 0 0
 Node 874:   5 2 0 4 0 0 0 0 3 0 1 1
 Node 875:   5 3 0 8 1 1 0 0 6 0 0 0
 Node 876:   6 4 0 4 0 0 0 0 3 0 1 1
 Node 877:   7 5 0 4 1 1 0 0 3 0 0 0
 Node 878:   7 6 0 8 0 0 0 0 6 0 1 1
 Node 879:   8 7 0 4 1 1 0 0 3 0 0 0
 Node 880:   7 8 0 4 0 0 0 0 3 0 1 1
 Node 881:   6 7 0 8 1 1 0 0 6 0 0 0
 Node 882:   5 7 0 4 0 0 0 0 3 0 1 1
 Node 883:   4 6 0 4 1 1 0 0 3 0 0 0
 Node 884:   3 5 0 8 0 0 0 0 6 0 1 1
 Node 885:   2 5 0 4 1 1 0 0 3 0 0 0
 Node 886:   1 4 0 4 0 0 0 0 3 0 1 1
 Node 887:   0 3 0 8 1 1 0 0 6 0 0 0
 Node 888:   0 3 0 0 0 0 1 0 0 0 1 1
 Node 889:   0 3 0 4 1 1 1 0 3 0 0 0
 Node 890:   0 3 0 4 0 0 2 0 3 0 1 1
 Node 891:   0 4 0 0 1 1 3 0 0 0 0 0
 Node 892:   0 4 0 4 0 0 3 0 3 0 1 1
 Node 893:   0 4 0 4 1 1 4 0 3 0 0 0
 Node 894:   0 5 0 0 0 0 5 0 0 0 1 1
 Node 895:   0 5 0 4 1 1 5 0 3 0 0 0
 Node 896:   5 0 0 4 0 0 0 5 3 0 1 1
 Node 897:   5 0 0 0 1 1 0 5 0 0 0 0
 Node 898:   4 0 0 4 0 0 0 4 3 0 1 1
 Node 899:   4 0 0 4 1 1 0 3 3 0 0 0
 Node 900:   4 0 0 0 0 0 0 3 0 0 1 1
 Node 901:   3 0 0 4 1 1 0 2 3 0 0 0
 Node 902:   3 0 0 4 0 0 0 1 3 0 1 1
 Node 903:   3 0 0 0 1 1 0 1 0 0 0 0
 Node 904:   3 0 0 8 0 0 0 0 6 0 1 1
 Node 905:   4 1 0 4 1 1 0 0 3 0 0 0
 Node 906:   5 2 0 4 0 0 0 0 3 0 1 1
 Node 907:   5 3 0 8 1 1 0 0 6 0 0 0
 Node 908:   6 4 0 4 0 0 0 0 3 0 1 1
 Node 909:   7 5 0 4 1 1 0 0 3 0 0 0
 Node 910:   7 6 0 8 0 0 0 0 6 0 1 1
 Node 911:   8 7 0 4 1 1 0 0 3 0 0 0
 Node 912:   7 8 0 4 0 0 0 0 3 0 1 1
 Node 913:   6 7 0 8 1 1 0 0 6 0 0 0
 Node 914:   5 7 0 4 0 0 0 0 3 0 1 1
 Node 915:   4 6 0 4 1 1 0 0 3 0 0 0
 Node 916:   3 5 0 8 0 0 0 0 6 0 1 1
 Node 917:   2 5 0 4 1 1 0 0 3 0 0 0
 Node 918:   1 4 0 4 0 0 0 0 3 0 1 1
 Node 919:   0 3 0 8 1 1 0 0 6 0 0 0
 Node 920:   0 3 0 0 0 0 1 0 0 0 1 1
 Node 921:   0 3 0 4 1 1 1 0 3 0 0 0
 Node 922:   0 3 0 4 0 0 2 0 3 0 1 1
 Node 923:   0 4 0 0 1 1 3 0 0 0 0 0
 Node 924:   0 4 0 4 0 0 3 0 3 0 1 1
 Node 925:   0 4 0 4 1 1 4 0 3 0 0 0
 Node 926:   0 5 0 0 0 0 5 0 0 0 1 1
 Node 927:   0 5 0 4 1 1 5 0 3 0 0 0
 Node 928:   5 0 0 4 0 0 0 5 4 0 1 1
 Node 929:   5 0 0 0 1 1 0 5 0 0 0 0
 Node 930:   4 0 0 4 0 0 0 4 4 0 1 1
 Node 931:   4 0 0 4 1 1 0 3 4 0 0 0
 Node 932:   4 0 0 0 0 0 0 3 0 0 1 1
 Node 933:   3 0 0 4 1 1 0 2 4 0 0 0
 Node 934:   3 0 0 4 0 0 0 1 4 0 1 1
 Node 935:   3 0 0 0 1 1 0 1 0 0 0 0
 Node 936:   3 0 0 8 0 0 0 0 8 0 1 1
 Node 937:   4 1 0 4 1 1 0 0 4 0 0 0
 Node 938:   5 2 0 4 0 0 0 0 4 0 1 1
 Node 939:   5 3 0 8 1 1 0 0 8 0 0 0
 Node 940:   6 4 0 4 0 0 0 0 4 0 1 1
 Node 941:   7 5 0 4 1 1 0 0 4 0 0 0
 Node 942:   7 6 0 8 0 0 0 0 8 0 1 1
 Node 943:   8 7 0 4 1 1 0 0 4 0 0 0
 Node 944:   7 8 0 4 0 0 0 0 4 0 1 1
 Node 945:   6 7 0 8 1 1 0 0 8 0 0 0
 Node 946:   5 7 0 4 0 0 0 0 4 0 1 1
 Node 947:   4 6 0 4 1 1 0 0 4 0 0 0
 Node 948:   3 5 0 8 0 0 0 0 8 0 1 1
 Node 949:   2 5 0 4 1 1 0 0 4 0 0 0
 Node 950:   1 4 0 4 0 0 0 0 4 0 1 1
 Node 951:   0 3 0 8 1 1 0 0 8 0 0 0
 Node 952:   0 3 0 0 0 0 1 0 0 0 1 1
 Node 953:   0 3 0 4 1 1 1 0 4 0 0 0
 Node 954:   0 3 0 4 0 0 2 0 4 0 1 1
 Node 955:   0 4 0 0 1 1 3 0 0 0 0 0
 Node 956:   0 4 0 4 0 0 3 0 4 0 1 1
 Node 957:   0 4 0 4 1 1 4 0 4 0 0 0
 Node 958:   0 5 0 0 0 0 5 0 0 0 1 1
 Node 959:   0 5 0 4 1 1 5 0 4 0 0 0
 Node 960:   5 0 0 5 0 0 0 5 5 0 1 1
 Node 961:   5 0 0 0 1 1 0 5 0 0 0 0
 Node 962:   4 0 0 5 0 0 0 4 5 0 1 1
 Node 963:   4 0 0 5 1 1 0 3 5 0 0 0
 Node 964:   4 0 0 0 0 0 0 3 0 0 1 1
 Node 965:   3 0 0 5 1 1 0 2 5 0 0 0
 Node 966:   3 0 0 5 0 0 0 1 5 0 1 1
 Node 967:   3 0 0 0 1 1 0 1 0 0 0 0
 Node 968:   3 0 0 10 0 0 0 0 10 0 1 1
 Node 969:   4 1 0 5 1 1 0 0 5 0 0 0
 Node 970:   5 2 0 5 0 0 0 0 5 0 1 1
 Node 971:   5 3 0 10 1 1 0 0 10 0 0 0
 Node 972:   6 4 0 5 0 0 0 0 5 0 1 1
 Node 973:   7 5 0 5 1 1 0 0 5 0 0 0
 Node 974:   7 6 0 10 0 0 0 0 10 0 1 1
 Node 975:   8 7 0 5 1 1 0 0 5 0 0 0
 Node 976:   7 8 0 5 0 0 0 0 5 0 1 1
 Node 977:   6 7 0 10 1 1 0 0 10 0 0 0
 Node 978:   5 7 0 5 0 0 0 0 5 0 1 1
 Node 979:   4 6 0 5 1 1 0 0 5 0 0 0
 Node 980:   3 5 0 10 0 0 0 0 10 0 1 1
 Node 981:   2 5 0 5 1 1 0 0 5 0 0 0
 Node 982:   1 4 0 5 0 0 0 0 5 0 1 1
 Node 983:   0 3 0 10 1 1 0 0 10 0 0 0
 Node 984:   0 3 0 0 0 0 1 0 0 0 1 1
 Node 985:   0 3 0 5 1 1 1 0 5 0 0 0
 Node 986:   0 3 0 5 0 0 2 0 5 0 1 1
 Node 987:   0 4 0 0 1 1 3 0 0 0 0 0
 Node 988:   0 4 0 5 0 0 3 0 5 0 1 1
 Node 989:   0 4 0 5 1 1 4 0 5 0 0 0
 Node 990:   0 5 0 0 0 0 5 0 0 0 1 1
 Node 991:   0 5 0 5 1 1 5 0 5 0 0 0
 Node 992:   5 0 0 5 0 0 0 5 5 0 1 1
 Node 993:   5 0 0 0 1 1 0 5 0 0 0 0
 Node 994:   4 0 0 5 0 0 0 4 5 0 1 1
 Node 995:   4 0 0 5 1 1 0 3 5 0 0 0
 Node 996:   4 0 0 0 0 0 0 3 0 0 1 1
 Node 997:   3 0 0 5 1 1 0 2 5 0 0 0
 Node 998:   3 0 0 5 0 0 0 1 5 0 1 1
 Node 999:   3 0 0 0 1 1 0 1 0 0 0 0
 Node 1000:   3 0 0 10 0 0 0 0 10 0 1 1
 Node 1001:   4 1 0 5 1 1 0 0 5 0 0 0
 Node 1002:   5 2 0 5 0 0 0 0 5 0 1 1
 Node 1003:   5 3 0 10 1 1 0 0 10 0 0 0
 Node 1004:   6 4 0 5 0 0 0 0 5 0 1 1
 Node 1005:   7 5 0 5 1 1 0 0 5 0 0 0
 Node 1006:   7 6 0 10 0 0 0 0 10 0 1 1
 Node 1007:   8 7 0 5 1 1 0 0 5 0 0 0
 Node 1008:   7 8 0 5 0 0 0 0 5 0 1 1
 Node 1009:   6 7 0 10 1 1 0 0 10 0 0 0
 Node 1010:   5 7 0 5 0 0 0 0 5 0 1 1
 Node 1011:   4 6 0 5 1 1 0 0 5 0 0 0
 Node 1012:   3 5 0 10 0 0 0 0 10 0 1 1
 Node 1013:   2 5 0 5 1 1 0 0 5 0 0 0
 Node 1014:   1 4 0 5 0 0 0 0 5 0 1 1
 Node 1015:   0 3 0 10 1 1 0 0 10 0 0 0
 Node 1016:   0 3 0 0 0 0 1 0 0 0 1 1
 Node 1017:   0 3 0 5 1 1 1 0 5 0 0 0
 Node 1018:   0 3 0 5 0 0 2 0 5 0 1 1
 Node 1019:   0 4 0 0 1 1 3 0 0 0 0 0
 Node 1020:   0 4 0 5 0 0 3 0 5 0 1 1
 Node 1021:   0 4 0 5 1 1 4 0 5 0 0 0
 Node 1022:   0 5 0 0 0 0 5 0 0 0 1 1
 Node 1023:   0 5 0 5 1 1 5 0 5 0 0 0

(Maximum) Crossing Paths: 16
The number of paths on this application : 1024 (all-to-all cases: 1047552)
The average hops : 17.000000
ID size(without ID modification)17
(Maximum) number of slots: 16
