3.625000
6.562500
11.082031
22.145508
43.589844
4.500000
7.250000
12.625000
23.312500
44.656250
4.500000
7.250000
12.625000
23.312500
44.656250
2.000000
2.906250
2.816406
3.806641
6.093262
3.750000
5.437500
9.234375
17.121094
33.061523
4.500000
7.500000
13.500000
25.500000
49.500000
5.000000
9.000000
17.000000
33.000000
65.000000
4.375000
6.718750
10.867188
18.935547
34.968262
3.250000
5.125000
8.019531
14.426758
28.027344
3.500000
5.250000
8.625000
15.312500
28.656250
3.500000
5.250000
8.625000
15.312500
28.656250
2.000000
2.531250
2.597656
3.228516
4.522949
3.250000
5.187500
9.109375
17.058594
33.030273
3.500000
5.500000
9.500000
17.500000
33.500000
3.000000
5.000000
9.000000
17.000000
33.000000
3.750000
6.031250
10.148438
18.201172
34.226074
