ID Allocation Policy is 0(low port first) / 1(Crossing Paths based method): 1
Address method is 0(destination_based) / 1(path_based): 1
 dst_based renewable label = 18
 path_based renewable label = 18


 (east, west, south, north, from host0,... east(vch2), south(vch2), west(vch2), north(vch2), from host(vch2)0,.. to host(vch2)0,..
 Node  0:   1 0 3 0 0 0 0 8 0 2 1 1
 Node  1:   1 0 2 0 0 0 0 7 0 3 1 1
 Node  2:   1 0 3 0 0 0 0 7 0 3 1 1
 Node  3:   1 0 3 0 0 0 0 6 0 2 1 1
 Node  4:   1 0 3 0 0 0 0 6 0 2 1 1
 Node  5:   1 0 3 0 0 0 0 5 0 3 1 1
 Node  6:   1 0 4 0 0 0 0 5 0 1 1 1
 Node  7:   1 0 3 0 0 0 0 4 0 2 1 1
 Node  8:   1 0 4 0 0 0 0 4 0 2 1 1
 Node  9:   1 0 3 0 0 0 0 3 0 1 1 1
 Node 10:   1 0 3 0 0 0 0 3 0 1 1 1
 Node 11:   1 0 2 0 0 0 0 2 0 2 1 1
 Node 12:   1 0 2 0 0 0 0 2 0 0 1 1
 Node 13:   1 0 1 0 0 0 0 1 0 1 1 1
 Node 14:   0 0 1 0 0 0 0 1 0 1 1 1
 Node 15:   1 0 0 0 0 0 0 0 0 0 1 1
 Node 16:   2 0 0 0 0 0 0 0 0 0 1 1
 Node 17:   3 0 1 0 0 0 0 0 0 1 1 1
 Node 18:   4 1 0 0 0 0 0 0 0 1 1 1
 Node 19:   5 1 0 0 0 0 0 0 0 2 1 1
 Node 20:   6 2 2 0 0 0 0 0 0 2 1 1
 Node 21:   7 2 0 0 0 0 0 0 0 3 1 1
 Node 22:   8 3 1 0 0 0 0 0 0 3 1 1
 Node 23:   9 3 2 0 0 0 0 0 0 4 1 1
 Node 24:   10 4 1 0 0 0 0 0 0 4 1 1
 Node 25:   11 4 1 0 0 0 0 0 0 4 1 1
 Node 26:   12 5 3 0 0 0 0 0 0 3 1 1
 Node 27:   13 5 1 0 0 0 0 0 0 4 1 1
 Node 28:   14 6 2 0 0 0 0 0 0 3 1 1
 Node 29:   15 6 3 0 0 0 0 0 0 3 1 1
 Node 30:   16 7 2 0 0 0 0 0 0 3 1 1
 Node 31:   0 7 18 0 1 1 1 0 0 3 0 0
 Node 32:   1 0 2 0 1 1 0 7 0 3 0 0
 Node 33:   1 0 2 0 1 1 0 7 0 2 0 0
 Node 34:   1 0 3 0 1 1 0 6 0 3 0 0
 Node 35:   1 0 2 0 1 1 0 6 0 2 0 0
 Node 36:   1 0 3 0 1 1 0 5 0 2 0 0
 Node 37:   1 0 3 0 1 1 0 5 0 2 0 0
 Node 38:   1 0 3 0 1 1 0 4 0 2 0 0
 Node 39:   1 0 3 0 1 1 0 4 0 1 0 0
 Node 40:   1 0 4 0 1 1 0 3 0 2 0 0
 Node 41:   1 0 3 0 1 1 0 3 0 1 0 0
 Node 42:   1 0 3 0 1 1 0 2 0 1 0 0
 Node 43:   0 0 2 0 1 1 0 2 0 1 0 0
 Node 44:   0 0 2 0 1 1 0 1 0 1 0 0
 Node 45:   0 0 1 0 1 1 0 1 0 0 0 0
 Node 46:   1 0 1 0 1 1 0 0 0 0 0 0
 Node 47:   2 0 0 1 1 1 0 0 0 0 0 0
 Node 48:   3 0 0 1 1 1 0 0 0 0 0 0
 Node 49:   4 0 1 1 1 1 0 0 0 0 0 0
 Node 50:   5 0 0 1 1 1 0 0 0 1 0 0
 Node 51:   6 1 0 1 1 1 0 0 0 1 0 0
 Node 52:   7 1 1 1 1 1 0 0 0 2 0 0
 Node 53:   8 2 0 1 1 1 0 0 0 2 0 0
 Node 54:   9 2 1 1 1 1 0 0 0 3 0 0
 Node 55:   10 3 1 1 1 1 0 0 0 3 0 0
 Node 56:   11 3 1 1 1 1 0 0 0 4 0 0
 Node 57:   12 4 1 1 1 1 0 0 0 3 0 0
 Node 58:   13 4 2 1 1 1 0 0 0 4 0 0
 Node 59:   14 5 1 1 1 1 0 0 0 3 0 0
 Node 60:   15 5 2 1 1 1 0 0 0 3 0 0
 Node 61:   16 6 2 1 1 1 0 0 0 3 0 0
 Node 62:   0 6 18 1 0 0 1 0 0 3 1 1
 Node 63:   0 8 17 0 1 1 1 0 0 3 0 0
 Node 64:   1 0 2 0 0 0 0 7 0 2 1 1
 Node 65:   1 0 2 0 0 0 0 6 0 2 1 1
 Node 66:   1 0 2 0 0 0 0 6 0 3 1 1
 Node 67:   1 0 2 0 0 0 0 5 0 2 1 1
 Node 68:   1 0 3 0 0 0 0 5 0 1 1 1
 Node 69:   1 0 2 0 0 0 0 4 0 3 1 1
 Node 70:   1 0 3 0 0 0 0 4 0 1 1 1
 Node 71:   1 0 3 0 0 0 0 3 0 1 1 1
 Node 72:   0 0 3 0 0 0 0 3 0 2 1 1
 Node 73:   0 0 3 0 0 0 0 2 0 1 1 1
 Node 74:   0 0 3 0 0 0 0 2 0 0 1 1
 Node 75:   0 0 2 0 0 0 0 1 0 1 1 1
 Node 76:   0 0 2 0 0 0 0 1 0 0 1 1
 Node 77:   1 0 1 0 0 0 0 0 0 0 1 1
 Node 78:   2 0 1 1 0 0 0 0 0 0 1 1
 Node 79:   3 0 0 2 0 0 0 0 0 0 1 1
 Node 80:   4 0 0 2 0 0 0 0 0 0 1 1
 Node 81:   5 0 1 2 0 0 0 0 0 0 1 1
 Node 82:   6 0 0 2 0 0 0 0 0 0 1 1
 Node 83:   7 0 0 2 0 0 0 0 0 1 1 1
 Node 84:   8 1 1 2 0 0 0 0 0 1 1 1
 Node 85:   9 1 0 2 0 0 0 0 0 2 1 1
 Node 86:   10 2 0 2 0 0 0 0 0 2 1 1
 Node 87:   11 2 1 2 0 0 0 0 0 3 1 1
 Node 88:   12 3 1 2 0 0 0 0 0 3 1 1
 Node 89:   13 3 0 2 0 0 0 0 0 4 1 1
 Node 90:   14 4 2 2 0 0 0 0 0 3 1 1
 Node 91:   15 4 1 2 0 0 0 0 0 3 1 1
 Node 92:   16 5 1 2 0 0 0 0 0 3 1 1
 Node 93:   0 5 17 2 1 1 1 0 0 3 0 0
 Node 94:   0 8 17 0 0 0 1 0 0 2 1 1
 Node 95:   0 7 15 0 0 0 1 0 0 4 1 1
 Node 96:   1 0 2 0 1 1 0 6 0 2 0 0
 Node 97:   1 0 1 0 1 1 0 6 0 2 0 0
 Node 98:   1 0 2 0 1 1 0 5 0 3 0 0
 Node 99:   1 0 2 0 1 1 0 5 0 1 0 0
 Node 100:   1 0 2 0 1 1 0 4 0 2 0 0
 Node 101:   0 0 2 0 1 1 0 4 0 2 0 0
 Node 102:   0 0 3 0 1 1 0 3 0 1 0 0
 Node 103:   0 0 2 0 1 1 0 3 0 1 0 0
 Node 104:   0 0 3 0 1 1 0 2 0 1 0 0
 Node 105:   0 0 3 0 1 1 0 2 0 0 0 0
 Node 106:   0 0 3 0 1 1 0 1 0 1 0 0
 Node 107:   0 0 2 0 1 1 0 1 0 0 0 0
 Node 108:   1 0 2 0 1 1 0 0 0 0 0 0
 Node 109:   2 0 1 1 1 1 0 0 0 0 0 0
 Node 110:   3 0 1 2 1 1 0 0 0 0 0 0
 Node 111:   4 0 0 3 1 1 0 0 0 0 0 0
 Node 112:   5 0 0 3 1 1 0 0 0 0 0 0
 Node 113:   6 0 1 3 1 1 0 0 0 0 0 0
 Node 114:   7 0 0 3 1 1 0 0 0 0 0 0
 Node 115:   8 0 0 3 1 1 0 0 0 0 0 0
 Node 116:   9 0 1 3 1 1 0 0 0 1 0 0
 Node 117:   10 1 0 3 1 1 0 0 0 1 0 0
 Node 118:   11 1 0 3 1 1 0 0 0 2 0 0
 Node 119:   12 2 1 3 1 1 0 0 0 2 0 0
 Node 120:   13 2 0 3 1 1 0 0 0 3 0 0
 Node 121:   14 3 0 3 1 1 0 0 0 3 0 0
 Node 122:   15 3 2 3 1 1 0 0 0 3 0 0
 Node 123:   16 4 0 3 1 1 0 0 0 3 0 0
 Node 124:   0 4 17 3 0 0 1 0 0 3 1 1
 Node 125:   0 8 16 0 1 1 1 0 0 2 0 0
 Node 126:   0 7 15 0 1 1 1 0 0 3 0 0
 Node 127:   0 7 14 0 1 1 1 0 0 3 0 0
 Node 128:   1 0 1 0 0 0 0 6 0 2 1 1
 Node 129:   1 0 1 0 0 0 0 5 0 2 1 1
 Node 130:   0 0 2 0 0 0 0 5 0 2 1 1
 Node 131:   0 0 1 0 0 0 0 4 0 2 1 1
 Node 132:   0 0 2 0 0 0 0 4 0 1 1 1
 Node 133:   0 0 2 0 0 0 0 3 0 1 1 1
 Node 134:   0 0 2 0 0 0 0 3 0 1 1 1
 Node 135:   0 0 2 0 0 0 0 2 0 1 1 1
 Node 136:   0 0 3 0 0 0 0 2 0 0 1 1
 Node 137:   0 0 2 0 0 0 0 1 0 1 1 1
 Node 138:   0 0 3 0 0 0 0 1 0 0 1 1
 Node 139:   1 0 2 0 0 0 0 0 0 0 1 1
 Node 140:   2 0 2 1 0 0 0 0 0 0 1 1
 Node 141:   3 0 1 2 0 0 0 0 0 0 1 1
 Node 142:   4 0 1 3 0 0 0 0 0 0 1 1
 Node 143:   5 0 0 4 0 0 0 0 0 0 1 1
 Node 144:   6 0 0 4 0 0 0 0 0 0 1 1
 Node 145:   7 0 1 4 0 0 0 0 0 0 1 1
 Node 146:   8 0 0 4 0 0 0 0 0 0 1 1
 Node 147:   9 0 0 4 0 0 0 0 0 0 1 1
 Node 148:   10 0 1 4 0 0 0 0 0 0 1 1
 Node 149:   11 0 0 4 0 0 0 0 0 1 1 1
 Node 150:   12 1 0 4 0 0 0 0 0 1 1 1
 Node 151:   13 1 1 4 0 0 0 0 0 2 1 1
 Node 152:   14 2 0 4 0 0 0 0 0 2 1 1
 Node 153:   15 2 0 4 0 0 0 0 0 3 1 1
 Node 154:   16 3 1 4 0 0 0 0 0 3 1 1
 Node 155:   0 3 16 4 1 1 1 0 0 3 0 0
 Node 156:   0 8 16 0 0 0 1 0 0 3 1 1
 Node 157:   0 7 14 0 0 0 1 0 0 3 1 1
 Node 158:   0 7 14 0 0 0 1 0 0 2 1 1
 Node 159:   0 6 13 0 0 0 1 0 0 3 1 1
 Node 160:   0 0 1 0 1 1 0 5 0 2 0 0
 Node 161:   0 0 1 0 1 1 0 5 0 1 0 0
 Node 162:   0 0 1 0 1 1 0 4 0 2 0 0
 Node 163:   0 0 1 0 1 1 0 4 0 1 0 0
 Node 164:   0 0 2 0 1 1 0 3 0 1 0 0
 Node 165:   0 0 1 0 1 1 0 3 0 1 0 0
 Node 166:   0 0 2 0 1 1 0 2 0 1 0 0
 Node 167:   0 0 2 0 1 1 0 2 0 0 0 0
 Node 168:   0 0 2 0 1 1 0 1 0 1 0 0
 Node 169:   0 0 2 0 1 1 0 1 0 0 0 0
 Node 170:   1 0 3 0 1 1 0 0 0 0 0 0
 Node 171:   2 0 2 1 1 1 0 0 0 0 0 0
 Node 172:   3 0 2 2 1 1 0 0 0 0 0 0
 Node 173:   4 0 1 3 1 1 0 0 0 0 0 0
 Node 174:   5 0 1 4 1 1 0 0 0 0 0 0
 Node 175:   6 0 0 5 1 1 0 0 0 0 0 0
 Node 176:   7 0 0 5 1 1 0 0 0 0 0 0
 Node 177:   8 0 1 5 1 1 0 0 0 0 0 0
 Node 178:   9 0 0 5 1 1 0 0 0 0 0 0
 Node 179:   10 0 0 5 1 1 0 0 0 0 0 0
 Node 180:   11 0 1 5 1 1 0 0 0 0 0 0
 Node 181:   12 0 0 5 1 1 0 0 0 0 0 0
 Node 182:   13 0 0 5 1 1 0 0 0 1 0 0
 Node 183:   14 1 1 5 1 1 0 0 0 1 0 0
 Node 184:   15 1 0 5 1 1 0 0 0 2 0 0
 Node 185:   16 2 0 5 1 1 0 0 0 2 0 0
 Node 186:   0 2 16 5 0 0 1 0 0 3 1 1
 Node 187:   0 8 15 0 1 1 1 0 0 2 0 0
 Node 188:   0 7 14 0 1 1 1 0 0 4 0 0
 Node 189:   0 7 13 0 1 1 1 0 0 2 0 0
 Node 190:   0 6 13 0 1 1 1 0 0 2 0 0
 Node 191:   0 6 11 0 1 1 0 0 0 3 0 0
 Node 192:   0 0 1 0 0 0 0 5 0 1 1 1
 Node 193:   0 0 0 0 0 0 0 4 0 2 1 1
 Node 194:   0 0 1 0 0 0 0 4 0 1 1 1
 Node 195:   0 0 1 0 0 0 0 3 0 1 1 1
 Node 196:   0 0 1 0 0 0 0 3 0 1 1 1
 Node 197:   0 0 1 0 0 0 0 2 0 1 1 1
 Node 198:   0 0 2 0 0 0 0 2 0 0 1 1
 Node 199:   0 0 1 0 0 0 0 1 0 1 1 1
 Node 200:   0 0 2 0 0 0 0 1 0 0 1 1
 Node 201:   1 0 2 0 0 0 0 0 0 0 1 1
 Node 202:   2 0 2 1 0 0 0 0 0 0 1 1
 Node 203:   3 0 2 2 0 0 0 0 0 0 1 1
 Node 204:   4 0 2 3 0 0 0 0 0 0 1 1
 Node 205:   5 0 1 4 0 0 0 0 0 0 1 1
 Node 206:   6 0 1 5 0 0 0 0 0 0 1 1
 Node 207:   7 0 0 6 0 0 0 0 0 0 1 1
 Node 208:   8 0 0 6 0 0 0 0 0 0 1 1
 Node 209:   9 0 1 6 0 0 0 0 0 0 1 1
 Node 210:   10 0 0 6 0 0 0 0 0 0 1 1
 Node 211:   11 0 0 6 0 0 0 0 0 0 1 1
 Node 212:   12 0 1 6 0 0 0 0 0 0 1 1
 Node 213:   13 0 0 6 0 0 0 0 0 0 1 1
 Node 214:   14 0 0 6 0 0 0 0 0 0 1 1
 Node 215:   15 0 1 6 0 0 0 0 0 1 1 1
 Node 216:   16 1 0 6 0 0 0 0 0 1 1 1
 Node 217:   0 1 16 6 1 1 1 0 0 2 0 0
 Node 218:   0 8 15 0 0 0 1 0 0 2 1 1
 Node 219:   0 7 14 0 0 0 1 0 0 3 1 1
 Node 220:   0 7 13 0 0 0 0 0 0 3 1 1
 Node 221:   0 6 12 0 0 0 0 0 0 2 1 1
 Node 222:   0 6 11 0 0 0 0 0 0 2 1 1
 Node 223:   0 5 10 0 0 0 0 0 0 2 1 1
 Node 224:   0 0 0 0 1 1 0 4 0 2 0 0
 Node 225:   0 0 0 0 1 1 0 4 0 1 0 0
 Node 226:   0 0 1 0 1 1 0 3 0 1 0 0
 Node 227:   0 0 0 0 1 1 0 3 0 1 0 0
 Node 228:   0 0 1 0 1 1 0 2 0 1 0 0
 Node 229:   0 0 1 0 1 1 0 2 0 0 0 0
 Node 230:   0 0 1 0 1 1 0 1 0 1 0 0
 Node 231:   0 0 1 0 1 1 0 1 0 0 0 0
 Node 232:   1 0 2 0 1 1 0 0 0 0 0 0
 Node 233:   2 0 1 1 1 1 0 0 0 0 0 0
 Node 234:   3 0 2 2 1 1 0 0 0 0 0 0
 Node 235:   4 0 2 3 1 1 0 0 0 0 0 0
 Node 236:   5 0 2 4 1 1 0 0 0 0 0 0
 Node 237:   6 0 1 5 1 1 0 0 0 0 0 0
 Node 238:   7 0 1 6 1 1 0 0 0 0 0 0
 Node 239:   8 0 0 7 1 1 0 0 0 0 0 0
 Node 240:   9 0 0 7 1 1 0 0 0 0 0 0
 Node 241:   10 0 1 7 1 1 0 0 0 0 0 0
 Node 242:   11 0 0 7 1 1 0 0 0 0 0 0
 Node 243:   12 0 0 7 1 1 0 0 0 0 0 0
 Node 244:   13 0 1 7 1 1 0 0 0 0 0 0
 Node 245:   14 0 0 7 1 1 0 0 0 0 0 0
 Node 246:   15 0 0 7 1 1 0 0 0 0 0 0
 Node 247:   16 0 1 7 1 1 0 0 0 0 0 0
 Node 248:   0 0 16 7 0 0 1 0 0 1 1 1
 Node 249:   0 8 15 0 1 1 0 0 0 2 0 0
 Node 250:   0 7 14 0 1 1 0 0 0 2 0 0
 Node 251:   0 7 13 0 1 1 0 0 0 2 0 0
 Node 252:   0 6 12 0 1 1 0 0 0 2 0 0
 Node 253:   0 6 11 0 1 1 0 0 0 2 0 0
 Node 254:   0 5 10 0 1 1 0 0 0 2 0 0
 Node 255:   0 5 9 0 1 1 0 0 0 1 0 0
 Node 256:   0 0 0 0 0 0 0 4 0 1 1 1
 Node 257:   0 0 0 0 0 0 0 3 0 1 1 1
 Node 258:   0 0 0 0 0 0 0 3 0 1 1 1
 Node 259:   0 0 0 0 0 0 0 2 0 1 1 1
 Node 260:   0 0 1 0 0 0 0 2 0 0 1 1
 Node 261:   0 0 0 0 0 0 0 1 0 1 1 1
 Node 262:   0 0 1 0 0 0 0 1 0 0 1 1
 Node 263:   1 0 1 0 0 0 0 0 0 0 1 1
 Node 264:   2 0 2 1 0 0 0 0 0 0 1 1
 Node 265:   3 1 1 2 0 0 0 0 0 0 1 1
 Node 266:   4 1 2 3 0 0 0 0 0 0 1 1
 Node 267:   5 1 1 4 0 0 0 0 0 0 1 1
 Node 268:   6 1 2 5 0 0 0 0 0 0 1 1
 Node 269:   7 1 1 6 0 0 0 0 0 0 1 1
 Node 270:   8 1 1 7 0 0 0 0 0 0 1 1
 Node 271:   9 1 0 8 0 0 0 0 0 0 1 1
 Node 272:   10 1 0 8 0 0 0 0 0 0 1 1
 Node 273:   11 1 1 8 0 0 0 0 0 0 1 1
 Node 274:   12 1 0 8 0 0 0 0 0 0 1 1
 Node 275:   13 1 0 8 0 0 0 0 0 0 1 1
 Node 276:   14 1 1 8 0 0 0 0 0 0 1 1
 Node 277:   15 1 0 8 0 0 0 0 0 0 1 1
 Node 278:   16 1 0 8 0 0 0 0 0 0 1 1
 Node 279:   0 1 16 8 1 1 0 0 0 0 0 0
 Node 280:   0 8 15 0 0 0 0 0 0 0 1 1
 Node 281:   0 7 14 0 0 0 0 0 0 1 1 1
 Node 282:   0 7 13 0 0 0 0 0 0 1 1 1
 Node 283:   0 6 12 0 0 0 0 0 0 2 1 1
 Node 284:   0 6 11 0 0 0 0 0 0 2 1 1
 Node 285:   0 5 10 0 0 0 0 0 0 2 1 1
 Node 286:   0 5 9 0 0 0 0 0 0 1 1 1
 Node 287:   0 4 8 0 0 0 0 0 0 2 1 1
 Node 288:   0 0 0 0 1 1 0 3 0 1 0 0
 Node 289:   0 0 0 0 1 1 0 3 0 1 0 0
 Node 290:   0 0 0 0 1 1 0 2 0 1 0 0
 Node 291:   0 0 0 0 1 1 0 2 0 0 0 0
 Node 292:   0 0 0 0 1 1 0 1 0 1 0 0
 Node 293:   0 0 0 0 1 1 0 1 0 0 0 0
 Node 294:   1 0 1 0 1 1 0 0 0 0 0 0
 Node 295:   2 0 0 1 1 1 0 0 0 0 0 0
 Node 296:   3 0 2 2 1 1 0 0 0 0 0 0
 Node 297:   4 0 2 3 1 1 0 0 0 0 0 0
 Node 298:   5 1 1 4 1 1 0 0 0 0 0 0
 Node 299:   6 1 1 5 1 1 0 0 0 0 0 0
 Node 300:   7 1 2 6 1 1 0 0 0 0 0 0
 Node 301:   8 1 1 7 1 1 0 0 0 0 0 0
 Node 302:   9 1 1 8 1 1 0 0 0 0 0 0
 Node 303:   10 1 0 9 1 1 0 0 0 0 0 0
 Node 304:   11 1 0 9 1 1 0 0 0 0 0 0
 Node 305:   12 1 1 9 1 1 0 0 0 0 0 0
 Node 306:   13 1 0 9 1 1 0 0 0 0 0 0
 Node 307:   14 1 0 9 1 1 0 0 0 0 0 0
 Node 308:   15 1 1 9 1 1 0 0 0 0 0 0
 Node 309:   16 1 0 9 1 1 0 0 0 0 0 0
 Node 310:   0 1 16 9 0 0 0 0 0 0 1 1
 Node 311:   0 9 15 1 1 1 0 0 0 0 0 0
 Node 312:   0 8 14 0 1 1 0 0 0 0 0 0
 Node 313:   0 7 13 0 1 1 0 0 0 0 0 0
 Node 314:   0 6 12 0 1 1 0 0 0 1 0 0
 Node 315:   0 6 11 0 1 1 0 0 0 1 0 0
 Node 316:   0 5 10 0 1 1 0 0 0 2 0 0
 Node 317:   0 5 9 0 1 1 0 0 0 1 0 0
 Node 318:   0 4 8 0 1 1 0 0 0 2 0 0
 Node 319:   0 4 7 0 1 1 0 0 0 1 0 0
 Node 320:   0 0 0 0 0 0 0 3 0 1 1 1
 Node 321:   0 0 0 0 0 0 0 2 0 1 1 1
 Node 322:   0 0 0 0 0 0 0 2 0 0 1 1
 Node 323:   0 0 0 0 0 0 0 1 0 1 1 1
 Node 324:   0 0 0 0 0 0 0 1 0 0 1 1
 Node 325:   1 0 0 0 0 0 0 0 0 0 1 1
 Node 326:   2 0 0 1 0 0 0 0 0 0 1 1
 Node 327:   3 0 0 2 0 0 0 0 0 0 1 1
 Node 328:   4 0 2 3 0 0 0 0 0 0 1 1
 Node 329:   5 0 1 4 0 0 0 0 0 0 1 1
 Node 330:   6 0 2 5 0 0 0 0 0 0 1 1
 Node 331:   7 1 1 6 0 0 0 0 0 0 1 1
 Node 332:   8 1 1 7 0 0 0 0 0 0 1 1
 Node 333:   9 1 1 8 0 0 0 0 0 0 1 1
 Node 334:   10 1 1 9 0 0 0 0 0 0 1 1
 Node 335:   11 1 0 10 0 0 0 0 0 0 1 1
 Node 336:   12 1 0 10 0 0 0 0 0 0 1 1
 Node 337:   13 1 1 10 0 0 0 0 0 0 1 1
 Node 338:   14 1 0 10 0 0 0 0 0 0 1 1
 Node 339:   15 1 0 10 0 0 0 0 0 0 1 1
 Node 340:   16 1 1 10 0 0 0 0 0 0 1 1
 Node 341:   0 1 16 10 1 1 0 0 0 0 0 0
 Node 342:   0 10 15 1 0 0 0 0 0 0 1 1
 Node 343:   0 9 14 1 0 0 0 0 0 0 1 1
 Node 344:   0 8 13 0 0 0 0 0 0 0 1 1
 Node 345:   0 7 12 0 0 0 0 0 0 0 1 1
 Node 346:   0 6 11 0 0 0 0 0 0 0 1 1
 Node 347:   0 5 10 0 0 0 0 0 0 1 1 1
 Node 348:   0 5 9 0 0 0 0 0 0 1 1 1
 Node 349:   0 4 8 0 0 0 0 0 0 2 1 1
 Node 350:   0 4 7 0 0 0 0 0 0 1 1 1
 Node 351:   0 3 6 0 0 0 0 0 0 1 1 1
 Node 352:   0 0 0 0 1 1 0 2 0 1 0 0
 Node 353:   0 0 0 0 1 1 0 2 0 0 0 0
 Node 354:   0 0 0 0 1 1 0 1 0 1 0 0
 Node 355:   0 0 0 0 1 1 0 1 0 0 0 0
 Node 356:   1 0 0 0 1 1 0 0 0 0 0 0
 Node 357:   2 0 0 1 1 1 0 0 0 0 0 0
 Node 358:   3 0 0 2 1 1 0 0 0 0 0 0
 Node 359:   4 0 0 3 1 1 0 0 0 0 0 0
 Node 360:   5 0 1 4 1 1 0 0 0 0 0 0
 Node 361:   6 0 1 5 1 1 0 0 0 0 0 0
 Node 362:   7 0 2 6 1 1 0 0 0 0 0 0
 Node 363:   8 0 1 7 1 1 0 0 0 0 0 0
 Node 364:   9 1 1 8 1 1 0 0 0 0 0 0
 Node 365:   10 1 1 9 1 1 0 0 0 0 0 0
 Node 366:   11 1 1 10 1 1 0 0 0 0 0 0
 Node 367:   12 1 0 11 1 1 0 0 0 0 0 0
 Node 368:   13 1 0 11 1 1 0 0 0 0 0 0
 Node 369:   14 1 1 11 1 1 0 0 0 0 0 0
 Node 370:   15 1 0 11 1 1 0 0 0 0 0 0
 Node 371:   16 1 0 11 1 1 0 0 0 0 0 0
 Node 372:   0 1 16 11 0 0 0 0 0 0 1 1
 Node 373:   0 11 15 1 1 1 0 0 0 0 0 0
 Node 374:   0 10 14 1 1 1 0 0 0 0 0 0
 Node 375:   0 9 13 1 1 1 0 0 0 0 0 0
 Node 376:   0 8 12 0 1 1 0 0 0 0 0 0
 Node 377:   0 7 11 0 1 1 0 0 0 0 0 0
 Node 378:   0 6 10 0 1 1 0 0 0 0 0 0
 Node 379:   0 5 9 0 1 1 0 0 0 0 0 0
 Node 380:   0 4 8 0 1 1 0 0 0 1 0 0
 Node 381:   0 4 7 0 1 1 0 0 0 1 0 0
 Node 382:   0 3 6 0 1 1 0 0 0 1 0 0
 Node 383:   0 3 5 0 1 1 0 0 0 1 0 0
 Node 384:   0 0 0 0 0 0 0 2 0 0 1 1
 Node 385:   0 0 0 0 0 0 0 1 0 1 1 1
 Node 386:   0 0 0 0 0 0 0 1 0 0 1 1
 Node 387:   1 0 0 0 0 0 0 0 0 0 1 1
 Node 388:   2 0 0 1 0 0 0 0 0 0 1 1
 Node 389:   3 0 0 2 0 0 0 0 0 0 1 1
 Node 390:   4 0 0 3 0 0 0 0 0 0 1 1
 Node 391:   5 0 0 4 0 0 0 0 0 0 1 1
 Node 392:   6 0 1 5 0 0 0 0 0 0 1 1
 Node 393:   7 0 1 6 0 0 0 0 0 0 1 1
 Node 394:   8 0 1 7 0 0 0 0 0 0 1 1
 Node 395:   9 0 1 8 0 0 0 0 0 0 1 1
 Node 396:   10 0 2 9 0 0 0 0 0 0 1 1
 Node 397:   11 1 0 10 0 0 0 0 0 0 1 1
 Node 398:   12 1 1 11 0 0 0 0 0 0 1 1
 Node 399:   13 1 0 12 0 0 0 0 0 0 1 1
 Node 400:   14 1 0 12 0 0 0 0 0 0 1 1
 Node 401:   15 1 1 12 0 0 0 0 0 0 1 1
 Node 402:   16 1 0 12 0 0 0 0 0 0 1 1
 Node 403:   0 1 16 12 1 1 0 0 0 0 0 0
 Node 404:   0 12 15 1 0 0 0 0 0 0 1 1
 Node 405:   0 11 14 1 0 0 0 0 0 0 1 1
 Node 406:   0 10 13 1 0 0 0 0 0 0 1 1
 Node 407:   0 9 12 1 0 0 0 0 0 0 1 1
 Node 408:   0 8 11 0 0 0 0 0 0 0 1 1
 Node 409:   0 7 10 0 0 0 0 0 0 0 1 1
 Node 410:   0 6 9 0 0 0 0 0 0 0 1 1
 Node 411:   0 5 8 0 0 0 0 0 0 0 1 1
 Node 412:   0 4 7 0 0 0 0 0 0 0 1 1
 Node 413:   0 3 6 0 0 0 0 0 0 1 1 1
 Node 414:   0 3 5 0 0 0 0 0 0 1 1 1
 Node 415:   0 2 4 0 0 0 0 0 0 1 1 1
 Node 416:   0 0 0 0 1 1 0 1 0 1 0 0
 Node 417:   0 0 0 0 1 1 0 1 0 0 0 0
 Node 418:   1 0 0 0 1 1 0 0 0 0 0 0
 Node 419:   2 0 0 1 1 1 0 0 0 0 0 0
 Node 420:   3 0 0 2 1 1 0 0 0 0 0 0
 Node 421:   4 0 0 3 1 1 0 0 0 0 0 0
 Node 422:   5 0 0 4 1 1 0 0 0 0 0 0
 Node 423:   6 0 0 5 1 1 0 0 0 0 0 0
 Node 424:   7 0 1 6 1 1 0 0 0 0 0 0
 Node 425:   8 0 1 7 1 1 0 0 0 0 0 0
 Node 426:   9 0 1 8 1 1 0 0 0 0 0 0
 Node 427:   10 0 1 9 1 1 0 0 0 0 0 0
 Node 428:   11 0 1 10 1 1 0 0 0 0 0 0
 Node 429:   12 0 1 11 1 1 0 0 0 0 0 0
 Node 430:   13 1 1 12 1 1 0 0 0 0 0 0
 Node 431:   14 1 0 13 1 1 0 0 0 0 0 0
 Node 432:   15 1 0 13 1 1 0 0 0 0 0 0
 Node 433:   16 1 1 13 1 1 0 0 0 0 0 0
 Node 434:   0 1 16 13 0 0 0 0 0 0 1 1
 Node 435:   0 13 15 1 1 1 0 0 0 0 0 0
 Node 436:   0 12 14 1 1 1 0 0 0 0 0 0
 Node 437:   0 11 13 1 1 1 0 0 0 0 0 0
 Node 438:   0 10 12 1 1 1 0 0 0 0 0 0
 Node 439:   0 9 11 1 1 1 0 0 0 0 0 0
 Node 440:   0 8 10 0 1 1 0 0 0 0 0 0
 Node 441:   0 7 9 0 1 1 0 0 0 0 0 0
 Node 442:   0 6 8 0 1 1 0 0 0 0 0 0
 Node 443:   0 5 7 0 1 1 0 0 0 0 0 0
 Node 444:   0 4 6 0 1 1 0 0 0 0 0 0
 Node 445:   0 3 5 0 1 1 0 0 0 0 0 0
 Node 446:   0 2 4 0 1 1 0 0 0 1 0 0
 Node 447:   0 2 3 0 1 1 0 0 0 0 0 0
 Node 448:   0 0 0 0 0 0 0 1 0 0 1 1
 Node 449:   1 0 0 0 0 0 0 0 0 0 1 1
 Node 450:   2 0 0 1 0 0 0 0 0 0 1 1
 Node 451:   3 0 0 2 0 0 0 0 0 0 1 1
 Node 452:   4 0 0 3 0 0 0 0 0 0 1 1
 Node 453:   5 0 0 4 0 0 0 0 0 0 1 1
 Node 454:   6 0 0 5 0 0 0 0 0 0 1 1
 Node 455:   7 0 0 6 0 0 0 0 0 0 1 1
 Node 456:   8 0 1 7 0 0 0 0 0 0 1 1
 Node 457:   9 0 1 8 0 0 0 0 0 0 1 1
 Node 458:   10 0 1 9 0 0 0 0 0 0 1 1
 Node 459:   11 0 1 10 0 0 0 0 0 0 1 1
 Node 460:   12 0 1 11 0 0 0 0 0 0 1 1
 Node 461:   13 0 1 12 0 0 0 0 0 0 1 1
 Node 462:   14 0 1 13 0 0 0 0 0 0 1 1
 Node 463:   15 1 0 14 0 0 0 0 0 0 1 1
 Node 464:   16 1 0 14 0 0 0 0 0 0 1 1
 Node 465:   0 1 16 14 1 1 0 0 0 0 0 0
 Node 466:   0 14 15 1 0 0 0 0 0 0 1 1
 Node 467:   0 13 14 1 0 0 0 0 0 0 1 1
 Node 468:   0 12 13 1 0 0 0 0 0 0 1 1
 Node 469:   0 11 12 1 0 0 0 0 0 0 1 1
 Node 470:   0 10 11 1 0 0 0 0 0 0 1 1
 Node 471:   0 9 10 1 0 0 0 0 0 0 1 1
 Node 472:   0 8 9 0 0 0 0 0 0 0 1 1
 Node 473:   0 7 8 0 0 0 0 0 0 0 1 1
 Node 474:   0 6 7 0 0 0 0 0 0 0 1 1
 Node 475:   0 5 6 0 0 0 0 0 0 0 1 1
 Node 476:   0 4 5 0 0 0 0 0 0 0 1 1
 Node 477:   0 3 4 0 0 0 0 0 0 0 1 1
 Node 478:   0 2 3 0 0 0 0 0 0 0 1 1
 Node 479:   0 1 2 0 0 0 0 0 0 1 1 1
 Node 480:   1 0 0 0 1 1 0 0 0 0 0 0
 Node 481:   2 0 0 1 1 1 0 0 0 0 0 0
 Node 482:   3 0 0 2 1 1 0 0 0 0 0 0
 Node 483:   4 0 0 3 1 1 0 0 0 0 0 0
 Node 484:   5 0 0 4 1 1 0 0 0 0 0 0
 Node 485:   6 0 0 5 1 1 0 0 0 0 0 0
 Node 486:   7 0 0 6 1 1 0 0 0 0 0 0
 Node 487:   8 0 0 7 1 1 0 0 0 0 0 0
 Node 488:   9 0 1 8 1 1 0 0 0 0 0 0
 Node 489:   10 0 1 9 1 1 0 0 0 0 0 0
 Node 490:   11 0 1 10 1 1 0 0 0 0 0 0
 Node 491:   12 0 1 11 1 1 0 0 0 0 0 0
 Node 492:   13 0 1 12 1 1 0 0 0 0 0 0
 Node 493:   14 0 1 13 1 1 0 0 0 0 0 0
 Node 494:   15 0 1 14 1 1 0 0 0 0 0 0
 Node 495:   16 0 1 15 1 1 0 0 0 0 0 0
 Node 496:   0 1 16 15 0 0 0 0 0 0 1 1
 Node 497:   0 15 15 1 1 1 0 0 0 0 0 0
 Node 498:   0 14 14 1 1 1 0 0 0 0 0 0
 Node 499:   0 13 13 1 1 1 0 0 0 0 0 0
 Node 500:   0 12 12 1 1 1 0 0 0 0 0 0
 Node 501:   0 11 11 1 1 1 0 0 0 0 0 0
 Node 502:   0 10 10 1 1 1 0 0 0 0 0 0
 Node 503:   0 9 9 1 1 1 0 0 0 0 0 0
 Node 504:   0 8 8 0 1 1 0 0 0 0 0 0
 Node 505:   0 7 7 0 1 1 0 0 0 0 0 0
 Node 506:   0 6 6 0 1 1 0 0 0 0 0 0
 Node 507:   0 5 5 0 1 1 0 0 0 0 0 0
 Node 508:   0 4 4 0 1 1 0 0 0 0 0 0
 Node 509:   0 3 3 0 1 1 0 0 0 0 0 0
 Node 510:   0 2 2 0 1 1 0 0 0 0 0 0
 Node 511:   0 1 1 0 1 1 0 0 0 0 0 0
 Node 512:   1 0 0 1 0 0 0 0 0 0 1 1
 Node 513:   2 0 0 2 0 0 0 0 0 0 1 1
 Node 514:   3 0 0 3 0 0 0 0 0 0 1 1
 Node 515:   4 0 0 4 0 0 0 0 0 0 1 1
 Node 516:   5 0 0 5 0 0 0 0 0 0 1 1
 Node 517:   6 0 0 6 0 0 0 0 0 0 1 1
 Node 518:   7 0 0 7 0 0 0 0 0 0 1 1
 Node 519:   8 0 0 8 0 0 0 0 0 0 1 1
 Node 520:   9 0 1 9 0 0 0 0 0 0 1 1
 Node 521:   10 0 1 10 0 0 0 0 0 0 1 1
 Node 522:   11 0 1 11 0 0 0 0 0 0 1 1
 Node 523:   12 0 1 12 0 0 0 0 0 0 1 1
 Node 524:   13 0 1 13 0 0 0 0 0 0 1 1
 Node 525:   14 0 1 14 0 0 0 0 0 0 1 1
 Node 526:   15 0 1 15 0 0 0 0 0 0 1 1
 Node 527:   1 0 15 16 1 1 0 0 0 0 0 0
 Node 528:   0 16 15 1 0 0 0 0 0 0 1 1
 Node 529:   0 15 14 1 0 0 0 0 0 0 1 1
 Node 530:   0 14 13 1 0 0 0 0 0 0 1 1
 Node 531:   0 13 12 1 0 0 0 0 0 0 1 1
 Node 532:   0 12 11 1 0 0 0 0 0 0 1 1
 Node 533:   0 11 10 1 0 0 0 0 0 0 1 1
 Node 534:   0 10 9 1 0 0 0 0 0 0 1 1
 Node 535:   0 9 8 1 0 0 0 0 0 0 1 1
 Node 536:   0 8 7 0 0 0 0 0 0 0 1 1
 Node 537:   0 7 6 0 0 0 0 0 0 0 1 1
 Node 538:   0 6 5 0 0 0 0 0 0 0 1 1
 Node 539:   0 5 4 0 0 0 0 0 0 0 1 1
 Node 540:   0 4 3 0 0 0 0 0 0 0 1 1
 Node 541:   0 3 2 0 0 0 0 0 0 0 1 1
 Node 542:   0 2 1 0 0 0 0 0 0 0 1 1
 Node 543:   0 1 0 0 0 0 0 0 0 0 1 1
 Node 544:   1 0 0 2 1 1 0 0 1 0 0 0
 Node 545:   2 0 0 3 1 1 0 0 0 0 0 0
 Node 546:   3 0 0 4 1 1 0 0 0 0 0 0
 Node 547:   4 0 0 5 1 1 0 0 0 0 0 0
 Node 548:   5 0 0 6 1 1 0 0 0 0 0 0
 Node 549:   6 0 0 7 1 1 0 0 0 0 0 0
 Node 550:   7 0 0 8 1 1 0 0 0 0 0 0
 Node 551:   8 0 0 9 1 1 0 0 0 0 0 0
 Node 552:   9 0 1 10 1 1 0 0 0 0 0 0
 Node 553:   10 0 1 11 1 1 0 0 0 0 0 0
 Node 554:   11 0 1 12 1 1 0 0 0 0 0 0
 Node 555:   12 0 1 13 1 1 0 0 0 0 0 0
 Node 556:   13 0 1 14 1 1 0 0 0 0 0 0
 Node 557:   14 0 1 15 1 1 0 0 0 0 0 0
 Node 558:   1 0 14 16 0 0 0 0 0 0 1 1
 Node 559:   1 16 14 0 1 1 0 0 0 0 0 0
 Node 560:   1 15 14 0 1 1 0 0 0 0 0 0
 Node 561:   0 14 13 1 1 1 0 0 0 0 0 0
 Node 562:   0 13 12 1 1 1 0 0 0 0 0 0
 Node 563:   0 12 11 1 1 1 0 0 0 0 0 0
 Node 564:   0 11 10 1 1 1 0 0 0 0 0 0
 Node 565:   0 10 9 1 1 1 0 0 0 0 0 0
 Node 566:   0 9 8 1 1 1 0 0 0 0 0 0
 Node 567:   0 8 7 1 1 1 0 0 0 0 0 0
 Node 568:   0 7 6 0 1 1 0 0 0 0 0 0
 Node 569:   0 6 5 0 1 1 0 0 0 0 0 0
 Node 570:   0 5 4 0 1 1 0 0 0 0 0 0
 Node 571:   0 4 3 0 1 1 0 0 0 0 0 0
 Node 572:   0 3 2 0 1 1 0 0 0 0 0 0
 Node 573:   0 2 1 0 1 1 0 0 0 0 0 0
 Node 574:   0 1 0 0 1 1 0 0 0 0 0 0
 Node 575:   0 0 0 0 1 1 1 0 0 0 0 0
 Node 576:   2 0 0 3 0 0 0 0 0 0 1 1
 Node 577:   2 0 0 4 0 0 0 0 1 0 1 1
 Node 578:   3 0 0 5 0 0 0 0 0 0 1 1
 Node 579:   4 0 0 6 0 0 0 0 0 0 1 1
 Node 580:   5 0 0 7 0 0 0 0 0 0 1 1
 Node 581:   6 0 0 8 0 0 0 0 0 0 1 1
 Node 582:   7 0 0 9 0 0 0 0 0 0 1 1
 Node 583:   8 0 0 10 0 0 0 0 0 0 1 1
 Node 584:   9 0 1 11 0 0 0 0 0 0 1 1
 Node 585:   10 0 1 12 0 0 0 0 0 0 1 1
 Node 586:   11 0 1 13 0 0 0 0 0 0 1 1
 Node 587:   12 0 1 14 0 0 0 0 0 0 1 1
 Node 588:   13 0 1 15 0 0 0 0 0 0 1 1
 Node 589:   1 0 13 16 1 1 0 0 0 0 0 0
 Node 590:   1 16 13 1 0 0 0 0 0 0 1 1
 Node 591:   1 15 13 0 0 0 0 0 0 0 1 1
 Node 592:   1 14 13 0 0 0 0 0 0 0 1 1
 Node 593:   1 13 12 1 0 0 0 0 0 0 1 1
 Node 594:   0 12 11 1 0 0 0 0 0 0 1 1
 Node 595:   0 11 10 1 0 0 0 0 0 0 1 1
 Node 596:   0 10 9 1 0 0 0 0 0 0 1 1
 Node 597:   0 9 8 1 0 0 0 0 0 0 1 1
 Node 598:   0 8 7 1 0 0 0 0 0 0 1 1
 Node 599:   0 7 6 1 0 0 0 0 0 0 1 1
 Node 600:   0 6 5 0 0 0 0 0 0 0 1 1
 Node 601:   0 5 4 0 0 0 0 0 0 0 1 1
 Node 602:   0 4 3 0 0 0 0 0 0 0 1 1
 Node 603:   0 3 2 0 0 0 0 0 0 0 1 1
 Node 604:   0 2 1 0 0 0 0 0 0 0 1 1
 Node 605:   0 1 0 0 0 0 0 0 0 0 1 1
 Node 606:   0 0 0 0 0 0 1 0 0 0 1 1
 Node 607:   0 0 0 0 0 0 1 0 1 0 1 1
 Node 608:   2 0 0 4 1 1 0 0 1 0 0 0
 Node 609:   3 0 0 5 1 1 0 0 1 0 0 0
 Node 610:   3 0 0 6 1 1 0 0 1 0 0 0
 Node 611:   4 0 0 7 1 1 0 0 0 0 0 0
 Node 612:   5 0 0 8 1 1 0 0 0 0 0 0
 Node 613:   6 0 0 9 1 1 0 0 0 0 0 0
 Node 614:   7 0 0 10 1 1 0 0 0 0 0 0
 Node 615:   8 0 0 11 1 1 0 0 0 0 0 0
 Node 616:   9 0 1 12 1 1 0 0 0 0 0 0
 Node 617:   10 0 1 13 1 1 0 0 0 0 0 0
 Node 618:   11 0 1 14 1 1 0 0 0 0 0 0
 Node 619:   12 0 1 15 1 1 0 0 0 0 0 0
 Node 620:   1 0 12 16 0 0 0 0 0 0 1 1
 Node 621:   1 16 12 0 1 1 0 0 0 0 0 0
 Node 622:   1 15 12 1 1 1 0 0 0 0 0 0
 Node 623:   1 14 12 0 1 1 0 0 0 0 0 0
 Node 624:   1 13 12 0 1 1 0 0 0 0 0 0
 Node 625:   1 12 11 1 1 1 0 0 0 0 0 0
 Node 626:   1 11 10 0 1 1 0 0 0 0 0 0
 Node 627:   0 10 9 2 1 1 0 0 0 0 0 0
 Node 628:   0 9 8 1 1 1 0 0 0 0 0 0
 Node 629:   0 8 7 1 1 1 0 0 0 0 0 0
 Node 630:   0 7 6 1 1 1 0 0 0 0 0 0
 Node 631:   0 6 5 1 1 1 0 0 0 0 0 0
 Node 632:   0 5 4 0 1 1 0 0 0 0 0 0
 Node 633:   0 4 3 0 1 1 0 0 0 0 0 0
 Node 634:   0 3 2 0 1 1 0 0 0 0 0 0
 Node 635:   0 2 1 0 1 1 0 0 0 0 0 0
 Node 636:   0 1 0 0 1 1 0 0 0 0 0 0
 Node 637:   0 0 0 0 1 1 1 0 0 0 0 0
 Node 638:   0 0 0 0 1 1 1 0 1 0 0 0
 Node 639:   0 0 0 0 1 1 2 0 0 0 0 0
 Node 640:   3 0 0 5 0 0 0 0 1 0 1 1
 Node 641:   3 0 0 6 0 0 0 0 1 0 1 1
 Node 642:   4 0 0 7 0 0 0 0 1 0 1 1
 Node 643:   4 0 0 8 0 0 0 0 1 0 1 1
 Node 644:   5 0 0 9 0 0 0 0 0 0 1 1
 Node 645:   6 0 0 10 0 0 0 0 0 0 1 1
 Node 646:   7 0 0 11 0 0 0 0 0 0 1 1
 Node 647:   8 0 0 12 0 0 0 0 0 0 1 1
 Node 648:   9 0 1 13 0 0 0 0 0 0 1 1
 Node 649:   10 0 1 14 0 0 0 0 0 0 1 1
 Node 650:   11 0 1 15 0 0 0 0 0 0 1 1
 Node 651:   1 0 11 16 1 1 0 0 0 0 0 0
 Node 652:   1 16 11 0 0 0 0 0 0 0 1 1
 Node 653:   1 15 11 0 0 0 0 0 0 0 1 1
 Node 654:   1 14 11 1 0 0 0 0 0 0 1 1
 Node 655:   1 13 11 0 0 0 0 0 0 0 1 1
 Node 656:   1 12 11 0 0 0 0 0 0 0 1 1
 Node 657:   1 11 10 1 0 0 0 0 0 0 1 1
 Node 658:   1 10 9 1 0 0 0 0 0 0 1 1
 Node 659:   1 9 8 1 0 0 0 0 0 0 1 1
 Node 660:   0 8 7 1 0 0 0 0 0 0 1 1
 Node 661:   0 7 6 2 0 0 0 0 0 0 1 1
 Node 662:   0 6 5 1 0 0 0 0 0 0 1 1
 Node 663:   0 5 4 1 0 0 0 0 0 0 1 1
 Node 664:   0 4 3 0 0 0 0 0 0 0 1 1
 Node 665:   0 3 2 0 0 0 0 0 0 0 1 1
 Node 666:   0 2 1 0 0 0 0 0 0 0 1 1
 Node 667:   0 1 0 0 0 0 0 0 0 0 1 1
 Node 668:   0 0 0 0 0 0 1 0 0 0 1 1
 Node 669:   0 0 0 0 0 0 1 0 1 0 1 1
 Node 670:   0 0 0 0 0 0 2 0 0 0 1 1
 Node 671:   0 0 0 0 0 0 2 0 1 0 1 1
 Node 672:   3 0 0 6 1 1 0 0 1 0 0 0
 Node 673:   4 0 0 7 1 1 0 0 1 0 0 0
 Node 674:   4 0 0 8 1 1 0 0 2 0 0 0
 Node 675:   5 0 0 9 1 1 0 0 1 0 0 0
 Node 676:   5 0 0 10 1 1 0 0 1 0 0 0
 Node 677:   6 0 0 11 1 1 0 0 0 0 0 0
 Node 678:   7 0 0 12 1 1 0 0 0 0 0 0
 Node 679:   8 0 0 13 1 1 0 0 0 0 0 0
 Node 680:   9 0 1 14 1 1 0 0 0 0 0 0
 Node 681:   10 0 1 15 1 1 0 0 0 0 0 0
 Node 682:   1 0 10 16 0 0 0 0 0 0 1 1
 Node 683:   1 16 10 1 1 1 0 0 0 0 0 0
 Node 684:   1 15 10 0 1 1 0 0 0 0 0 0
 Node 685:   1 14 10 0 1 1 0 0 0 0 0 0
 Node 686:   1 13 10 1 1 1 0 0 0 0 0 0
 Node 687:   1 12 10 0 1 1 0 0 0 0 0 0
 Node 688:   1 11 10 0 1 1 0 0 0 0 0 0
 Node 689:   1 10 9 1 1 1 0 0 0 0 0 0
 Node 690:   1 9 8 1 1 1 0 0 0 0 0 0
 Node 691:   1 8 7 1 1 1 0 0 0 0 0 0
 Node 692:   1 7 6 1 1 1 0 0 0 0 0 0
 Node 693:   0 6 5 2 1 1 0 0 0 0 0 0
 Node 694:   0 5 4 1 1 1 0 0 0 0 0 0
 Node 695:   0 4 3 2 1 1 0 0 0 0 0 0
 Node 696:   0 3 2 0 1 1 0 0 0 0 0 0
 Node 697:   0 2 1 0 1 1 0 0 0 0 0 0
 Node 698:   0 1 0 0 1 1 0 0 0 0 0 0
 Node 699:   0 0 0 0 1 1 1 0 0 0 0 0
 Node 700:   0 0 0 0 1 1 1 0 1 0 0 0
 Node 701:   0 0 0 0 1 1 2 0 0 0 0 0
 Node 702:   0 0 0 0 1 1 2 0 1 0 0 0
 Node 703:   0 0 0 0 1 1 3 0 1 0 0 0
 Node 704:   4 0 0 7 0 0 0 0 1 0 1 1
 Node 705:   4 0 0 8 0 0 0 0 2 0 1 1
 Node 706:   5 0 0 9 0 0 0 0 1 0 1 1
 Node 707:   5 0 0 10 0 0 0 0 2 0 1 1
 Node 708:   6 0 0 11 0 0 0 0 1 0 1 1
 Node 709:   6 0 0 12 0 0 0 0 1 0 1 1
 Node 710:   7 0 0 13 0 0 0 0 0 0 1 1
 Node 711:   8 0 0 14 0 0 0 0 0 0 1 1
 Node 712:   9 0 1 15 0 0 0 0 0 0 1 1
 Node 713:   1 0 9 16 1 1 0 0 0 0 0 0
 Node 714:   1 16 9 0 0 0 0 0 0 0 1 1
 Node 715:   1 15 9 1 0 0 0 0 0 0 1 1
 Node 716:   1 14 9 0 0 0 0 0 0 0 1 1
 Node 717:   1 13 9 0 0 0 0 0 0 0 1 1
 Node 718:   1 12 9 1 0 0 0 0 0 0 1 1
 Node 719:   1 11 9 0 0 0 0 0 0 0 1 1
 Node 720:   1 10 9 0 0 0 0 0 0 0 1 1
 Node 721:   1 9 8 1 0 0 0 0 0 0 1 1
 Node 722:   1 8 7 1 0 0 0 0 0 0 1 1
 Node 723:   1 7 6 2 0 0 0 0 0 0 1 1
 Node 724:   1 6 5 1 0 0 0 0 0 0 1 1
 Node 725:   1 5 4 1 0 0 0 0 0 0 1 1
 Node 726:   0 4 3 2 0 0 0 0 0 0 1 1
 Node 727:   0 3 2 2 0 0 0 0 0 0 1 1
 Node 728:   0 2 1 0 0 0 0 0 0 0 1 1
 Node 729:   0 1 0 1 0 0 0 0 0 0 1 1
 Node 730:   0 0 0 0 0 0 1 0 0 0 1 1
 Node 731:   0 0 0 0 0 0 1 0 1 0 1 1
 Node 732:   0 0 0 0 0 0 2 0 0 0 1 1
 Node 733:   0 0 0 0 0 0 2 0 1 0 1 1
 Node 734:   0 0 0 0 0 0 3 0 1 0 1 1
 Node 735:   0 0 0 0 0 0 3 0 1 0 1 1
 Node 736:   4 0 0 8 1 1 0 0 2 0 0 0
 Node 737:   5 0 0 9 1 1 0 0 1 0 0 0
 Node 738:   5 0 0 10 1 1 0 0 2 0 0 0
 Node 739:   6 0 0 11 1 1 0 0 2 0 0 0
 Node 740:   6 0 0 12 1 1 0 0 2 0 0 0
 Node 741:   7 0 0 13 1 1 0 0 1 0 0 0
 Node 742:   7 0 0 14 1 1 0 0 1 0 0 0
 Node 743:   8 0 0 15 1 1 0 0 0 0 0 0
 Node 744:   1 0 8 16 0 0 0 0 0 0 1 1
 Node 745:   1 16 8 0 1 1 0 0 0 0 0 0
 Node 746:   1 15 8 0 1 1 0 0 0 0 0 0
 Node 747:   1 14 8 1 1 1 0 0 0 0 0 0
 Node 748:   1 13 8 0 1 1 0 0 0 0 0 0
 Node 749:   1 12 8 0 1 1 0 0 0 0 0 0
 Node 750:   1 11 8 1 1 1 0 0 0 0 0 0
 Node 751:   1 10 8 0 1 1 0 0 0 0 0 0
 Node 752:   1 9 8 0 1 1 0 0 0 0 0 0
 Node 753:   1 8 7 1 1 1 0 0 0 0 0 0
 Node 754:   1 7 6 1 1 1 0 0 0 0 0 0
 Node 755:   1 6 5 2 1 1 0 0 0 0 0 0
 Node 756:   1 5 4 1 1 1 0 0 0 0 0 0
 Node 757:   1 4 3 2 1 1 0 0 0 0 0 0
 Node 758:   1 3 2 1 1 1 0 0 0 0 0 0
 Node 759:   0 2 1 2 1 1 0 0 0 0 0 0
 Node 760:   0 1 0 1 1 1 0 0 0 0 0 0
 Node 761:   0 0 0 1 1 1 1 0 0 0 0 0
 Node 762:   0 0 0 0 1 1 1 0 1 0 0 0
 Node 763:   0 0 0 1 1 1 2 0 0 0 0 0
 Node 764:   0 0 0 0 1 1 2 0 1 0 0 0
 Node 765:   0 0 0 0 1 1 3 0 1 0 0 0
 Node 766:   0 0 0 0 1 1 3 0 1 0 0 0
 Node 767:   0 0 0 0 1 1 4 0 1 0 0 0
 Node 768:   5 0 0 9 0 0 0 0 1 0 1 1
 Node 769:   5 0 0 10 0 0 0 0 2 0 1 1
 Node 770:   6 0 0 11 0 0 0 0 2 0 1 1
 Node 771:   6 0 0 12 0 0 0 0 2 0 1 1
 Node 772:   7 0 0 13 0 0 0 0 2 0 1 1
 Node 773:   7 0 0 14 0 0 0 0 2 0 1 1
 Node 774:   8 0 0 15 0 0 0 0 2 0 1 1
 Node 775:   0 0 7 16 1 1 0 1 1 0 0 0
 Node 776:   0 16 7 1 0 0 0 0 0 0 1 1
 Node 777:   0 15 7 0 0 0 0 0 0 0 1 1
 Node 778:   0 14 7 0 0 0 0 0 0 0 1 1
 Node 779:   0 13 7 1 0 0 0 0 0 0 1 1
 Node 780:   0 12 7 0 0 0 0 0 0 0 1 1
 Node 781:   0 11 7 0 0 0 0 0 0 0 1 1
 Node 782:   0 10 7 1 0 0 0 0 0 0 1 1
 Node 783:   0 9 7 0 0 0 0 0 0 0 1 1
 Node 784:   0 8 7 0 0 0 0 0 0 0 1 1
 Node 785:   0 7 6 1 0 0 0 0 0 0 1 1
 Node 786:   0 6 5 1 0 0 0 0 0 0 1 1
 Node 787:   0 5 4 2 0 0 0 0 0 0 1 1
 Node 788:   0 4 3 2 0 0 0 0 0 0 1 1
 Node 789:   0 3 2 2 0 0 0 0 0 0 1 1
 Node 790:   0 2 1 1 0 0 0 0 0 0 1 1
 Node 791:   0 1 0 2 0 0 0 0 0 0 1 1
 Node 792:   0 0 0 1 0 0 1 0 0 0 1 1
 Node 793:   0 0 0 1 0 0 1 0 1 0 1 1
 Node 794:   0 0 0 1 0 0 2 0 0 0 1 1
 Node 795:   0 0 0 1 0 0 2 0 1 0 1 1
 Node 796:   0 0 0 0 0 0 3 0 1 0 1 1
 Node 797:   0 0 0 1 0 0 3 0 1 0 1 1
 Node 798:   0 0 0 0 0 0 4 0 1 0 1 1
 Node 799:   0 0 0 0 0 0 4 0 2 0 1 1
 Node 800:   5 0 0 10 1 1 0 0 2 0 0 0
 Node 801:   6 0 0 11 1 1 0 0 2 0 0 0
 Node 802:   6 0 0 12 1 1 0 0 2 0 0 0
 Node 803:   7 0 0 13 1 1 0 0 3 0 0 0
 Node 804:   7 0 0 14 1 1 0 1 3 0 0 0
 Node 805:   8 0 0 15 1 1 0 1 2 0 0 0
 Node 806:   1 0 6 16 0 0 0 1 2 0 1 1
 Node 807:   1 16 6 0 1 1 0 0 1 0 0 0
 Node 808:   0 15 6 1 1 1 0 0 1 0 0 0
 Node 809:   0 14 6 0 1 1 0 0 0 0 0 0
 Node 810:   0 13 6 0 1 1 0 0 0 0 0 0
 Node 811:   0 12 6 1 1 1 0 0 0 0 0 0
 Node 812:   0 11 6 0 1 1 0 0 0 0 0 0
 Node 813:   0 10 6 0 1 1 0 0 0 0 0 0
 Node 814:   0 9 6 1 1 1 0 0 0 0 0 0
 Node 815:   0 8 6 0 1 1 0 0 0 0 0 0
 Node 816:   0 7 6 0 1 1 0 0 0 0 0 0
 Node 817:   0 6 5 1 1 1 0 0 0 0 0 0
 Node 818:   0 5 4 1 1 1 0 0 0 0 0 0
 Node 819:   0 4 3 2 1 1 0 0 0 0 0 0
 Node 820:   0 3 2 2 1 1 0 0 0 0 0 0
 Node 821:   0 2 1 2 1 1 0 0 0 0 0 0
 Node 822:   0 1 0 2 1 1 0 0 0 0 0 0
 Node 823:   0 0 0 2 1 1 1 0 0 0 0 0
 Node 824:   0 0 0 1 1 1 1 0 1 0 0 0
 Node 825:   0 0 0 2 1 1 2 0 0 0 0 0
 Node 826:   0 0 0 1 1 1 2 0 1 0 0 0
 Node 827:   0 0 0 1 1 1 3 0 1 0 0 0
 Node 828:   0 0 0 1 1 1 3 0 1 0 0 0
 Node 829:   0 0 0 1 1 1 4 0 1 0 0 0
 Node 830:   0 0 0 0 1 1 4 0 2 0 0 0
 Node 831:   0 0 0 1 1 1 5 0 1 0 0 0
 Node 832:   6 0 0 11 0 0 0 0 3 0 1 1
 Node 833:   6 0 0 13 0 0 0 1 2 0 1 1
 Node 834:   7 0 0 13 0 0 0 1 2 0 1 1
 Node 835:   7 0 0 14 0 0 0 1 4 0 1 1
 Node 836:   8 0 0 15 0 0 0 1 2 0 1 1
 Node 837:   2 0 5 16 1 1 0 1 3 0 0 0
 Node 838:   2 16 5 0 0 0 0 0 2 0 1 1
 Node 839:   1 15 5 0 0 0 0 0 2 0 1 1
 Node 840:   1 14 5 1 0 0 0 0 1 0 1 1
 Node 841:   0 13 5 0 0 0 0 0 1 0 1 1
 Node 842:   0 12 5 0 0 0 0 0 0 0 1 1
 Node 843:   0 11 5 1 0 0 0 0 0 0 1 1
 Node 844:   0 10 5 0 0 0 0 0 0 0 1 1
 Node 845:   0 9 5 0 0 0 0 0 0 0 1 1
 Node 846:   0 8 5 1 0 0 0 0 0 0 1 1
 Node 847:   0 7 5 0 0 0 0 0 0 0 1 1
 Node 848:   0 6 5 0 0 0 0 0 0 0 1 1
 Node 849:   0 5 4 1 0 0 0 0 0 0 1 1
 Node 850:   0 4 3 1 0 0 0 0 0 0 1 1
 Node 851:   0 3 2 2 0 0 0 0 0 0 1 1
 Node 852:   0 2 1 2 0 0 0 0 0 0 1 1
 Node 853:   0 1 0 3 0 0 0 0 0 0 1 1
 Node 854:   0 0 0 2 0 0 1 0 0 0 1 1
 Node 855:   0 0 0 2 0 0 1 0 1 0 1 1
 Node 856:   0 0 0 2 0 0 2 0 0 0 1 1
 Node 857:   0 0 0 2 0 0 2 0 1 0 1 1
 Node 858:   0 0 0 1 0 0 3 0 1 0 1 1
 Node 859:   0 0 0 2 0 0 3 0 1 0 1 1
 Node 860:   0 0 0 1 0 0 4 0 1 0 1 1
 Node 861:   0 0 0 1 0 0 4 0 2 0 1 1
 Node 862:   0 0 0 1 0 0 5 0 1 0 1 1
 Node 863:   0 0 0 1 0 0 5 0 2 0 1 1
 Node 864:   6 0 0 13 1 1 0 1 3 0 0 0
 Node 865:   7 0 0 14 1 1 0 1 2 0 0 0
 Node 866:   7 0 0 14 1 1 0 1 3 0 0 0
 Node 867:   8 0 0 16 1 1 0 1 3 0 0 0
 Node 868:   3 0 4 16 0 0 0 1 3 0 1 1
 Node 869:   3 16 4 1 1 1 0 0 3 0 0 0
 Node 870:   2 15 4 0 1 1 0 0 3 0 0 0
 Node 871:   2 14 4 0 1 1 0 0 2 0 0 0
 Node 872:   1 13 4 1 1 1 0 0 2 0 0 0
 Node 873:   1 12 4 0 1 1 0 0 1 0 0 0
 Node 874:   0 11 4 0 1 1 0 0 1 0 0 0
 Node 875:   0 10 4 1 1 1 0 0 0 0 0 0
 Node 876:   0 9 4 0 1 1 0 0 0 0 0 0
 Node 877:   0 8 4 0 1 1 0 0 0 0 0 0
 Node 878:   0 7 4 1 1 1 0 0 0 0 0 0
 Node 879:   0 6 4 0 1 1 0 0 0 0 0 0
 Node 880:   0 5 4 0 1 1 0 0 0 0 0 0
 Node 881:   0 4 3 1 1 1 0 0 0 0 0 0
 Node 882:   0 3 2 1 1 1 0 0 0 0 0 0
 Node 883:   0 2 1 2 1 1 0 0 0 0 0 0
 Node 884:   0 1 0 2 1 1 0 0 0 0 0 0
 Node 885:   0 0 0 3 1 1 1 0 0 0 0 0
 Node 886:   0 0 0 2 1 1 1 0 1 0 0 0
 Node 887:   0 0 0 3 1 1 2 0 0 0 0 0
 Node 888:   0 0 0 2 1 1 2 0 1 0 0 0
 Node 889:   0 0 0 2 1 1 3 0 1 0 0 0
 Node 890:   0 0 0 2 1 1 3 0 1 0 0 0
 Node 891:   0 0 0 2 1 1 4 0 1 0 0 0
 Node 892:   0 0 0 1 1 1 4 0 2 0 0 0
 Node 893:   0 0 0 2 1 1 5 0 2 0 0 0
 Node 894:   0 1 0 1 1 1 5 0 2 0 0 0
 Node 895:   0 1 0 1 1 1 6 0 2 0 0 0
 Node 896:   7 0 0 14 0 0 0 1 3 0 1 1
 Node 897:   7 0 0 15 0 0 0 1 3 0 1 1
 Node 898:   8 0 0 16 0 0 0 1 2 0 1 1
 Node 899:   4 0 3 17 1 1 0 1 3 0 0 0
 Node 900:   4 16 3 0 0 0 0 0 3 0 1 1
 Node 901:   3 15 3 2 0 0 0 0 3 0 1 1
 Node 902:   3 14 3 0 0 0 0 0 3 0 1 1
 Node 903:   2 13 3 0 0 0 0 0 3 0 1 1
 Node 904:   2 12 3 1 0 0 0 0 2 0 1 1
 Node 905:   1 11 3 0 0 0 0 0 2 0 1 1
 Node 906:   1 10 3 0 0 0 0 0 1 0 1 1
 Node 907:   0 9 3 1 0 0 0 0 1 0 1 1
 Node 908:   0 8 3 0 0 0 0 0 0 0 1 1
 Node 909:   0 7 3 0 0 0 0 0 0 0 1 1
 Node 910:   0 6 3 1 0 0 0 0 0 0 1 1
 Node 911:   0 5 3 0 0 0 0 0 0 0 1 1
 Node 912:   0 4 3 0 0 0 0 0 0 0 1 1
 Node 913:   0 3 2 1 0 0 0 0 0 0 1 1
 Node 914:   0 2 1 1 0 0 0 0 0 0 1 1
 Node 915:   0 1 0 2 0 0 0 0 0 0 1 1
 Node 916:   0 0 0 2 0 0 1 0 0 0 1 1
 Node 917:   0 0 0 3 0 0 1 0 1 0 1 1
 Node 918:   0 0 0 3 0 0 2 0 0 0 1 1
 Node 919:   0 0 0 3 0 0 2 0 1 0 1 1
 Node 920:   0 0 0 2 0 0 3 0 1 0 1 1
 Node 921:   0 0 0 3 0 0 3 0 1 0 1 1
 Node 922:   0 0 0 2 0 0 4 0 2 0 1 1
 Node 923:   0 1 0 2 0 0 4 0 2 0 1 1
 Node 924:   0 1 0 2 0 0 5 0 1 0 1 1
 Node 925:   0 1 0 2 0 0 5 0 3 0 1 1
 Node 926:   0 1 0 1 0 0 6 0 2 0 1 1
 Node 927:   0 1 0 2 0 0 6 0 2 0 1 1
 Node 928:   7 0 0 15 1 1 0 1 4 0 0 0
 Node 929:   8 0 0 17 1 1 0 1 2 0 0 0
 Node 930:   5 0 2 17 0 0 0 1 3 0 1 1
 Node 931:   5 16 2 1 1 1 0 0 3 0 0 0
 Node 932:   4 15 2 1 1 1 0 0 3 0 0 0
 Node 933:   4 14 2 2 1 1 0 0 3 0 0 0
 Node 934:   3 13 2 0 1 1 0 0 4 0 0 0
 Node 935:   3 12 2 1 1 1 0 0 3 0 0 0
 Node 936:   2 11 2 1 1 1 0 0 3 0 0 0
 Node 937:   2 10 2 0 1 1 0 0 2 0 0 0
 Node 938:   1 9 2 0 1 1 0 0 2 0 0 0
 Node 939:   1 8 2 1 1 1 0 0 1 0 0 0
 Node 940:   0 7 2 0 1 1 0 0 1 0 0 0
 Node 941:   0 6 2 0 1 1 0 0 0 0 0 0
 Node 942:   0 5 2 1 1 1 0 0 0 0 0 0
 Node 943:   0 4 2 0 1 1 0 0 0 0 0 0
 Node 944:   0 3 2 0 1 1 0 0 0 0 0 0
 Node 945:   0 2 1 1 1 1 0 0 0 0 0 0
 Node 946:   0 1 0 1 1 1 0 0 0 0 0 0
 Node 947:   0 0 0 2 1 1 1 0 0 0 0 0
 Node 948:   0 0 0 2 1 1 1 0 1 0 0 0
 Node 949:   0 0 0 3 1 1 2 0 0 0 0 0
 Node 950:   0 0 0 3 1 1 2 0 1 0 0 0
 Node 951:   0 0 0 3 1 1 3 0 2 0 0 0
 Node 952:   0 1 0 3 1 1 3 0 1 0 0 0
 Node 953:   0 1 0 3 1 1 4 0 1 0 0 0
 Node 954:   0 1 0 2 1 1 4 0 3 0 0 0
 Node 955:   0 1 0 3 1 1 5 0 1 0 0 0
 Node 956:   0 1 0 2 1 1 5 0 2 0 0 0
 Node 957:   0 1 0 2 1 1 6 0 3 0 0 0
 Node 958:   0 1 0 2 1 1 6 0 2 0 0 0
 Node 959:   0 1 0 2 1 1 7 0 2 0 0 0
 Node 960:   8 0 0 17 0 0 0 1 3 0 1 1
 Node 961:   6 0 1 18 1 1 0 1 3 0 0 0
 Node 962:   6 16 1 2 0 0 0 0 3 0 1 1
 Node 963:   5 15 1 2 0 0 0 0 3 0 1 1
 Node 964:   5 14 1 1 0 0 0 0 3 0 1 1
 Node 965:   4 13 1 2 0 0 0 0 4 0 1 1
 Node 966:   4 12 1 1 0 0 0 0 3 0 1 1
 Node 967:   3 11 1 1 0 0 0 0 4 0 1 1
 Node 968:   3 10 1 1 0 0 0 0 3 0 1 1
 Node 969:   2 9 1 1 0 0 0 0 3 0 1 1
 Node 970:   2 8 1 0 0 0 0 0 2 0 1 1
 Node 971:   1 7 1 1 0 0 0 0 2 0 1 1
 Node 972:   1 6 1 0 0 0 0 0 1 0 1 1
 Node 973:   0 5 1 0 0 0 0 0 1 0 1 1
 Node 974:   0 4 1 1 0 0 0 0 0 0 1 1
 Node 975:   0 3 1 0 0 0 0 0 0 0 1 1
 Node 976:   0 2 1 0 0 0 0 0 0 0 1 1
 Node 977:   0 1 0 1 0 0 0 0 0 0 1 1
 Node 978:   0 0 0 1 0 0 1 0 0 0 1 1
 Node 979:   0 0 0 2 0 0 1 0 1 0 1 1
 Node 980:   0 0 0 2 0 0 2 0 1 0 1 1
 Node 981:   0 1 0 3 0 0 2 0 1 0 1 1
 Node 982:   0 1 0 3 0 0 3 0 1 0 1 1
 Node 983:   0 1 0 4 0 0 3 0 2 0 1 1
 Node 984:   0 1 0 3 0 0 4 0 1 0 1 1
 Node 985:   0 1 0 3 0 0 4 0 2 0 1 1
 Node 986:   0 1 0 3 0 0 5 0 2 0 1 1
 Node 987:   0 1 0 3 0 0 5 0 2 0 1 1
 Node 988:   0 1 0 2 0 0 6 0 2 0 1 1
 Node 989:   0 1 0 3 0 0 6 0 3 0 1 1
 Node 990:   0 1 0 2 0 0 7 0 2 0 1 1
 Node 991:   0 1 0 2 0 0 7 0 3 0 1 1
 Node 992:   7 0 0 18 0 0 0 1 3 0 1 1
 Node 993:   7 16 0 2 1 1 0 0 3 0 0 0
 Node 994:   6 15 0 3 1 1 0 0 3 0 0 0
 Node 995:   6 14 0 2 1 1 0 0 3 0 0 0
 Node 996:   5 13 0 1 1 1 0 0 4 0 0 0
 Node 997:   5 12 0 3 1 1 0 0 3 0 0 0
 Node 998:   4 11 0 1 1 1 0 0 4 0 0 0
 Node 999:   4 10 0 1 1 1 0 0 4 0 0 0
 Node 1000:   3 9 0 2 1 1 0 0 4 0 0 0
 Node 1001:   3 8 0 1 1 1 0 0 3 0 0 0
 Node 1002:   2 7 0 0 1 1 0 0 3 0 0 0
 Node 1003:   2 6 0 2 1 1 0 0 2 0 0 0
 Node 1004:   1 5 0 0 1 1 0 0 2 0 0 0
 Node 1005:   1 4 0 0 1 1 0 0 1 0 0 0
 Node 1006:   0 3 0 1 1 1 0 0 1 0 0 0
 Node 1007:   0 2 0 0 1 1 0 0 0 0 0 0
 Node 1008:   0 1 0 0 1 1 0 0 0 0 0 0
 Node 1009:   0 0 0 1 1 1 1 0 1 0 0 0
 Node 1010:   0 1 0 1 1 1 1 0 1 0 0 0
 Node 1011:   0 1 0 2 1 1 2 0 0 0 0 0
 Node 1012:   0 1 0 2 1 1 2 0 2 0 0 0
 Node 1013:   0 1 0 3 1 1 3 0 1 0 0 0
 Node 1014:   0 1 0 3 1 1 3 0 1 0 0 0
 Node 1015:   0 1 0 4 1 1 4 0 2 0 0 0
 Node 1016:   0 1 0 3 1 1 4 0 2 0 0 0
 Node 1017:   0 1 0 4 1 1 5 0 1 0 0 0
 Node 1018:   0 1 0 3 1 1 5 0 3 0 0 0
 Node 1019:   0 1 0 3 1 1 6 0 2 0 0 0
 Node 1020:   0 1 0 3 1 1 6 0 2 0 0 0
 Node 1021:   0 1 0 3 1 1 7 0 3 0 0 0
 Node 1022:   0 1 0 2 1 1 7 0 3 0 0 0
 Node 1023:   0 1 0 3 1 1 8 0 2 0 0 0

(Maximum) Crossing Paths: 18
The number of paths on this application : 1024 (all-to-all cases: 1047552)
The average hops : 15.312500
ID size(without ID modification)18
(Maximum) number of slots: 18
