ID Allocation Policy is 0(low port first) / 1(Crossing Paths based method): 1
Address method is 0(destination_based) / 1(path_based): 1
 dst_based renewable label = 31
 path_based renewable label = 31


 (east, west, south, north, from host0,... east(vch2), south(vch2), west(vch2), north(vch2), from host(vch2)0,.. to host(vch2)0,..
 Node  0:   1 0 1 0 1 1
 Node  1:   2 1 0 0 1 1
 Node  2:   3 1 0 0 1 1
 Node  3:   4 1 0 0 1 1
 Node  4:   5 1 0 0 1 1
 Node  5:   6 1 0 0 1 1
 Node  6:   7 1 0 0 1 1
 Node  7:   8 1 0 0 1 1
 Node  8:   9 1 0 0 1 1
 Node  9:   10 1 0 0 1 1
 Node 10:   11 1 0 0 1 1
 Node 11:   12 1 0 0 1 1
 Node 12:   13 1 0 0 1 1
 Node 13:   14 1 0 0 1 1
 Node 14:   15 1 0 0 1 1
 Node 15:   16 1 0 0 1 1
 Node 16:   17 1 0 0 1 1
 Node 17:   18 1 0 0 1 1
 Node 18:   19 1 0 0 1 1
 Node 19:   20 1 0 0 1 1
 Node 20:   21 1 0 0 1 1
 Node 21:   22 1 0 0 1 1
 Node 22:   23 1 0 0 1 1
 Node 23:   24 1 0 0 1 1
 Node 24:   25 1 0 0 1 1
 Node 25:   26 1 0 0 1 1
 Node 26:   27 1 0 0 1 1
 Node 27:   28 1 0 0 1 1
 Node 28:   29 1 0 0 1 1
 Node 29:   30 1 0 0 1 1
 Node 30:   31 1 0 0 1 1
 Node 31:   0 1 31 0 1 1
 Node 32:   1 0 1 1 1 1
 Node 33:   2 0 1 1 1 1
 Node 34:   3 1 0 1 1 1
 Node 35:   4 1 0 1 1 1
 Node 36:   5 1 0 1 1 1
 Node 37:   6 1 0 1 1 1
 Node 38:   7 1 0 1 1 1
 Node 39:   8 1 0 1 1 1
 Node 40:   9 1 0 1 1 1
 Node 41:   10 1 0 1 1 1
 Node 42:   11 1 0 1 1 1
 Node 43:   12 1 0 1 1 1
 Node 44:   13 1 0 1 1 1
 Node 45:   14 1 0 1 1 1
 Node 46:   15 1 0 1 1 1
 Node 47:   16 1 0 1 1 1
 Node 48:   17 1 0 1 1 1
 Node 49:   18 1 0 1 1 1
 Node 50:   19 1 0 1 1 1
 Node 51:   20 1 0 1 1 1
 Node 52:   21 1 0 1 1 1
 Node 53:   22 1 0 1 1 1
 Node 54:   23 1 0 1 1 1
 Node 55:   24 1 0 1 1 1
 Node 56:   25 1 0 1 1 1
 Node 57:   26 1 0 1 1 1
 Node 58:   27 1 0 1 1 1
 Node 59:   28 1 0 1 1 1
 Node 60:   29 1 0 1 1 1
 Node 61:   30 1 0 1 1 1
 Node 62:   0 1 30 1 1 1
 Node 63:   0 1 30 1 1 1
 Node 64:   1 0 1 2 1 1
 Node 65:   2 0 1 2 1 1
 Node 66:   3 0 1 2 1 1
 Node 67:   4 1 0 2 1 1
 Node 68:   5 1 0 2 1 1
 Node 69:   6 1 0 2 1 1
 Node 70:   7 1 0 2 1 1
 Node 71:   8 1 0 2 1 1
 Node 72:   9 1 0 2 1 1
 Node 73:   10 1 0 2 1 1
 Node 74:   11 1 0 2 1 1
 Node 75:   12 1 0 2 1 1
 Node 76:   13 1 0 2 1 1
 Node 77:   14 1 0 2 1 1
 Node 78:   15 1 0 2 1 1
 Node 79:   16 1 0 2 1 1
 Node 80:   17 1 0 2 1 1
 Node 81:   18 1 0 2 1 1
 Node 82:   19 1 0 2 1 1
 Node 83:   20 1 0 2 1 1
 Node 84:   21 1 0 2 1 1
 Node 85:   22 1 0 2 1 1
 Node 86:   23 1 0 2 1 1
 Node 87:   24 1 0 2 1 1
 Node 88:   25 1 0 2 1 1
 Node 89:   26 1 0 2 1 1
 Node 90:   27 1 0 2 1 1
 Node 91:   28 1 0 2 1 1
 Node 92:   29 1 0 2 1 1
 Node 93:   0 1 29 2 1 1
 Node 94:   0 2 29 1 1 1
 Node 95:   0 1 29 1 1 1
 Node 96:   1 0 1 3 1 1
 Node 97:   2 0 1 3 1 1
 Node 98:   3 0 1 3 1 1
 Node 99:   4 0 1 3 1 1
 Node 100:   5 1 0 3 1 1
 Node 101:   6 1 0 3 1 1
 Node 102:   7 1 0 3 1 1
 Node 103:   8 1 0 3 1 1
 Node 104:   9 1 0 3 1 1
 Node 105:   10 1 0 3 1 1
 Node 106:   11 1 0 3 1 1
 Node 107:   12 1 0 3 1 1
 Node 108:   13 1 0 3 1 1
 Node 109:   14 1 0 3 1 1
 Node 110:   15 1 0 3 1 1
 Node 111:   16 1 0 3 1 1
 Node 112:   17 1 0 3 1 1
 Node 113:   18 1 0 3 1 1
 Node 114:   19 1 0 3 1 1
 Node 115:   20 1 0 3 1 1
 Node 116:   21 1 0 3 1 1
 Node 117:   22 1 0 3 1 1
 Node 118:   23 1 0 3 1 1
 Node 119:   24 1 0 3 1 1
 Node 120:   25 1 0 3 1 1
 Node 121:   26 1 0 3 1 1
 Node 122:   27 1 0 3 1 1
 Node 123:   28 1 0 3 1 1
 Node 124:   0 1 28 3 1 1
 Node 125:   0 3 28 1 1 1
 Node 126:   0 2 28 1 1 1
 Node 127:   0 1 28 1 1 1
 Node 128:   1 0 1 4 1 1
 Node 129:   2 0 1 4 1 1
 Node 130:   3 0 1 4 1 1
 Node 131:   4 0 1 4 1 1
 Node 132:   5 0 1 4 1 1
 Node 133:   6 1 0 4 1 1
 Node 134:   7 1 0 4 1 1
 Node 135:   8 1 0 4 1 1
 Node 136:   9 1 0 4 1 1
 Node 137:   10 1 0 4 1 1
 Node 138:   11 1 0 4 1 1
 Node 139:   12 1 0 4 1 1
 Node 140:   13 1 0 4 1 1
 Node 141:   14 1 0 4 1 1
 Node 142:   15 1 0 4 1 1
 Node 143:   16 1 0 4 1 1
 Node 144:   17 1 0 4 1 1
 Node 145:   18 1 0 4 1 1
 Node 146:   19 1 0 4 1 1
 Node 147:   20 1 0 4 1 1
 Node 148:   21 1 0 4 1 1
 Node 149:   22 1 0 4 1 1
 Node 150:   23 1 0 4 1 1
 Node 151:   24 1 0 4 1 1
 Node 152:   25 1 0 4 1 1
 Node 153:   26 1 0 4 1 1
 Node 154:   27 1 0 4 1 1
 Node 155:   0 1 27 4 1 1
 Node 156:   0 4 27 1 1 1
 Node 157:   0 3 27 1 1 1
 Node 158:   0 2 27 1 1 1
 Node 159:   0 1 27 1 1 1
 Node 160:   1 0 1 5 1 1
 Node 161:   2 0 1 5 1 1
 Node 162:   3 0 1 5 1 1
 Node 163:   4 0 1 5 1 1
 Node 164:   5 0 1 5 1 1
 Node 165:   6 0 1 5 1 1
 Node 166:   7 1 0 5 1 1
 Node 167:   8 1 0 5 1 1
 Node 168:   9 1 0 5 1 1
 Node 169:   10 1 0 5 1 1
 Node 170:   11 1 0 5 1 1
 Node 171:   12 1 0 5 1 1
 Node 172:   13 1 0 5 1 1
 Node 173:   14 1 0 5 1 1
 Node 174:   15 1 0 5 1 1
 Node 175:   16 1 0 5 1 1
 Node 176:   17 1 0 5 1 1
 Node 177:   18 1 0 5 1 1
 Node 178:   19 1 0 5 1 1
 Node 179:   20 1 0 5 1 1
 Node 180:   21 1 0 5 1 1
 Node 181:   22 1 0 5 1 1
 Node 182:   23 1 0 5 1 1
 Node 183:   24 1 0 5 1 1
 Node 184:   25 1 0 5 1 1
 Node 185:   26 1 0 5 1 1
 Node 186:   0 1 26 5 1 1
 Node 187:   0 5 26 1 1 1
 Node 188:   0 4 26 1 1 1
 Node 189:   0 3 26 1 1 1
 Node 190:   0 2 26 1 1 1
 Node 191:   0 1 26 1 1 1
 Node 192:   1 0 1 6 1 1
 Node 193:   2 0 1 6 1 1
 Node 194:   3 0 1 6 1 1
 Node 195:   4 0 1 6 1 1
 Node 196:   5 0 1 6 1 1
 Node 197:   6 0 1 6 1 1
 Node 198:   7 0 1 6 1 1
 Node 199:   8 1 0 6 1 1
 Node 200:   9 1 0 6 1 1
 Node 201:   10 1 0 6 1 1
 Node 202:   11 1 0 6 1 1
 Node 203:   12 1 0 6 1 1
 Node 204:   13 1 0 6 1 1
 Node 205:   14 1 0 6 1 1
 Node 206:   15 1 0 6 1 1
 Node 207:   16 1 0 6 1 1
 Node 208:   17 1 0 6 1 1
 Node 209:   18 1 0 6 1 1
 Node 210:   19 1 0 6 1 1
 Node 211:   20 1 0 6 1 1
 Node 212:   21 1 0 6 1 1
 Node 213:   22 1 0 6 1 1
 Node 214:   23 1 0 6 1 1
 Node 215:   24 1 0 6 1 1
 Node 216:   25 1 0 6 1 1
 Node 217:   0 1 25 6 1 1
 Node 218:   0 6 25 1 1 1
 Node 219:   0 5 25 1 1 1
 Node 220:   0 4 25 1 1 1
 Node 221:   0 3 25 1 1 1
 Node 222:   0 2 25 1 1 1
 Node 223:   0 1 25 1 1 1
 Node 224:   1 0 1 7 1 1
 Node 225:   2 0 1 7 1 1
 Node 226:   3 0 1 7 1 1
 Node 227:   4 0 1 7 1 1
 Node 228:   5 0 1 7 1 1
 Node 229:   6 0 1 7 1 1
 Node 230:   7 0 1 7 1 1
 Node 231:   8 0 1 7 1 1
 Node 232:   9 1 0 7 1 1
 Node 233:   10 1 0 7 1 1
 Node 234:   11 1 0 7 1 1
 Node 235:   12 1 0 7 1 1
 Node 236:   13 1 0 7 1 1
 Node 237:   14 1 0 7 1 1
 Node 238:   15 1 0 7 1 1
 Node 239:   16 1 0 7 1 1
 Node 240:   17 1 0 7 1 1
 Node 241:   18 1 0 7 1 1
 Node 242:   19 1 0 7 1 1
 Node 243:   20 1 0 7 1 1
 Node 244:   21 1 0 7 1 1
 Node 245:   22 1 0 7 1 1
 Node 246:   23 1 0 7 1 1
 Node 247:   24 1 0 7 1 1
 Node 248:   0 1 24 7 1 1
 Node 249:   0 7 24 1 1 1
 Node 250:   0 6 24 1 1 1
 Node 251:   0 5 24 1 1 1
 Node 252:   0 4 24 1 1 1
 Node 253:   0 3 24 1 1 1
 Node 254:   0 2 24 1 1 1
 Node 255:   0 1 24 1 1 1
 Node 256:   1 0 1 8 1 1
 Node 257:   2 0 1 8 1 1
 Node 258:   3 0 1 8 1 1
 Node 259:   4 0 1 8 1 1
 Node 260:   5 0 1 8 1 1
 Node 261:   6 0 1 8 1 1
 Node 262:   7 0 1 8 1 1
 Node 263:   8 0 1 8 1 1
 Node 264:   9 0 1 8 1 1
 Node 265:   10 1 0 8 1 1
 Node 266:   11 1 0 8 1 1
 Node 267:   12 1 0 8 1 1
 Node 268:   13 1 0 8 1 1
 Node 269:   14 1 0 8 1 1
 Node 270:   15 1 0 8 1 1
 Node 271:   16 1 0 8 1 1
 Node 272:   17 1 0 8 1 1
 Node 273:   18 1 0 8 1 1
 Node 274:   19 1 0 8 1 1
 Node 275:   20 1 0 8 1 1
 Node 276:   21 1 0 8 1 1
 Node 277:   22 1 0 8 1 1
 Node 278:   23 1 0 8 1 1
 Node 279:   0 1 23 8 1 1
 Node 280:   0 8 23 1 1 1
 Node 281:   0 7 23 1 1 1
 Node 282:   0 6 23 1 1 1
 Node 283:   0 5 23 1 1 1
 Node 284:   0 4 23 1 1 1
 Node 285:   0 3 23 1 1 1
 Node 286:   0 2 23 1 1 1
 Node 287:   0 1 23 1 1 1
 Node 288:   1 0 1 9 1 1
 Node 289:   2 0 1 9 1 1
 Node 290:   3 0 1 9 1 1
 Node 291:   4 0 1 9 1 1
 Node 292:   5 0 1 9 1 1
 Node 293:   6 0 1 9 1 1
 Node 294:   7 0 1 9 1 1
 Node 295:   8 0 1 9 1 1
 Node 296:   9 0 1 9 1 1
 Node 297:   10 0 1 9 1 1
 Node 298:   11 1 0 9 1 1
 Node 299:   12 1 0 9 1 1
 Node 300:   13 1 0 9 1 1
 Node 301:   14 1 0 9 1 1
 Node 302:   15 1 0 9 1 1
 Node 303:   16 1 0 9 1 1
 Node 304:   17 1 0 9 1 1
 Node 305:   18 1 0 9 1 1
 Node 306:   19 1 0 9 1 1
 Node 307:   20 1 0 9 1 1
 Node 308:   21 1 0 9 1 1
 Node 309:   22 1 0 9 1 1
 Node 310:   0 1 22 9 1 1
 Node 311:   0 9 22 1 1 1
 Node 312:   0 8 22 1 1 1
 Node 313:   0 7 22 1 1 1
 Node 314:   0 6 22 1 1 1
 Node 315:   0 5 22 1 1 1
 Node 316:   0 4 22 1 1 1
 Node 317:   0 3 22 1 1 1
 Node 318:   0 2 22 1 1 1
 Node 319:   0 1 22 1 1 1
 Node 320:   1 0 1 10 1 1
 Node 321:   2 0 1 10 1 1
 Node 322:   3 0 1 10 1 1
 Node 323:   4 0 1 10 1 1
 Node 324:   5 0 1 10 1 1
 Node 325:   6 0 1 10 1 1
 Node 326:   7 0 1 10 1 1
 Node 327:   8 0 1 10 1 1
 Node 328:   9 0 1 10 1 1
 Node 329:   10 0 1 10 1 1
 Node 330:   11 0 1 10 1 1
 Node 331:   12 1 0 10 1 1
 Node 332:   13 1 0 10 1 1
 Node 333:   14 1 0 10 1 1
 Node 334:   15 1 0 10 1 1
 Node 335:   16 1 0 10 1 1
 Node 336:   17 1 0 10 1 1
 Node 337:   18 1 0 10 1 1
 Node 338:   19 1 0 10 1 1
 Node 339:   20 1 0 10 1 1
 Node 340:   21 1 0 10 1 1
 Node 341:   0 1 21 10 1 1
 Node 342:   0 10 21 1 1 1
 Node 343:   0 9 21 1 1 1
 Node 344:   0 8 21 1 1 1
 Node 345:   0 7 21 1 1 1
 Node 346:   0 6 21 1 1 1
 Node 347:   0 5 21 1 1 1
 Node 348:   0 4 21 1 1 1
 Node 349:   0 3 21 1 1 1
 Node 350:   0 2 21 1 1 1
 Node 351:   0 1 21 1 1 1
 Node 352:   1 0 1 11 1 1
 Node 353:   2 0 1 11 1 1
 Node 354:   3 0 1 11 1 1
 Node 355:   4 0 1 11 1 1
 Node 356:   5 0 1 11 1 1
 Node 357:   6 0 1 11 1 1
 Node 358:   7 0 1 11 1 1
 Node 359:   8 0 1 11 1 1
 Node 360:   9 0 1 11 1 1
 Node 361:   10 0 1 11 1 1
 Node 362:   11 0 1 11 1 1
 Node 363:   12 0 1 11 1 1
 Node 364:   13 1 0 11 1 1
 Node 365:   14 1 0 11 1 1
 Node 366:   15 1 0 11 1 1
 Node 367:   16 1 0 11 1 1
 Node 368:   17 1 0 11 1 1
 Node 369:   18 1 0 11 1 1
 Node 370:   19 1 0 11 1 1
 Node 371:   20 1 0 11 1 1
 Node 372:   0 1 20 11 1 1
 Node 373:   0 11 20 1 1 1
 Node 374:   0 10 20 1 1 1
 Node 375:   0 9 20 1 1 1
 Node 376:   0 8 20 1 1 1
 Node 377:   0 7 20 1 1 1
 Node 378:   0 6 20 1 1 1
 Node 379:   0 5 20 1 1 1
 Node 380:   0 4 20 1 1 1
 Node 381:   0 3 20 1 1 1
 Node 382:   0 2 20 1 1 1
 Node 383:   0 1 20 1 1 1
 Node 384:   1 0 1 12 1 1
 Node 385:   2 0 1 12 1 1
 Node 386:   3 0 1 12 1 1
 Node 387:   4 0 1 12 1 1
 Node 388:   5 0 1 12 1 1
 Node 389:   6 0 1 12 1 1
 Node 390:   7 0 1 12 1 1
 Node 391:   8 0 1 12 1 1
 Node 392:   9 0 1 12 1 1
 Node 393:   10 0 1 12 1 1
 Node 394:   11 0 1 12 1 1
 Node 395:   12 0 1 12 1 1
 Node 396:   13 0 1 12 1 1
 Node 397:   14 1 0 12 1 1
 Node 398:   15 1 0 12 1 1
 Node 399:   16 1 0 12 1 1
 Node 400:   17 1 0 12 1 1
 Node 401:   18 1 0 12 1 1
 Node 402:   19 1 0 12 1 1
 Node 403:   0 1 19 12 1 1
 Node 404:   0 12 19 1 1 1
 Node 405:   0 11 19 1 1 1
 Node 406:   0 10 19 1 1 1
 Node 407:   0 9 19 1 1 1
 Node 408:   0 8 19 1 1 1
 Node 409:   0 7 19 1 1 1
 Node 410:   0 6 19 1 1 1
 Node 411:   0 5 19 1 1 1
 Node 412:   0 4 19 1 1 1
 Node 413:   0 3 19 1 1 1
 Node 414:   0 2 19 1 1 1
 Node 415:   0 1 19 1 1 1
 Node 416:   1 0 1 13 1 1
 Node 417:   2 0 1 13 1 1
 Node 418:   3 0 1 13 1 1
 Node 419:   4 0 1 13 1 1
 Node 420:   5 0 1 13 1 1
 Node 421:   6 0 1 13 1 1
 Node 422:   7 0 1 13 1 1
 Node 423:   8 0 1 13 1 1
 Node 424:   9 0 1 13 1 1
 Node 425:   10 0 1 13 1 1
 Node 426:   11 0 1 13 1 1
 Node 427:   12 0 1 13 1 1
 Node 428:   13 0 1 13 1 1
 Node 429:   14 0 1 13 1 1
 Node 430:   15 1 0 13 1 1
 Node 431:   16 1 0 13 1 1
 Node 432:   17 1 0 13 1 1
 Node 433:   18 1 0 13 1 1
 Node 434:   0 1 18 13 1 1
 Node 435:   0 13 18 1 1 1
 Node 436:   0 12 18 1 1 1
 Node 437:   0 11 18 1 1 1
 Node 438:   0 10 18 1 1 1
 Node 439:   0 9 18 1 1 1
 Node 440:   0 8 18 1 1 1
 Node 441:   0 7 18 1 1 1
 Node 442:   0 6 18 1 1 1
 Node 443:   0 5 18 1 1 1
 Node 444:   0 4 18 1 1 1
 Node 445:   0 3 18 1 1 1
 Node 446:   0 2 18 1 1 1
 Node 447:   0 1 18 1 1 1
 Node 448:   1 0 1 14 1 1
 Node 449:   2 0 1 14 1 1
 Node 450:   3 0 1 14 1 1
 Node 451:   4 0 1 14 1 1
 Node 452:   5 0 1 14 1 1
 Node 453:   6 0 1 14 1 1
 Node 454:   7 0 1 14 1 1
 Node 455:   8 0 1 14 1 1
 Node 456:   9 0 1 14 1 1
 Node 457:   10 0 1 14 1 1
 Node 458:   11 0 1 14 1 1
 Node 459:   12 0 1 14 1 1
 Node 460:   13 0 1 14 1 1
 Node 461:   14 0 1 14 1 1
 Node 462:   15 0 1 14 1 1
 Node 463:   16 1 0 14 1 1
 Node 464:   17 1 0 14 1 1
 Node 465:   0 1 17 14 1 1
 Node 466:   0 14 17 1 1 1
 Node 467:   0 13 17 1 1 1
 Node 468:   0 12 17 1 1 1
 Node 469:   0 11 17 1 1 1
 Node 470:   0 10 17 1 1 1
 Node 471:   0 9 17 1 1 1
 Node 472:   0 8 17 1 1 1
 Node 473:   0 7 17 1 1 1
 Node 474:   0 6 17 1 1 1
 Node 475:   0 5 17 1 1 1
 Node 476:   0 4 17 1 1 1
 Node 477:   0 3 17 1 1 1
 Node 478:   0 2 17 1 1 1
 Node 479:   0 1 17 1 1 1
 Node 480:   1 0 1 15 1 1
 Node 481:   2 0 1 15 1 1
 Node 482:   3 0 1 15 1 1
 Node 483:   4 0 1 15 1 1
 Node 484:   5 0 1 15 1 1
 Node 485:   6 0 1 15 1 1
 Node 486:   7 0 1 15 1 1
 Node 487:   8 0 1 15 1 1
 Node 488:   9 0 1 15 1 1
 Node 489:   10 0 1 15 1 1
 Node 490:   11 0 1 15 1 1
 Node 491:   12 0 1 15 1 1
 Node 492:   13 0 1 15 1 1
 Node 493:   14 0 1 15 1 1
 Node 494:   15 0 1 15 1 1
 Node 495:   16 0 1 15 1 1
 Node 496:   0 1 16 15 1 1
 Node 497:   0 15 16 1 1 1
 Node 498:   0 14 16 1 1 1
 Node 499:   0 13 16 1 1 1
 Node 500:   0 12 16 1 1 1
 Node 501:   0 11 16 1 1 1
 Node 502:   0 10 16 1 1 1
 Node 503:   0 9 16 1 1 1
 Node 504:   0 8 16 1 1 1
 Node 505:   0 7 16 1 1 1
 Node 506:   0 6 16 1 1 1
 Node 507:   0 5 16 1 1 1
 Node 508:   0 4 16 1 1 1
 Node 509:   0 3 16 1 1 1
 Node 510:   0 2 16 1 1 1
 Node 511:   0 1 16 1 1 1
 Node 512:   1 0 1 16 1 1
 Node 513:   2 0 1 16 1 1
 Node 514:   3 0 1 16 1 1
 Node 515:   4 0 1 16 1 1
 Node 516:   5 0 1 16 1 1
 Node 517:   6 0 1 16 1 1
 Node 518:   7 0 1 16 1 1
 Node 519:   8 0 1 16 1 1
 Node 520:   9 0 1 16 1 1
 Node 521:   10 0 1 16 1 1
 Node 522:   11 0 1 16 1 1
 Node 523:   12 0 1 16 1 1
 Node 524:   13 0 1 16 1 1
 Node 525:   14 0 1 16 1 1
 Node 526:   15 0 1 16 1 1
 Node 527:   1 0 15 16 1 1
 Node 528:   0 16 15 1 1 1
 Node 529:   0 15 15 1 1 1
 Node 530:   0 14 15 1 1 1
 Node 531:   0 13 15 1 1 1
 Node 532:   0 12 15 1 1 1
 Node 533:   0 11 15 1 1 1
 Node 534:   0 10 15 1 1 1
 Node 535:   0 9 15 1 1 1
 Node 536:   0 8 15 1 1 1
 Node 537:   0 7 15 1 1 1
 Node 538:   0 6 15 1 1 1
 Node 539:   0 5 15 1 1 1
 Node 540:   0 4 15 1 1 1
 Node 541:   0 3 15 1 1 1
 Node 542:   0 2 15 1 1 1
 Node 543:   0 1 15 1 1 1
 Node 544:   1 0 1 17 1 1
 Node 545:   2 0 1 17 1 1
 Node 546:   3 0 1 17 1 1
 Node 547:   4 0 1 17 1 1
 Node 548:   5 0 1 17 1 1
 Node 549:   6 0 1 17 1 1
 Node 550:   7 0 1 17 1 1
 Node 551:   8 0 1 17 1 1
 Node 552:   9 0 1 17 1 1
 Node 553:   10 0 1 17 1 1
 Node 554:   11 0 1 17 1 1
 Node 555:   12 0 1 17 1 1
 Node 556:   13 0 1 17 1 1
 Node 557:   14 0 1 17 1 1
 Node 558:   1 0 14 17 1 1
 Node 559:   1 17 14 0 1 1
 Node 560:   1 16 14 0 1 1
 Node 561:   0 15 14 1 1 1
 Node 562:   0 14 14 1 1 1
 Node 563:   0 13 14 1 1 1
 Node 564:   0 12 14 1 1 1
 Node 565:   0 11 14 1 1 1
 Node 566:   0 10 14 1 1 1
 Node 567:   0 9 14 1 1 1
 Node 568:   0 8 14 1 1 1
 Node 569:   0 7 14 1 1 1
 Node 570:   0 6 14 1 1 1
 Node 571:   0 5 14 1 1 1
 Node 572:   0 4 14 1 1 1
 Node 573:   0 3 14 1 1 1
 Node 574:   0 2 14 1 1 1
 Node 575:   0 1 14 1 1 1
 Node 576:   1 0 1 18 1 1
 Node 577:   2 0 1 18 1 1
 Node 578:   3 0 1 18 1 1
 Node 579:   4 0 1 18 1 1
 Node 580:   5 0 1 18 1 1
 Node 581:   6 0 1 18 1 1
 Node 582:   7 0 1 18 1 1
 Node 583:   8 0 1 18 1 1
 Node 584:   9 0 1 18 1 1
 Node 585:   10 0 1 18 1 1
 Node 586:   11 0 1 18 1 1
 Node 587:   12 0 1 18 1 1
 Node 588:   13 0 1 18 1 1
 Node 589:   1 0 13 18 1 1
 Node 590:   1 18 13 0 1 1
 Node 591:   1 17 13 0 1 1
 Node 592:   1 16 13 0 1 1
 Node 593:   1 15 13 0 1 1
 Node 594:   0 14 13 1 1 1
 Node 595:   0 13 13 1 1 1
 Node 596:   0 12 13 1 1 1
 Node 597:   0 11 13 1 1 1
 Node 598:   0 10 13 1 1 1
 Node 599:   0 9 13 1 1 1
 Node 600:   0 8 13 1 1 1
 Node 601:   0 7 13 1 1 1
 Node 602:   0 6 13 1 1 1
 Node 603:   0 5 13 1 1 1
 Node 604:   0 4 13 1 1 1
 Node 605:   0 3 13 1 1 1
 Node 606:   0 2 13 1 1 1
 Node 607:   0 1 13 1 1 1
 Node 608:   1 0 1 19 1 1
 Node 609:   2 0 1 19 1 1
 Node 610:   3 0 1 19 1 1
 Node 611:   4 0 1 19 1 1
 Node 612:   5 0 1 19 1 1
 Node 613:   6 0 1 19 1 1
 Node 614:   7 0 1 19 1 1
 Node 615:   8 0 1 19 1 1
 Node 616:   9 0 1 19 1 1
 Node 617:   10 0 1 19 1 1
 Node 618:   11 0 1 19 1 1
 Node 619:   12 0 1 19 1 1
 Node 620:   1 0 12 19 1 1
 Node 621:   1 19 12 0 1 1
 Node 622:   1 18 12 0 1 1
 Node 623:   1 17 12 0 1 1
 Node 624:   1 16 12 0 1 1
 Node 625:   1 15 12 0 1 1
 Node 626:   1 14 12 0 1 1
 Node 627:   0 13 12 1 1 1
 Node 628:   0 12 12 1 1 1
 Node 629:   0 11 12 1 1 1
 Node 630:   0 10 12 1 1 1
 Node 631:   0 9 12 1 1 1
 Node 632:   0 8 12 1 1 1
 Node 633:   0 7 12 1 1 1
 Node 634:   0 6 12 1 1 1
 Node 635:   0 5 12 1 1 1
 Node 636:   0 4 12 1 1 1
 Node 637:   0 3 12 1 1 1
 Node 638:   0 2 12 1 1 1
 Node 639:   0 1 12 1 1 1
 Node 640:   1 0 1 20 1 1
 Node 641:   2 0 1 20 1 1
 Node 642:   3 0 1 20 1 1
 Node 643:   4 0 1 20 1 1
 Node 644:   5 0 1 20 1 1
 Node 645:   6 0 1 20 1 1
 Node 646:   7 0 1 20 1 1
 Node 647:   8 0 1 20 1 1
 Node 648:   9 0 1 20 1 1
 Node 649:   10 0 1 20 1 1
 Node 650:   11 0 1 20 1 1
 Node 651:   1 0 11 20 1 1
 Node 652:   1 20 11 0 1 1
 Node 653:   1 19 11 0 1 1
 Node 654:   1 18 11 0 1 1
 Node 655:   1 17 11 0 1 1
 Node 656:   1 16 11 0 1 1
 Node 657:   1 15 11 0 1 1
 Node 658:   1 14 11 0 1 1
 Node 659:   1 13 11 0 1 1
 Node 660:   0 12 11 1 1 1
 Node 661:   0 11 11 1 1 1
 Node 662:   0 10 11 1 1 1
 Node 663:   0 9 11 1 1 1
 Node 664:   0 8 11 1 1 1
 Node 665:   0 7 11 1 1 1
 Node 666:   0 6 11 1 1 1
 Node 667:   0 5 11 1 1 1
 Node 668:   0 4 11 1 1 1
 Node 669:   0 3 11 1 1 1
 Node 670:   0 2 11 1 1 1
 Node 671:   0 1 11 1 1 1
 Node 672:   1 0 1 21 1 1
 Node 673:   2 0 1 21 1 1
 Node 674:   3 0 1 21 1 1
 Node 675:   4 0 1 21 1 1
 Node 676:   5 0 1 21 1 1
 Node 677:   6 0 1 21 1 1
 Node 678:   7 0 1 21 1 1
 Node 679:   8 0 1 21 1 1
 Node 680:   9 0 1 21 1 1
 Node 681:   10 0 1 21 1 1
 Node 682:   1 0 10 21 1 1
 Node 683:   1 21 10 0 1 1
 Node 684:   1 20 10 0 1 1
 Node 685:   1 19 10 0 1 1
 Node 686:   1 18 10 0 1 1
 Node 687:   1 17 10 0 1 1
 Node 688:   1 16 10 0 1 1
 Node 689:   1 15 10 0 1 1
 Node 690:   1 14 10 0 1 1
 Node 691:   1 13 10 0 1 1
 Node 692:   1 12 10 0 1 1
 Node 693:   0 11 10 1 1 1
 Node 694:   0 10 10 1 1 1
 Node 695:   0 9 10 1 1 1
 Node 696:   0 8 10 1 1 1
 Node 697:   0 7 10 1 1 1
 Node 698:   0 6 10 1 1 1
 Node 699:   0 5 10 1 1 1
 Node 700:   0 4 10 1 1 1
 Node 701:   0 3 10 1 1 1
 Node 702:   0 2 10 1 1 1
 Node 703:   0 1 10 1 1 1
 Node 704:   1 0 1 22 1 1
 Node 705:   2 0 1 22 1 1
 Node 706:   3 0 1 22 1 1
 Node 707:   4 0 1 22 1 1
 Node 708:   5 0 1 22 1 1
 Node 709:   6 0 1 22 1 1
 Node 710:   7 0 1 22 1 1
 Node 711:   8 0 1 22 1 1
 Node 712:   9 0 1 22 1 1
 Node 713:   1 0 9 22 1 1
 Node 714:   1 22 9 0 1 1
 Node 715:   1 21 9 0 1 1
 Node 716:   1 20 9 0 1 1
 Node 717:   1 19 9 0 1 1
 Node 718:   1 18 9 0 1 1
 Node 719:   1 17 9 0 1 1
 Node 720:   1 16 9 0 1 1
 Node 721:   1 15 9 0 1 1
 Node 722:   1 14 9 0 1 1
 Node 723:   1 13 9 0 1 1
 Node 724:   1 12 9 0 1 1
 Node 725:   1 11 9 0 1 1
 Node 726:   0 10 9 1 1 1
 Node 727:   0 9 9 1 1 1
 Node 728:   0 8 9 1 1 1
 Node 729:   0 7 9 1 1 1
 Node 730:   0 6 9 1 1 1
 Node 731:   0 5 9 1 1 1
 Node 732:   0 4 9 1 1 1
 Node 733:   0 3 9 1 1 1
 Node 734:   0 2 9 1 1 1
 Node 735:   0 1 9 1 1 1
 Node 736:   1 0 1 23 1 1
 Node 737:   2 0 1 23 1 1
 Node 738:   3 0 1 23 1 1
 Node 739:   4 0 1 23 1 1
 Node 740:   5 0 1 23 1 1
 Node 741:   6 0 1 23 1 1
 Node 742:   7 0 1 23 1 1
 Node 743:   8 0 1 23 1 1
 Node 744:   1 0 8 23 1 1
 Node 745:   1 23 8 0 1 1
 Node 746:   1 22 8 0 1 1
 Node 747:   1 21 8 0 1 1
 Node 748:   1 20 8 0 1 1
 Node 749:   1 19 8 0 1 1
 Node 750:   1 18 8 0 1 1
 Node 751:   1 17 8 0 1 1
 Node 752:   1 16 8 0 1 1
 Node 753:   1 15 8 0 1 1
 Node 754:   1 14 8 0 1 1
 Node 755:   1 13 8 0 1 1
 Node 756:   1 12 8 0 1 1
 Node 757:   1 11 8 0 1 1
 Node 758:   1 10 8 0 1 1
 Node 759:   0 9 8 1 1 1
 Node 760:   0 8 8 1 1 1
 Node 761:   0 7 8 1 1 1
 Node 762:   0 6 8 1 1 1
 Node 763:   0 5 8 1 1 1
 Node 764:   0 4 8 1 1 1
 Node 765:   0 3 8 1 1 1
 Node 766:   0 2 8 1 1 1
 Node 767:   0 1 8 1 1 1
 Node 768:   1 0 1 24 1 1
 Node 769:   2 0 1 24 1 1
 Node 770:   3 0 1 24 1 1
 Node 771:   4 0 1 24 1 1
 Node 772:   5 0 1 24 1 1
 Node 773:   6 0 1 24 1 1
 Node 774:   7 0 1 24 1 1
 Node 775:   1 0 7 24 1 1
 Node 776:   1 24 7 0 1 1
 Node 777:   1 23 7 0 1 1
 Node 778:   1 22 7 0 1 1
 Node 779:   1 21 7 0 1 1
 Node 780:   1 20 7 0 1 1
 Node 781:   1 19 7 0 1 1
 Node 782:   1 18 7 0 1 1
 Node 783:   1 17 7 0 1 1
 Node 784:   1 16 7 0 1 1
 Node 785:   1 15 7 0 1 1
 Node 786:   1 14 7 0 1 1
 Node 787:   1 13 7 0 1 1
 Node 788:   1 12 7 0 1 1
 Node 789:   1 11 7 0 1 1
 Node 790:   1 10 7 0 1 1
 Node 791:   1 9 7 0 1 1
 Node 792:   0 8 7 1 1 1
 Node 793:   0 7 7 1 1 1
 Node 794:   0 6 7 1 1 1
 Node 795:   0 5 7 1 1 1
 Node 796:   0 4 7 1 1 1
 Node 797:   0 3 7 1 1 1
 Node 798:   0 2 7 1 1 1
 Node 799:   0 1 7 1 1 1
 Node 800:   1 0 1 25 1 1
 Node 801:   2 0 1 25 1 1
 Node 802:   3 0 1 25 1 1
 Node 803:   4 0 1 25 1 1
 Node 804:   5 0 1 25 1 1
 Node 805:   6 0 1 25 1 1
 Node 806:   1 0 6 25 1 1
 Node 807:   1 25 6 0 1 1
 Node 808:   1 24 6 0 1 1
 Node 809:   1 23 6 0 1 1
 Node 810:   1 22 6 0 1 1
 Node 811:   1 21 6 0 1 1
 Node 812:   1 20 6 0 1 1
 Node 813:   1 19 6 0 1 1
 Node 814:   1 18 6 0 1 1
 Node 815:   1 17 6 0 1 1
 Node 816:   1 16 6 0 1 1
 Node 817:   1 15 6 0 1 1
 Node 818:   1 14 6 0 1 1
 Node 819:   1 13 6 0 1 1
 Node 820:   1 12 6 0 1 1
 Node 821:   1 11 6 0 1 1
 Node 822:   1 10 6 0 1 1
 Node 823:   1 9 6 0 1 1
 Node 824:   1 8 6 0 1 1
 Node 825:   0 7 6 1 1 1
 Node 826:   0 6 6 1 1 1
 Node 827:   0 5 6 1 1 1
 Node 828:   0 4 6 1 1 1
 Node 829:   0 3 6 1 1 1
 Node 830:   0 2 6 1 1 1
 Node 831:   0 1 6 1 1 1
 Node 832:   1 0 1 26 1 1
 Node 833:   2 0 1 26 1 1
 Node 834:   3 0 1 26 1 1
 Node 835:   4 0 1 26 1 1
 Node 836:   5 0 1 26 1 1
 Node 837:   1 0 5 26 1 1
 Node 838:   1 26 5 0 1 1
 Node 839:   1 25 5 0 1 1
 Node 840:   1 24 5 0 1 1
 Node 841:   1 23 5 0 1 1
 Node 842:   1 22 5 0 1 1
 Node 843:   1 21 5 0 1 1
 Node 844:   1 20 5 0 1 1
 Node 845:   1 19 5 0 1 1
 Node 846:   1 18 5 0 1 1
 Node 847:   1 17 5 0 1 1
 Node 848:   1 16 5 0 1 1
 Node 849:   1 15 5 0 1 1
 Node 850:   1 14 5 0 1 1
 Node 851:   1 13 5 0 1 1
 Node 852:   1 12 5 0 1 1
 Node 853:   1 11 5 0 1 1
 Node 854:   1 10 5 0 1 1
 Node 855:   1 9 5 0 1 1
 Node 856:   1 8 5 0 1 1
 Node 857:   1 7 5 0 1 1
 Node 858:   0 6 5 1 1 1
 Node 859:   0 5 5 1 1 1
 Node 860:   0 4 5 1 1 1
 Node 861:   0 3 5 1 1 1
 Node 862:   0 2 5 1 1 1
 Node 863:   0 1 5 1 1 1
 Node 864:   1 0 1 27 1 1
 Node 865:   2 0 1 27 1 1
 Node 866:   3 0 1 27 1 1
 Node 867:   4 0 1 27 1 1
 Node 868:   1 0 4 27 1 1
 Node 869:   1 27 4 0 1 1
 Node 870:   1 26 4 0 1 1
 Node 871:   1 25 4 0 1 1
 Node 872:   1 24 4 0 1 1
 Node 873:   1 23 4 0 1 1
 Node 874:   1 22 4 0 1 1
 Node 875:   1 21 4 0 1 1
 Node 876:   1 20 4 0 1 1
 Node 877:   1 19 4 0 1 1
 Node 878:   1 18 4 0 1 1
 Node 879:   1 17 4 0 1 1
 Node 880:   1 16 4 0 1 1
 Node 881:   1 15 4 0 1 1
 Node 882:   1 14 4 0 1 1
 Node 883:   1 13 4 0 1 1
 Node 884:   1 12 4 0 1 1
 Node 885:   1 11 4 0 1 1
 Node 886:   1 10 4 0 1 1
 Node 887:   1 9 4 0 1 1
 Node 888:   1 8 4 0 1 1
 Node 889:   1 7 4 0 1 1
 Node 890:   1 6 4 0 1 1
 Node 891:   0 5 4 1 1 1
 Node 892:   0 4 4 1 1 1
 Node 893:   0 3 4 1 1 1
 Node 894:   0 2 4 1 1 1
 Node 895:   0 1 4 1 1 1
 Node 896:   1 0 1 28 1 1
 Node 897:   2 0 1 28 1 1
 Node 898:   3 0 1 28 1 1
 Node 899:   1 0 3 28 1 1
 Node 900:   1 28 3 0 1 1
 Node 901:   1 27 3 0 1 1
 Node 902:   1 26 3 0 1 1
 Node 903:   1 25 3 0 1 1
 Node 904:   1 24 3 0 1 1
 Node 905:   1 23 3 0 1 1
 Node 906:   1 22 3 0 1 1
 Node 907:   1 21 3 0 1 1
 Node 908:   1 20 3 0 1 1
 Node 909:   1 19 3 0 1 1
 Node 910:   1 18 3 0 1 1
 Node 911:   1 17 3 0 1 1
 Node 912:   1 16 3 0 1 1
 Node 913:   1 15 3 0 1 1
 Node 914:   1 14 3 0 1 1
 Node 915:   1 13 3 0 1 1
 Node 916:   1 12 3 0 1 1
 Node 917:   1 11 3 0 1 1
 Node 918:   1 10 3 0 1 1
 Node 919:   1 9 3 0 1 1
 Node 920:   1 8 3 0 1 1
 Node 921:   1 7 3 0 1 1
 Node 922:   1 6 3 0 1 1
 Node 923:   1 5 3 0 1 1
 Node 924:   0 4 3 1 1 1
 Node 925:   0 3 3 1 1 1
 Node 926:   0 2 3 1 1 1
 Node 927:   0 1 3 1 1 1
 Node 928:   1 0 1 29 1 1
 Node 929:   2 0 1 29 1 1
 Node 930:   1 0 2 29 1 1
 Node 931:   1 29 2 0 1 1
 Node 932:   1 28 2 0 1 1
 Node 933:   1 27 2 0 1 1
 Node 934:   1 26 2 0 1 1
 Node 935:   1 25 2 0 1 1
 Node 936:   1 24 2 0 1 1
 Node 937:   1 23 2 0 1 1
 Node 938:   1 22 2 0 1 1
 Node 939:   1 21 2 0 1 1
 Node 940:   1 20 2 0 1 1
 Node 941:   1 19 2 0 1 1
 Node 942:   1 18 2 0 1 1
 Node 943:   1 17 2 0 1 1
 Node 944:   1 16 2 0 1 1
 Node 945:   1 15 2 0 1 1
 Node 946:   1 14 2 0 1 1
 Node 947:   1 13 2 0 1 1
 Node 948:   1 12 2 0 1 1
 Node 949:   1 11 2 0 1 1
 Node 950:   1 10 2 0 1 1
 Node 951:   1 9 2 0 1 1
 Node 952:   1 8 2 0 1 1
 Node 953:   1 7 2 0 1 1
 Node 954:   1 6 2 0 1 1
 Node 955:   1 5 2 0 1 1
 Node 956:   1 4 2 0 1 1
 Node 957:   0 3 2 1 1 1
 Node 958:   0 2 2 1 1 1
 Node 959:   0 1 2 1 1 1
 Node 960:   1 0 1 30 1 1
 Node 961:   1 0 1 30 1 1
 Node 962:   1 30 1 0 1 1
 Node 963:   1 29 1 0 1 1
 Node 964:   1 28 1 0 1 1
 Node 965:   1 27 1 0 1 1
 Node 966:   1 26 1 0 1 1
 Node 967:   1 25 1 0 1 1
 Node 968:   1 24 1 0 1 1
 Node 969:   1 23 1 0 1 1
 Node 970:   1 22 1 0 1 1
 Node 971:   1 21 1 0 1 1
 Node 972:   1 20 1 0 1 1
 Node 973:   1 19 1 0 1 1
 Node 974:   1 18 1 0 1 1
 Node 975:   1 17 1 0 1 1
 Node 976:   1 16 1 0 1 1
 Node 977:   1 15 1 0 1 1
 Node 978:   1 14 1 0 1 1
 Node 979:   1 13 1 0 1 1
 Node 980:   1 12 1 0 1 1
 Node 981:   1 11 1 0 1 1
 Node 982:   1 10 1 0 1 1
 Node 983:   1 9 1 0 1 1
 Node 984:   1 8 1 0 1 1
 Node 985:   1 7 1 0 1 1
 Node 986:   1 6 1 0 1 1
 Node 987:   1 5 1 0 1 1
 Node 988:   1 4 1 0 1 1
 Node 989:   1 3 1 0 1 1
 Node 990:   0 2 1 1 1 1
 Node 991:   0 1 1 1 1 1
 Node 992:   1 0 0 31 1 1
 Node 993:   1 31 0 0 1 1
 Node 994:   1 30 0 0 1 1
 Node 995:   1 29 0 0 1 1
 Node 996:   1 28 0 0 1 1
 Node 997:   1 27 0 0 1 1
 Node 998:   1 26 0 0 1 1
 Node 999:   1 25 0 0 1 1
 Node 1000:   1 24 0 0 1 1
 Node 1001:   1 23 0 0 1 1
 Node 1002:   1 22 0 0 1 1
 Node 1003:   1 21 0 0 1 1
 Node 1004:   1 20 0 0 1 1
 Node 1005:   1 19 0 0 1 1
 Node 1006:   1 18 0 0 1 1
 Node 1007:   1 17 0 0 1 1
 Node 1008:   1 16 0 0 1 1
 Node 1009:   1 15 0 0 1 1
 Node 1010:   1 14 0 0 1 1
 Node 1011:   1 13 0 0 1 1
 Node 1012:   1 12 0 0 1 1
 Node 1013:   1 11 0 0 1 1
 Node 1014:   1 10 0 0 1 1
 Node 1015:   1 9 0 0 1 1
 Node 1016:   1 8 0 0 1 1
 Node 1017:   1 7 0 0 1 1
 Node 1018:   1 6 0 0 1 1
 Node 1019:   1 5 0 0 1 1
 Node 1020:   1 4 0 0 1 1
 Node 1021:   1 3 0 0 1 1
 Node 1022:   1 2 0 0 1 1
 Node 1023:   0 1 0 1 1 1

(Maximum) Crossing Paths: 31
The number of paths on this application : 1024 (all-to-all cases: 1047552)
The average hops : 23.312500
ID size(without ID modification)31
(Maximum) number of slots: 31
