356.25
903.125
2648.87
6552.2
25116.2
335
1147.5
4053.75
14986.9
57333.4
335
1147.5
4053.75
14986.9
57333.4
160
291.562
217.148
372.598
973.989
197.5
519.375
1639.84
5799.96
21800
235
705
2365
8565
32485
260
840
2960
11040
42560
228.75
634.688
1917.42
6398.73
23039.4
247.5
491.25
1433.32
3716.69
9969.57
185
502.5
1718.75
5519.38
19519.7
185
502.5
1718.75
5835.62
21852.2
110
197.188
201.836
320.566
637.983
172.5
496.875
1618.59
5779.34
21779.7
185
525
1685
5925
22085
90
480
1600
5760
21760
197.5
964.688
3286.02
11766.7
44087.1
