138.75
246.875
432.461
794.365
1577.7
155
277.5
518.75
999.375
1959.69
155
277.5
518.75
999.375
1959.69
80
117.188
104.492
144.199
242.798
122.5
193.125
347.031
663.633
1301.85
145
255
475
915
1795
160
300
580
1140
2260
141.25
231.562
396.016
718.066
1359.05
117.5
183.75
310.586
542.803
1000.82
115
187.5
338.75
619.375
1179.69
115
187.5
338.75
629.375
1219.69
70
95.9375
97.9297
126.855
185.688
107.5
185.625
343.281
661.758
1300.91
115
195
355
675
1315
90
180
340
660
1300
122.5
240.938
444.453
846.035
1646.78
