ID Allocation Policy is 0(low port first) / 1(Crossing Paths based method): 1
Address method is 0(destination_based) / 1(path_based): 1
 dst_based renewable label = 4
 path_based renewable label = 4


 (east, west, south, north, from host0,... east(vch2), south(vch2), west(vch2), north(vch2), from host(vch2)0,.. to host(vch2)0,..
 Node  0:   0 0 1 0 1 0 0 0 0 0 0 1
 Node  1:   0 1 0 0 1 1 0 0 0 1 0 1
 Node  2:   0 1 0 0 0 0 0 0 0 0 1 1
 Node  3:   0 1 0 0 1 0 0 0 0 0 0 0
 Node  4:   1 0 0 0 0 1 0 0 0 1 1 0
 Node  5:   0 0 2 0 0 1 0 0 0 0 1 0
 Node  6:   1 1 0 0 0 0 0 0 0 0 1 0
 Node  7:   1 1 0 0 1 1 0 0 0 0 0 0
 Node  8:   1 1 0 0 0 1 0 0 0 0 1 1
 Node  9:   0 1 1 0 0 2 0 0 0 0 1 1
 Node 10:   0 1 1 0 1 0 0 0 0 0 0 0
 Node 11:   0 1 0 0 0 0 0 0 0 0 1 0
 Node 12:   0 0 1 0 1 0 0 0 0 0 0 0
 Node 13:   1 0 1 0 1 0 0 0 0 0 0 0
 Node 14:   1 0 0 0 0 0 0 0 0 1 1 1
 Node 15:   0 0 1 0 0 0 0 0 0 1 1 0
 Node 16:   1 0 0 0 0 1 0 0 0 1 1 1
 Node 17:   0 2 1 0 1 1 0 0 0 1 0 0
 Node 18:   0 1 1 0 1 0 0 0 0 0 0 1
 Node 19:   0 2 0 0 1 0 0 0 0 0 0 0
 Node 20:   0 1 1 0 1 0 0 0 0 0 0 0
 Node 21:   0 1 1 0 0 1 0 0 0 0 1 0
 Node 22:   0 2 0 0 0 0 0 0 0 1 1 1
 Node 23:   0 2 0 0 1 0 0 0 0 0 0 0
 Node 24:   1 1 1 0 0 0 0 0 0 1 1 2
 Node 25:   0 2 1 0 1 1 0 0 0 0 0 0
 Node 26:   0 1 0 0 1 0 0 0 0 0 0 0
 Node 27:   0 0 1 0 0 0 0 0 0 0 1 0
 Node 28:   0 0 1 0 1 1 0 0 0 0 0 0
 Node 29:   0 0 1 0 0 0 0 0 0 0 1 0
 Node 30:   1 0 0 0 0 0 0 0 0 0 1 1
 Node 31:   0 1 0 0 1 1 0 0 0 0 0 0
 Node 32:   0 0 1 0 1 2 0 0 0 0 0 0
 Node 33:   0 0 0 1 0 1 0 0 0 1 1 1
 Node 34:   0 1 0 0 0 0 0 0 0 0 1 0
 Node 35:   0 0 1 0 0 0 0 0 0 0 1 0
 Node 36:   0 0 0 1 1 1 0 0 0 1 0 1
 Node 37:   0 1 2 0 1 0 0 0 0 0 0 1
 Node 38:   0 1 1 0 1 0 0 0 0 0 0 0
 Node 39:   0 1 1 0 0 0 0 0 0 0 1 1
 Node 40:   0 1 0 1 1 0 0 0 0 0 0 0
 Node 41:   1 1 0 2 1 1 0 0 0 0 0 1
 Node 42:   1 2 0 0 0 1 0 0 0 0 1 0
 Node 43:   2 1 0 0 1 1 0 0 0 0 0 0
 Node 44:   1 2 0 0 0 2 0 0 0 0 1 1
 Node 45:   2 1 1 0 1 0 0 0 0 0 0 0
 Node 46:   1 1 1 0 1 0 0 0 0 1 0 2
 Node 47:   1 2 0 0 1 0 0 0 0 0 0 3
 Node 48:   1 1 0 0 0 0 0 0 0 1 1 0
 Node 49:   1 1 1 0 1 2 0 0 0 1 0 0
 Node 50:   0 1 0 0 0 1 0 0 0 0 1 1
 Node 51:   1 0 0 0 1 1 0 0 0 0 0 0
 Node 52:   1 1 0 0 0 1 0 0 0 0 1 0
 Node 53:   1 0 1 0 0 0 0 0 0 0 1 1
 Node 54:   1 0 1 0 1 0 0 0 0 1 0 0
 Node 55:   1 1 1 0 0 1 0 0 0 0 1 0
 Node 56:   1 2 1 1 0 1 0 0 0 1 1 1
 Node 57:   1 2 0 0 1 0 0 0 0 0 0 0
 Node 58:   0 1 1 0 1 0 0 0 0 1 0 1
 Node 59:   0 1 0 0 1 0 0 0 0 0 0 1
 Node 60:   0 0 1 1 1 2 0 0 0 0 0 0
 Node 61:   0 0 1 0 0 0 0 0 0 0 1 1
 Node 62:   1 0 0 0 0 1 0 0 0 0 1 1
 Node 63:   0 1 0 0 1 1 0 0 0 0 0 0
 Node 64:   0 0 0 1 1 1 0 0 0 0 0 0
 Node 65:   0 0 0 1 0 1 0 0 0 1 1 1
 Node 66:   1 0 0 0 1 0 0 0 0 0 0 1
 Node 67:   1 1 0 0 1 0 0 0 0 0 0 2
 Node 68:   0 0 0 1 1 0 0 0 0 1 0 1
 Node 69:   0 1 2 0 1 0 0 0 0 0 0 0
 Node 70:   1 0 0 0 0 1 0 0 0 0 1 0
 Node 71:   0 0 1 1 0 0 0 0 0 0 1 1
 Node 72:   1 0 0 0 0 0 0 0 0 0 1 1
 Node 73:   0 1 0 2 1 1 0 0 0 0 0 0
 Node 74:   0 0 1 0 1 0 0 0 0 0 0 0
 Node 75:   1 0 0 0 0 0 0 0 0 0 1 1
 Node 76:   1 0 0 1 1 0 0 0 0 0 0 0
 Node 77:   1 0 1 0 1 1 0 0 0 0 0 1
 Node 78:   0 1 0 0 0 1 0 0 0 1 1 1
 Node 79:   0 1 0 1 0 1 0 0 0 0 1 0
 Node 80:   0 2 0 0 0 0 0 0 0 0 1 0
 Node 81:   0 1 2 0 0 0 0 0 0 1 1 0
 Node 82:   1 1 0 0 0 0 0 0 0 0 1 0
 Node 83:   1 1 0 0 1 2 0 0 0 0 0 0
 Node 84:   0 2 0 0 0 0 0 0 0 0 1 2
 Node 85:   0 2 0 0 1 0 0 0 0 0 0 2
 Node 86:   0 1 1 0 1 1 0 0 0 0 0 1
 Node 87:   0 1 0 0 1 0 0 0 0 0 0 2
 Node 88:   0 0 1 2 1 0 0 0 0 1 0 0
 Node 89:   0 0 1 0 0 1 0 0 0 0 1 0
 Node 90:   0 1 1 0 0 1 0 0 0 1 1 1
 Node 91:   0 1 0 0 1 0 0 0 0 0 0 0
 Node 92:   0 0 0 2 1 1 0 0 0 0 0 2
 Node 93:   0 1 0 0 1 0 0 0 0 0 0 2
 Node 94:   0 0 0 1 1 1 0 0 0 0 0 1
 Node 95:   0 1 0 0 1 0 0 0 0 0 0 0
 Node 96:   1 0 0 0 0 1 0 0 0 0 1 0
 Node 97:   0 0 0 1 0 1 0 0 0 1 1 0
 Node 98:   1 0 1 0 0 0 0 0 0 0 1 0
 Node 99:   0 0 1 0 0 2 0 1 0 0 1 0
 Node 100:   0 1 0 0 0 0 0 1 0 0 1 0
 Node 101:   0 0 1 0 1 0 0 1 0 0 0 1
 Node 102:   0 0 1 0 1 0 0 0 0 0 0 0
 Node 103:   1 0 1 2 1 0 0 0 0 0 0 0
 Node 104:   0 0 1 0 1 0 0 0 0 0 0 1
 Node 105:   1 0 0 2 1 1 0 0 0 0 0 0
 Node 106:   0 1 0 0 0 2 0 0 0 0 1 1
 Node 107:   0 0 0 1 0 0 0 0 0 0 1 0
 Node 108:   0 0 1 0 1 1 0 0 0 0 0 0
 Node 109:   1 0 1 0 1 0 0 0 0 0 0 2
 Node 110:   0 0 1 0 1 0 0 0 0 0 0 1
 Node 111:   1 0 0 0 1 1 0 0 0 0 0 0
 Node 112:   0 1 0 0 0 0 0 0 0 0 1 2
 Node 113:   0 1 1 0 1 1 0 0 0 1 0 1
 Node 114:   0 1 0 0 0 0 0 0 0 0 1 0
 Node 115:   0 0 1 0 0 0 0 0 0 0 1 0
 Node 116:   1 0 0 0 0 0 0 0 0 0 1 0
 Node 117:   0 0 0 1 0 1 0 0 0 0 1 1
 Node 118:   0 0 1 1 1 1 0 0 0 0 0 0
 Node 119:   0 0 0 1 0 1 0 0 0 0 1 0
 Node 120:   0 1 0 1 0 1 0 0 0 1 1 1
 Node 121:   0 0 1 0 0 0 0 0 0 0 1 1
 Node 122:   0 0 1 1 1 0 0 0 0 1 0 1
 Node 123:   0 1 0 0 1 0 0 0 0 0 0 0
 Node 124:   0 0 1 1 1 0 0 0 0 0 0 0
 Node 125:   0 0 0 1 0 0 0 0 0 0 1 0
 Node 126:   0 0 0 1 1 0 0 0 0 0 0 0
 Node 127:   0 0 1 0 0 0 0 0 0 0 1 1
 Node 128:   1 0 0 1 0 0 0 0 0 0 1 0
 Node 129:   1 1 0 0 1 1 0 0 0 1 0 0
 Node 130:   0 1 2 0 1 0 0 0 0 0 0 1
 Node 131:   0 1 1 0 0 0 0 0 0 0 1 1
 Node 132:   0 1 1 0 1 0 0 0 0 0 0 0
 Node 133:   1 1 1 0 1 0 0 0 0 0 0 0
 Node 134:   0 1 1 0 1 2 0 0 0 0 0 1
 Node 135:   1 1 1 2 1 1 0 0 0 1 0 0
 Node 136:   0 2 0 0 0 1 0 0 0 0 1 1
 Node 137:   1 1 0 2 0 0 0 0 0 0 1 0
 Node 138:   2 2 0 0 1 0 0 0 0 0 0 0
 Node 139:   3 2 0 0 1 0 0 0 0 0 0 1
 Node 140:   2 2 0 1 1 1 0 0 0 0 0 1
 Node 141:   2 2 1 1 0 0 0 0 0 0 1 0
 Node 142:   2 2 0 0 1 2 0 0 0 0 0 0
 Node 143:   2 1 1 0 0 0 0 0 0 0 1 1
 Node 144:   2 1 0 0 0 1 0 0 0 0 1 0
 Node 145:   2 0 1 0 1 0 0 0 0 1 0 0
 Node 146:   2 0 0 0 0 0 0 0 0 0 1 2
 Node 147:   1 1 0 0 1 1 0 0 0 0 0 1
 Node 148:   1 0 1 0 1 0 0 0 0 0 0 1
 Node 149:   1 1 0 1 1 0 0 0 0 1 0 0
 Node 150:   1 0 1 1 1 0 0 0 0 0 0 0
 Node 151:   1 0 1 0 0 0 0 0 0 0 1 0
 Node 152:   0 0 0 2 1 0 0 0 0 1 0 0
 Node 153:   1 0 0 0 0 0 0 0 0 0 1 2
 Node 154:   2 0 1 0 0 0 0 0 0 1 1 0
 Node 155:   0 0 2 0 0 1 0 0 0 0 1 0
 Node 156:   0 0 0 1 1 1 1 0 0 0 0 1
 Node 157:   0 1 0 0 1 0 1 0 0 0 0 0
 Node 158:   0 0 2 0 1 0 0 0 0 0 0 0
 Node 159:   0 0 0 1 0 0 0 0 0 0 1 2
 Node 160:   0 0 0 0 1 0 0 1 0 0 0 1
 Node 161:   0 1 0 0 1 0 0 0 0 1 0 1
 Node 162:   0 1 1 0 0 2 0 0 0 0 1 0
 Node 163:   0 0 1 0 0 1 0 0 0 0 1 1
 Node 164:   0 1 0 0 0 1 0 0 0 0 1 0
 Node 165:   1 0 1 0 1 0 0 0 0 0 0 1
 Node 166:   0 0 0 1 1 2 0 0 0 0 0 1
 Node 167:   1 0 1 2 1 0 0 0 0 1 0 0
 Node 168:   1 0 0 0 0 1 0 0 0 0 1 2
 Node 169:   1 1 0 1 1 1 0 0 0 0 0 0
 Node 170:   0 1 1 0 1 1 0 0 0 0 0 1
 Node 171:   0 1 0 1 0 1 0 0 0 0 1 0
 Node 172:   0 2 0 0 0 0 0 0 0 0 1 0
 Node 173:   0 1 0 0 1 0 0 0 0 0 0 1
 Node 174:   0 0 0 1 1 1 0 0 0 0 0 0
 Node 175:   0 0 0 1 0 0 0 0 0 0 1 1
 Node 176:   0 0 1 1 1 0 0 0 0 0 0 0
 Node 177:   1 0 1 0 1 1 0 0 0 0 0 0
 Node 178:   0 1 0 0 0 0 0 0 0 0 1 1
 Node 179:   0 0 1 0 0 1 0 0 0 0 1 0
 Node 180:   1 0 0 0 0 2 0 0 0 0 1 0
 Node 181:   0 0 1 1 0 1 0 0 0 1 1 0
 Node 182:   1 1 1 0 0 0 0 0 0 0 1 0
 Node 183:   0 1 0 0 0 1 0 0 0 0 1 2
 Node 184:   0 0 2 1 1 0 0 0 0 0 0 0
 Node 185:   0 1 0 1 0 0 0 0 0 0 1 0
 Node 186:   1 1 1 0 0 0 0 0 0 1 1 0
 Node 187:   1 1 1 0 1 1 0 0 0 0 0 1
 Node 188:   1 1 0 1 0 1 0 0 0 0 1 2
 Node 189:   0 2 0 0 1 1 0 0 0 0 0 1
 Node 190:   0 1 2 0 1 1 0 0 0 0 0 0
 Node 191:   0 1 0 1 0 0 0 0 0 0 1 0
 Node 192:   1 0 1 0 1 1 0 0 0 0 0 0
 Node 193:   1 0 0 1 0 0 0 0 0 0 1 0
 Node 194:   1 0 1 1 1 0 0 0 0 0 0 0
 Node 195:   1 0 1 0 0 0 0 0 0 0 1 1
 Node 196:   1 0 1 0 1 0 0 0 0 0 0 0
 Node 197:   1 0 1 1 0 1 0 0 0 0 1 1
 Node 198:   0 0 1 1 1 0 0 0 0 0 0 1
 Node 199:   0 1 1 2 1 0 0 0 0 1 0 0
 Node 200:   0 0 0 1 1 0 0 0 0 0 0 0
 Node 201:   1 0 0 1 1 0 0 0 0 0 0 1
 Node 202:   0 0 0 1 1 2 0 0 0 0 0 1
 Node 203:   0 0 1 0 0 1 0 0 0 0 1 1
 Node 204:   0 1 0 0 0 0 0 0 0 0 1 0
 Node 205:   0 0 0 1 0 0 0 0 0 0 1 0
 Node 206:   0 0 0 1 1 0 0 0 0 0 0 0
 Node 207:   1 0 0 0 0 2 0 0 0 0 1 0
 Node 208:   1 1 0 1 0 1 0 0 0 0 1 0
 Node 209:   1 0 2 0 0 0 0 0 0 0 1 0
 Node 210:   2 0 0 0 0 0 0 0 0 0 1 0
 Node 211:   2 0 0 1 1 1 0 0 0 0 0 1
 Node 212:   2 0 0 1 0 0 0 0 0 0 1 2
 Node 213:   1 1 0 0 1 1 0 0 0 1 0 1
 Node 214:   1 0 2 0 1 1 0 0 0 0 0 0
 Node 215:   1 0 0 1 0 1 0 0 0 0 1 0
 Node 216:   1 1 1 1 0 1 0 0 0 0 1 1
 Node 217:   1 1 0 0 1 0 0 0 0 0 0 0
 Node 218:   2 0 1 0 0 0 0 0 0 1 1 1
 Node 219:   0 1 2 0 1 1 0 0 0 0 0 0
 Node 220:   0 0 0 2 1 0 0 0 0 0 0 0
 Node 221:   0 0 0 1 0 0 0 0 0 0 1 0
 Node 222:   0 0 1 0 1 1 1 0 0 0 0 1
 Node 223:   0 1 0 0 1 0 1 0 0 0 0 0
 Node 224:   1 0 0 1 1 1 0 0 0 0 0 1
 Node 225:   1 1 0 0 1 0 0 0 0 0 0 0
 Node 226:   2 0 1 0 0 0 0 0 0 0 1 0
 Node 227:   2 0 0 0 1 1 0 0 0 0 0 1
 Node 228:   2 0 0 0 0 2 0 0 0 0 1 1
 Node 229:   1 0 1 2 0 1 0 0 0 0 1 0
 Node 230:   2 0 1 0 0 0 0 0 0 0 1 0
 Node 231:   0 0 2 2 0 1 0 0 0 1 1 0
 Node 232:   0 0 1 0 1 1 0 0 0 0 0 0
 Node 233:   0 0 0 2 0 0 0 0 0 0 1 0
 Node 234:   0 0 0 1 1 1 0 0 0 0 0 0
 Node 235:   0 0 0 1 0 1 0 0 0 0 1 1
 Node 236:   0 1 0 0 0 1 0 0 0 0 1 0
 Node 237:   1 0 0 0 1 0 0 0 0 0 0 0
 Node 238:   1 0 0 0 0 0 0 0 0 0 1 2
 Node 239:   0 1 1 1 1 1 0 0 0 0 0 0
 Node 240:   0 1 0 1 0 0 0 0 0 0 1 0
 Node 241:   1 0 1 0 1 0 0 0 0 0 0 1
 Node 242:   0 0 1 0 1 0 0 0 0 0 0 1
 Node 243:   0 0 1 1 0 1 0 0 0 0 1 0
 Node 244:   0 1 0 1 0 0 0 0 0 0 1 1
 Node 245:   0 1 0 0 1 0 0 0 0 1 0 1
 Node 246:   0 0 1 1 1 1 0 0 0 0 0 0
 Node 247:   1 0 0 0 1 0 0 0 0 1 0 0
 Node 248:   2 0 1 1 0 0 0 0 0 0 1 1
 Node 249:   1 1 0 0 1 1 0 0 0 0 0 0
 Node 250:   1 0 0 0 0 1 0 0 0 1 1 1
 Node 251:   0 1 2 0 1 2 0 0 0 0 0 1
 Node 252:   0 1 0 1 0 0 0 0 0 0 1 0
 Node 253:   0 0 0 0 0 0 1 0 0 0 1 0
 Node 254:   0 0 2 0 1 0 1 0 0 0 0 1
 Node 255:   0 1 0 0 1 0 1 0 0 0 0 0
 Node 256:   0 0 1 0 1 0 0 0 0 0 0 0
 Node 257:   1 0 0 0 1 1 0 0 0 0 0 0
 Node 258:   0 1 1 0 0 0 0 0 0 0 1 2
 Node 259:   0 1 0 0 1 0 0 0 0 0 0 1
 Node 260:   0 0 1 1 1 0 0 0 0 0 0 0
 Node 261:   0 1 1 1 1 0 0 0 0 0 0 1
 Node 262:   1 0 1 0 0 1 0 0 0 0 1 1
 Node 263:   0 1 1 1 1 2 0 0 0 1 0 1
 Node 264:   0 1 0 1 0 2 0 0 0 0 1 1
 Node 265:   0 1 0 1 1 0 0 0 0 0 0 0
 Node 266:   0 1 0 1 1 1 0 0 0 0 0 0
 Node 267:   0 1 1 0 0 0 0 0 0 0 1 0
 Node 268:   0 1 0 1 1 1 0 0 0 0 0 0
 Node 269:   0 1 0 0 0 0 0 0 0 0 1 0
 Node 270:   0 0 1 0 1 0 0 0 0 0 0 1
 Node 271:   0 1 1 1 1 0 0 0 0 0 0 2
 Node 272:   1 0 0 1 0 0 0 0 0 0 1 0
 Node 273:   0 0 2 0 0 2 0 0 0 0 1 0
 Node 274:   0 1 0 0 0 1 0 0 0 0 1 0
 Node 275:   0 0 1 1 0 1 0 0 0 0 1 2
 Node 276:   0 0 1 1 1 0 0 0 0 0 0 0
 Node 277:   0 0 0 1 0 0 0 0 0 1 1 0
 Node 278:   0 1 2 0 1 0 0 0 0 0 0 1
 Node 279:   0 2 0 0 1 1 0 0 0 1 0 0
 Node 280:   0 2 1 1 0 0 0 0 0 0 1 0
 Node 281:   0 1 0 0 0 1 0 0 0 0 1 0
 Node 282:   0 1 0 0 0 1 0 0 0 0 1 0
 Node 283:   0 0 3 1 0 0 0 0 0 0 1 1
 Node 284:   0 0 1 1 1 0 0 0 0 0 0 0
 Node 285:   0 0 1 0 0 1 0 0 0 0 1 1
 Node 286:   0 1 1 0 0 2 0 0 0 0 1 0
 Node 287:   0 0 1 0 0 0 0 0 0 0 1 0
 Node 288:   1 0 0 0 0 1 0 0 0 0 1 1
 Node 289:   0 1 0 1 1 2 0 0 0 0 0 0
 Node 290:   0 1 0 0 0 0 0 0 0 0 1 0
 Node 291:   0 0 0 1 0 1 0 0 0 0 1 1
 Node 292:   0 1 1 0 0 0 0 0 0 0 1 0
 Node 293:   0 0 1 2 0 0 0 0 0 0 1 1
 Node 294:   0 1 1 1 1 0 0 0 0 0 0 0
 Node 295:   1 1 1 1 1 0 0 0 0 1 0 1
 Node 296:   0 2 0 2 1 0 0 0 0 0 0 1
 Node 297:   1 2 0 0 1 0 0 0 0 0 0 0
 Node 298:   0 2 0 1 1 0 0 0 0 0 0 1
 Node 299:   0 2 1 0 0 0 0 0 0 0 1 2
 Node 300:   0 2 0 1 1 0 0 0 0 0 0 1
 Node 301:   0 3 0 0 1 0 0 0 0 0 0 0
 Node 302:   1 2 0 0 0 1 0 0 0 0 1 0
 Node 303:   0 2 1 3 0 1 0 0 0 0 1 1
 Node 304:   0 2 0 1 0 0 0 0 0 0 1 0
 Node 305:   0 1 2 0 0 1 0 0 0 0 1 1
 Node 306:   0 2 0 0 0 0 0 0 0 0 1 0
 Node 307:   0 1 0 2 0 0 0 0 0 0 1 1
 Node 308:   1 1 0 1 0 2 0 0 0 0 1 0
 Node 309:   0 1 0 0 0 1 0 0 0 0 1 1
 Node 310:   1 0 1 0 0 1 0 0 0 0 1 0
 Node 311:   0 0 1 0 0 1 0 0 0 1 1 0
 Node 312:   1 0 1 1 0 0 0 0 0 0 1 1
 Node 313:   1 0 0 0 1 1 0 0 0 0 0 0
 Node 314:   0 0 0 1 1 0 0 0 0 0 0 1
 Node 315:   0 0 2 2 0 0 0 0 0 0 1 2
 Node 316:   0 0 1 1 1 1 0 0 0 0 0 0
 Node 317:   0 0 0 1 0 0 0 0 0 0 1 2
 Node 318:   0 0 1 1 1 0 0 0 0 0 0 1
 Node 319:   0 1 0 0 1 0 0 0 0 0 0 1
 Node 320:   2 0 0 0 0 0 0 0 0 0 1 0
 Node 321:   1 0 1 1 0 1 0 0 0 0 1 0
 Node 322:   1 0 1 0 1 0 0 0 0 0 0 0
 Node 323:   1 0 0 1 0 0 0 0 0 0 1 0
 Node 324:   1 0 2 0 1 0 0 0 0 0 0 0
 Node 325:   1 0 2 1 0 1 0 0 0 0 1 0
 Node 326:   1 0 2 0 1 0 0 1 0 0 0 0
 Node 327:   1 0 1 2 0 0 0 1 0 0 1 0
 Node 328:   1 0 0 1 0 0 0 1 0 0 1 1
 Node 329:   2 0 0 0 1 0 0 0 0 0 0 0
 Node 330:   1 0 1 0 1 1 0 0 0 0 0 1
 Node 331:   1 0 0 1 0 0 0 0 0 0 1 1
 Node 332:   2 0 0 0 1 0 0 0 0 0 0 1
 Node 333:   2 1 0 0 1 0 0 0 0 0 0 0
 Node 334:   3 0 0 0 0 1 0 0 0 0 1 0
 Node 335:   2 0 1 3 0 1 0 0 0 0 1 0
 Node 336:   2 0 1 1 1 1 0 0 0 0 0 0
 Node 337:   3 0 1 0 1 0 0 0 0 0 0 1
 Node 338:   1 0 2 0 0 0 0 0 0 0 1 1
 Node 339:   1 0 0 1 1 1 0 0 0 0 0 0
 Node 340:   0 0 0 2 1 1 0 0 0 0 0 1
 Node 341:   0 1 0 1 0 0 0 0 0 0 1 0
 Node 342:   0 1 1 0 1 0 0 0 0 0 0 0
 Node 343:   1 0 0 0 1 0 0 0 0 1 0 1
 Node 344:   0 1 2 1 1 0 0 0 0 0 0 1
 Node 345:   1 1 0 0 1 0 0 0 0 0 0 0
 Node 346:   0 1 0 0 0 0 0 0 0 0 1 1
 Node 347:   0 0 2 2 1 1 1 0 0 0 0 0
 Node 348:   0 1 0 1 0 2 1 0 0 0 1 0
 Node 349:   0 0 0 1 0 1 1 0 0 0 1 1
 Node 350:   0 1 1 0 0 0 1 0 0 0 1 0
 Node 351:   0 0 1 0 0 0 1 0 0 0 1 1
 Node 352:   0 0 1 0 1 1 0 0 0 0 0 1
 Node 353:   0 1 0 1 1 0 0 0 0 0 0 1
 Node 354:   0 0 1 0 1 2 0 0 0 0 0 0
 Node 355:   1 0 0 0 1 0 0 0 0 0 0 0
 Node 356:   1 0 2 0 0 0 0 0 0 0 1 2
 Node 357:   0 1 1 1 1 1 0 0 0 0 0 0
 Node 358:   0 0 2 0 1 2 0 0 0 0 0 0
 Node 359:   1 0 1 1 1 0 0 0 0 0 0 0
 Node 360:   0 0 0 1 1 0 0 0 0 0 0 2
 Node 361:   0 1 0 0 1 0 0 0 0 0 0 0
 Node 362:   0 0 0 1 1 2 0 0 0 0 0 0
 Node 363:   1 0 0 0 1 0 0 0 0 0 0 0
 Node 364:   0 0 1 0 1 0 0 0 0 0 0 2
 Node 365:   0 1 0 0 1 0 0 0 0 0 0 0
 Node 366:   0 0 0 1 1 0 0 0 0 0 0 0
 Node 367:   1 0 1 2 1 0 0 0 0 0 0 0
 Node 368:   0 0 0 2 1 1 0 0 0 0 0 2
 Node 369:   0 1 0 0 1 0 0 0 0 0 0 1
 Node 370:   1 0 2 0 0 1 0 0 0 0 1 1
 Node 371:   0 1 0 1 1 1 0 0 0 0 0 0
 Node 372:   0 0 0 1 1 0 0 0 0 0 0 0
 Node 373:   0 0 1 0 0 0 0 0 0 0 1 0
 Node 374:   0 0 2 0 1 0 0 0 0 0 0 0
 Node 375:   0 0 1 0 0 0 0 0 0 0 1 0
 Node 376:   1 0 0 1 0 2 0 0 0 0 1 0
 Node 377:   0 0 1 0 0 1 0 0 0 0 1 1
 Node 378:   0 0 1 1 1 0 0 0 0 0 0 1
 Node 379:   0 1 2 2 1 1 0 0 0 0 0 0
 Node 380:   0 0 0 2 1 0 0 0 0 0 0 0
 Node 381:   0 0 0 1 0 1 0 0 0 0 1 0
 Node 382:   0 1 1 0 0 0 0 0 0 0 1 0
 Node 383:   0 0 0 1 0 0 0 0 0 0 1 2
 Node 384:   0 0 0 1 1 1 0 0 0 0 0 0
 Node 385:   1 0 0 1 1 0 0 0 0 0 0 1
 Node 386:   0 0 0 1 1 2 0 0 0 0 0 1
 Node 387:   0 0 1 0 0 0 0 0 0 0 1 0
 Node 388:   1 0 2 0 0 0 0 0 0 0 1 1
 Node 389:   1 1 1 1 1 0 0 0 0 0 0 0
 Node 390:   1 0 1 1 1 2 0 0 0 0 0 0
 Node 391:   1 0 2 1 0 1 0 0 0 0 1 1
 Node 392:   1 1 0 0 0 1 0 0 0 0 1 0
 Node 393:   2 0 0 0 1 0 0 0 0 0 0 0
 Node 394:   1 0 0 1 1 0 0 0 0 0 0 2
 Node 395:   1 1 0 0 1 1 0 0 0 0 0 0
 Node 396:   1 1 0 0 0 2 0 0 0 0 1 0
 Node 397:   1 0 1 0 0 0 0 0 0 0 1 1
 Node 398:   1 0 1 0 1 0 0 0 0 0 0 0
 Node 399:   2 0 1 2 1 1 0 0 0 0 0 0
 Node 400:   1 1 0 1 0 0 0 0 0 0 1 1
 Node 401:   1 0 1 1 0 0 0 0 0 0 1 0
 Node 402:   1 0 2 1 1 1 0 0 0 0 0 0
 Node 403:   1 0 1 2 1 1 0 0 0 0 0 0
 Node 404:   1 1 0 0 0 0 0 0 0 0 1 0
 Node 405:   1 0 1 0 0 1 0 0 0 0 1 2
 Node 406:   1 1 1 0 0 1 0 0 0 0 1 0
 Node 407:   2 0 0 0 1 1 0 0 0 0 0 2
 Node 408:   0 1 0 1 0 0 0 0 0 0 1 1
 Node 409:   0 0 0 1 0 0 0 0 0 0 1 1
 Node 410:   1 0 0 1 0 1 0 0 0 0 1 0
 Node 411:   1 0 2 2 1 1 0 0 0 0 0 0
 Node 412:   1 0 0 1 0 0 0 0 0 0 1 1
 Node 413:   1 0 0 0 1 1 0 0 0 0 0 0
 Node 414:   1 0 1 0 0 0 0 0 0 0 1 1
 Node 415:   0 0 1 0 0 1 0 0 0 0 1 0
 Node 416:   0 0 1 0 1 0 0 0 0 0 0 0
 Node 417:   0 0 0 2 0 0 0 0 0 0 1 1
 Node 418:   0 0 0 1 1 0 0 0 0 0 0 0
 Node 419:   1 0 0 0 1 1 0 0 0 0 0 1
 Node 420:   0 1 2 0 0 0 0 0 0 0 1 1
 Node 421:   1 0 0 1 1 1 0 0 0 0 0 0
 Node 422:   0 0 1 1 1 0 0 0 0 0 0 1
 Node 423:   0 0 0 2 0 1 0 0 0 0 1 1
 Node 424:   0 0 0 1 1 0 0 0 0 0 0 0
 Node 425:   0 0 1 0 0 1 0 0 0 0 1 1
 Node 426:   0 1 0 0 0 0 0 0 0 0 1 0
 Node 427:   0 0 1 0 0 0 0 0 0 0 1 1
 Node 428:   0 0 0 1 1 1 0 0 0 0 0 0
 Node 429:   0 0 0 1 0 0 0 0 0 0 1 2
 Node 430:   0 0 1 0 1 1 0 0 0 0 0 0
 Node 431:   0 0 2 2 0 0 0 0 0 0 1 0
 Node 432:   1 0 0 1 0 1 0 0 0 0 1 1
 Node 433:   0 2 0 1 1 1 0 0 0 0 0 1
 Node 434:   0 1 2 1 1 0 0 0 0 0 0 1
 Node 435:   0 2 1 2 1 1 0 0 0 0 0 0
 Node 436:   0 2 0 0 0 0 0 0 0 0 1 0
 Node 437:   0 1 0 1 0 0 0 0 0 0 1 2
 Node 438:   0 1 2 0 1 0 0 0 0 0 0 0
 Node 439:   0 1 0 1 0 0 0 0 0 0 1 0
 Node 440:   1 1 0 0 0 0 0 0 0 0 1 0
 Node 441:   0 1 0 0 1 2 1 0 0 0 0 2
 Node 442:   0 2 0 1 0 0 0 0 0 0 1 0
 Node 443:   1 1 2 2 1 0 0 0 0 0 0 0
 Node 444:   0 1 0 1 1 0 0 0 0 0 0 1
 Node 445:   1 0 0 0 1 1 0 0 0 0 0 0
 Node 446:   0 1 1 0 0 0 0 0 0 0 1 2
 Node 447:   0 1 0 0 1 0 0 0 0 0 0 1
 Node 448:   1 0 1 0 1 1 0 0 0 0 0 0
 Node 449:   1 0 0 2 0 1 0 0 0 0 1 0
 Node 450:   1 1 0 0 0 0 0 0 0 0 1 0
 Node 451:   1 0 1 0 0 0 0 0 0 0 1 0
 Node 452:   2 0 2 0 0 0 0 0 0 0 1 1
 Node 453:   2 1 0 1 1 1 0 0 0 0 0 0
 Node 454:   2 1 1 0 0 0 0 0 0 0 1 0
 Node 455:   2 0 0 1 1 0 0 0 0 0 0 0
 Node 456:   2 0 0 0 0 0 0 0 0 0 1 1
 Node 457:   1 0 0 1 0 1 0 0 0 0 1 1
 Node 458:   1 0 1 0 1 0 0 0 0 0 0 0
 Node 459:   1 0 0 1 0 0 0 0 0 0 1 1
 Node 460:   1 0 0 1 1 0 0 0 0 0 0 0
 Node 461:   0 0 1 1 0 1 0 0 0 0 1 0
 Node 462:   0 1 0 0 0 2 0 0 0 0 1 0
 Node 463:   1 0 1 2 1 0 0 0 0 0 0 1
 Node 464:   0 0 0 1 1 0 0 0 0 0 0 1
 Node 465:   0 0 1 1 0 0 0 0 0 0 1 1
 Node 466:   0 0 3 0 1 0 0 0 0 0 0 0
 Node 467:   1 0 1 2 1 1 0 0 0 0 0 0
 Node 468:   0 1 0 0 0 1 0 0 0 0 1 1
 Node 469:   0 0 0 1 0 1 0 0 0 0 1 1
 Node 470:   0 1 1 0 0 1 0 0 0 0 1 1
 Node 471:   0 1 0 0 1 0 0 0 0 0 0 0
 Node 472:   0 0 1 0 1 0 0 0 0 0 0 0
 Node 473:   0 0 0 1 0 1 0 0 0 0 1 0
 Node 474:   0 1 0 0 0 0 0 0 0 0 1 0
 Node 475:   1 0 2 2 1 1 0 0 0 0 0 0
 Node 476:   0 0 0 1 0 0 1 0 0 0 1 2
 Node 477:   0 1 0 0 1 0 1 0 0 0 0 0
 Node 478:   0 0 2 0 1 0 1 0 0 0 0 0
 Node 479:   0 0 1 0 0 0 1 0 0 0 1 0
 Node 480:   1 0 0 0 0 2 0 0 0 0 1 0
 Node 481:   0 0 1 1 0 1 0 0 0 0 1 0
 Node 482:   1 0 0 0 0 0 0 0 0 0 1 0
 Node 483:   1 0 0 0 1 2 0 0 0 0 0 1
 Node 484:   1 1 2 0 0 1 0 0 0 0 1 1
 Node 485:   1 1 0 1 1 0 0 0 0 0 0 0
 Node 486:   2 0 1 0 0 1 0 0 0 0 1 1
 Node 487:   1 1 0 0 1 1 0 0 0 0 0 0
 Node 488:   1 0 1 0 0 0 0 0 0 0 1 0
 Node 489:   0 0 1 0 0 1 0 0 0 0 1 0
 Node 490:   0 0 1 0 1 3 0 0 0 0 0 0
 Node 491:   1 0 0 0 1 0 0 0 0 0 0 0
 Node 492:   0 0 1 0 1 0 0 0 0 0 0 1
 Node 493:   1 0 1 0 1 0 0 0 0 0 0 0
 Node 494:   0 0 0 1 1 0 0 0 0 0 0 1
 Node 495:   0 0 2 2 0 0 0 0 0 0 1 0
 Node 496:   1 0 0 0 1 0 0 0 0 0 0 0
 Node 497:   1 0 0 2 0 0 0 0 0 0 1 2
 Node 498:   1 0 3 0 1 1 0 0 0 0 0 0
 Node 499:   2 0 1 2 1 0 0 0 0 0 0 1
 Node 500:   1 0 0 1 1 1 0 0 0 0 0 1
 Node 501:   1 0 0 1 0 0 0 0 0 0 1 0
 Node 502:   1 0 2 0 1 1 0 0 0 0 0 0
 Node 503:   1 0 0 0 1 0 1 0 0 0 0 0
 Node 504:   2 0 0 0 0 2 1 0 0 0 1 0
 Node 505:   1 0 0 0 1 1 2 0 0 0 0 0
 Node 506:   2 0 0 0 0 0 2 0 0 0 1 1
 Node 507:   1 0 3 3 0 1 2 0 0 0 1 1
 Node 508:   1 0 2 1 0 0 0 0 0 0 1 1
 Node 509:   0 1 0 0 1 1 0 0 0 0 0 0
 Node 510:   0 0 1 0 1 2 0 0 0 0 0 1
 Node 511:   0 1 0 0 1 0 0 0 0 0 0 2
 Node 512:   0 0 0 1 1 1 0 0 0 0 0 1
 Node 513:   0 1 0 1 1 0 0 0 0 0 0 1
 Node 514:   0 0 1 0 1 1 0 0 0 0 0 0
 Node 515:   1 0 0 0 0 0 0 0 0 0 1 0
 Node 516:   1 0 2 1 1 0 0 0 0 0 0 0
 Node 517:   2 0 0 1 1 0 0 0 0 0 0 1
 Node 518:   1 0 1 1 1 0 0 0 0 0 0 2
 Node 519:   1 1 0 0 1 0 0 0 0 0 0 2
 Node 520:   2 0 1 0 0 0 0 0 0 0 1 0
 Node 521:   2 0 0 0 1 1 0 0 0 0 0 2
 Node 522:   1 0 0 1 1 1 0 0 0 0 0 1
 Node 523:   2 0 0 0 0 0 0 0 0 0 1 1
 Node 524:   2 0 1 0 1 1 0 0 0 0 0 0
 Node 525:   3 0 1 0 1 1 0 0 0 0 0 1
 Node 526:   2 1 0 0 0 2 0 0 0 0 1 1
 Node 527:   2 0 2 2 0 1 0 0 0 0 1 2
 Node 528:   2 1 0 0 0 0 0 0 0 0 1 0
 Node 529:   2 0 0 2 0 0 0 0 0 0 1 0
 Node 530:   3 0 2 0 0 1 0 0 0 0 1 0
 Node 531:   1 0 2 3 0 1 0 0 0 0 1 0
 Node 532:   1 0 0 1 1 1 0 0 0 0 0 1
 Node 533:   1 1 0 0 1 0 0 0 0 0 0 0
 Node 534:   1 0 0 1 1 1 0 0 0 0 0 1
 Node 535:   1 0 0 0 0 0 1 0 0 0 1 0
 Node 536:   1 0 0 1 1 1 1 0 0 0 0 0
 Node 537:   2 0 0 0 1 0 1 0 0 0 0 1
 Node 538:   1 0 1 1 1 0 1 0 0 0 0 1
 Node 539:   0 0 4 4 0 0 0 0 0 0 1 1
 Node 540:   0 0 3 0 1 0 0 0 0 0 0 1
 Node 541:   0 1 0 0 1 0 0 0 0 0 0 0
 Node 542:   0 0 0 1 1 1 0 0 0 0 0 0
 Node 543:   0 0 0 1 0 0 0 0 0 0 1 0
 Node 544:   0 0 0 1 1 1 0 1 0 0 0 0
 Node 545:   0 0 1 1 0 0 0 1 0 0 1 1
 Node 546:   0 0 0 1 1 1 0 1 0 0 0 0
 Node 547:   1 0 0 0 1 0 0 1 0 0 0 1
 Node 548:   0 0 2 0 0 0 0 1 0 0 1 1
 Node 549:   0 0 0 2 0 1 0 0 0 0 1 0
 Node 550:   0 1 1 0 0 0 0 0 0 0 1 0
 Node 551:   0 0 0 2 0 0 0 0 0 0 1 0
 Node 552:   1 0 1 0 0 1 0 0 0 0 1 0
 Node 553:   1 0 0 1 0 1 0 0 0 0 1 0
 Node 554:   1 0 1 0 1 0 0 0 0 0 0 1
 Node 555:   1 0 1 1 0 1 0 0 0 0 1 1
 Node 556:   1 1 0 0 0 1 0 0 0 0 1 0
 Node 557:   1 0 0 1 0 1 0 0 0 0 1 0
 Node 558:   1 0 2 2 1 0 0 0 0 0 0 0
 Node 559:   1 2 0 3 0 1 0 0 0 0 1 1
 Node 560:   2 2 0 0 0 0 0 0 0 0 1 0
 Node 561:   0 2 1 1 0 1 0 0 0 0 1 0
 Node 562:   0 2 2 0 1 0 0 0 0 0 0 0
 Node 563:   1 1 2 2 1 0 0 0 0 0 0 0
 Node 564:   0 1 0 1 1 1 0 0 0 0 0 2
 Node 565:   0 2 0 0 1 0 0 0 0 0 0 1
 Node 566:   0 1 0 0 1 0 0 0 0 0 0 0
 Node 567:   1 0 0 0 1 0 0 0 0 0 0 0
 Node 568:   0 0 0 1 1 0 0 0 0 0 0 1
 Node 569:   0 0 1 1 0 1 0 0 0 0 1 0
 Node 570:   0 2 0 1 0 2 0 0 0 0 1 1
 Node 571:   0 2 4 3 1 0 0 0 0 0 0 0
 Node 572:   1 1 2 0 0 1 0 0 0 0 1 0
 Node 573:   0 1 1 0 0 1 0 0 0 0 1 1
 Node 574:   1 1 0 0 0 0 0 0 0 0 1 1
 Node 575:   0 2 0 0 1 1 0 0 0 0 0 0
 Node 576:   0 0 0 2 1 0 0 0 0 0 0 0
 Node 577:   0 0 0 2 0 0 0 0 0 0 1 1
 Node 578:   0 0 0 0 0 0 0 1 0 0 1 0
 Node 579:   0 0 0 1 0 0 0 0 0 0 1 0
 Node 580:   0 0 3 0 1 0 0 0 0 0 0 1
 Node 581:   0 1 0 1 1 0 0 0 0 0 0 0
 Node 582:   1 0 1 0 0 0 0 0 0 0 1 0
 Node 583:   1 0 0 1 1 1 0 0 0 0 0 0
 Node 584:   0 1 1 1 1 0 0 0 0 0 0 1
 Node 585:   1 1 0 1 0 1 0 0 0 0 1 0
 Node 586:   1 2 0 0 0 1 0 0 0 0 1 0
 Node 587:   1 1 0 2 0 0 0 0 0 0 1 1
 Node 588:   1 1 1 0 1 1 0 0 0 0 0 0
 Node 589:   1 1 1 0 0 0 0 0 0 0 1 0
 Node 590:   2 1 2 1 0 0 0 0 0 0 1 0
 Node 591:   2 1 0 2 0 2 0 0 0 0 1 0
 Node 592:   2 3 0 0 0 1 0 0 0 0 1 1
 Node 593:   2 3 0 0 1 0 0 0 0 0 0 1
 Node 594:   3 2 2 0 0 0 0 0 0 0 1 0
 Node 595:   3 2 1 2 1 2 0 0 0 0 0 1
 Node 596:   2 2 0 1 1 0 0 0 0 0 0 1
 Node 597:   1 2 1 1 0 0 0 0 0 0 1 0
 Node 598:   1 2 1 0 1 0 0 0 0 0 0 0
 Node 599:   1 2 0 0 0 0 0 0 0 0 1 0
 Node 600:   1 1 1 0 1 0 0 0 0 0 0 0
 Node 601:   0 1 2 0 0 0 0 0 0 0 1 0
 Node 602:   0 0 0 2 1 0 0 0 0 0 0 1
 Node 603:   0 1 4 3 1 0 0 0 0 0 0 0
 Node 604:   1 0 2 0 0 0 0 0 0 0 1 0
 Node 605:   0 0 0 1 0 1 0 0 0 0 1 1
 Node 606:   0 0 1 0 1 1 0 0 0 0 0 1
 Node 607:   0 1 0 0 1 0 0 0 0 0 0 1
 Node 608:   0 0 1 1 1 0 0 0 0 0 0 1
 Node 609:   0 1 0 0 1 0 0 0 0 0 0 0
 Node 610:   1 0 0 0 0 0 0 0 0 0 1 0
 Node 611:   0 0 1 0 0 2 0 0 0 0 1 1
 Node 612:   0 1 2 0 0 1 0 0 0 0 1 1
 Node 613:   0 1 0 1 1 0 0 0 0 0 0 0
 Node 614:   1 0 1 0 0 0 0 0 0 0 1 1
 Node 615:   0 1 0 0 1 1 0 0 0 0 0 1
 Node 616:   0 0 2 0 1 0 0 0 0 0 0 0
 Node 617:   0 0 1 1 0 0 0 0 0 0 1 0
 Node 618:   1 0 0 0 0 1 0 0 0 0 1 0
 Node 619:   1 0 0 1 1 1 0 0 0 0 0 0
 Node 620:   0 0 0 1 1 2 0 0 0 0 0 1
 Node 621:   1 0 0 0 1 1 0 0 0 0 0 1
 Node 622:   0 1 2 1 0 0 0 0 0 0 1 1
 Node 623:   1 0 0 2 1 0 0 0 0 0 0 1
 Node 624:   0 0 0 1 1 0 0 0 0 0 0 2
 Node 625:   0 1 0 0 1 1 0 0 0 0 0 1
 Node 626:   0 1 2 0 0 0 0 0 0 0 1 0
 Node 627:   0 0 1 3 0 0 0 0 0 0 1 0
 Node 628:   0 0 1 0 1 0 0 0 0 0 0 0
 Node 629:   0 0 2 0 0 0 0 0 0 0 1 0
 Node 630:   0 0 1 0 1 2 0 0 0 0 0 0
 Node 631:   0 0 1 0 0 0 0 0 0 0 1 1
 Node 632:   0 0 1 0 1 1 0 0 0 0 0 0
 Node 633:   0 0 3 0 0 0 0 0 0 0 1 0
 Node 634:   1 0 0 1 0 1 0 0 0 0 1 0
 Node 635:   1 0 3 3 1 1 0 0 0 0 0 1
 Node 636:   0 0 3 0 1 0 0 0 0 0 0 1
 Node 637:   0 0 1 0 0 0 0 0 0 0 1 0
 Node 638:   0 0 0 1 1 1 0 0 0 0 0 0
 Node 639:   0 0 0 1 0 0 0 0 0 0 1 0
 Node 640:   1 0 0 1 0 2 0 0 0 0 1 0
 Node 641:   0 0 1 0 0 1 0 0 0 0 1 0
 Node 642:   1 0 0 0 0 1 0 0 0 0 1 0
 Node 643:   0 0 0 1 0 1 0 0 0 0 1 2
 Node 644:   1 0 2 0 0 0 0 0 0 0 1 1
 Node 645:   0 1 0 1 1 1 0 0 0 0 0 0
 Node 646:   0 1 1 0 0 0 0 0 0 0 1 0
 Node 647:   0 0 0 1 0 0 0 0 0 0 1 0
 Node 648:   0 0 2 0 1 1 0 0 0 0 0 0
 Node 649:   0 0 1 1 0 0 0 0 0 0 1 2
 Node 650:   0 0 0 1 1 0 0 0 0 0 0 1
 Node 651:   0 1 0 1 1 0 0 0 0 0 0 0
 Node 652:   0 0 0 1 1 1 0 0 0 0 0 0
 Node 653:   0 0 1 0 0 1 0 0 0 0 1 0
 Node 654:   0 1 2 1 0 0 0 0 0 0 1 0
 Node 655:   0 0 0 3 0 1 0 0 0 0 1 0
 Node 656:   0 1 0 0 0 0 0 0 0 0 1 0
 Node 657:   0 0 0 1 0 1 0 0 0 0 1 0
 Node 658:   0 1 2 0 0 1 0 0 0 0 1 0
 Node 659:   0 0 2 2 0 0 0 0 0 0 1 0
 Node 660:   1 0 0 0 0 1 0 0 0 0 1 0
 Node 661:   1 0 1 0 1 1 0 0 0 0 0 2
 Node 662:   0 0 0 1 1 2 0 0 0 0 0 1
 Node 663:   0 0 0 1 0 0 0 0 0 0 1 1
 Node 664:   1 0 0 0 0 1 0 0 0 0 1 0
 Node 665:   1 0 2 0 0 1 0 0 0 0 1 1
 Node 666:   1 0 0 2 1 0 0 0 0 0 0 0
 Node 667:   1 0 3 3 1 0 0 0 0 0 0 0
 Node 668:   1 0 2 0 0 2 0 0 0 0 1 1
 Node 669:   0 0 1 0 0 1 0 0 0 0 1 1
 Node 670:   0 0 1 0 1 0 0 0 0 0 0 0
 Node 671:   0 0 1 0 0 0 0 0 0 0 1 0
 Node 672:   0 0 0 2 1 0 0 1 0 0 0 1
 Node 673:   0 1 0 0 1 0 0 1 0 0 0 1
 Node 674:   0 0 0 1 1 0 0 1 0 0 0 0
 Node 675:   0 0 0 1 0 1 0 1 0 0 1 0
 Node 676:   0 1 2 0 0 0 0 1 0 0 1 0
 Node 677:   0 0 0 0 0 0 0 1 0 0 1 0
 Node 678:   1 0 1 0 0 0 0 0 0 0 1 0
 Node 679:   2 0 0 0 1 1 0 0 0 0 0 0
 Node 680:   1 1 1 0 0 2 0 0 0 0 1 1
 Node 681:   1 0 0 2 0 1 0 0 0 0 1 1
 Node 682:   1 1 0 0 0 1 0 0 0 0 1 0
 Node 683:   2 0 0 1 1 0 0 0 0 0 0 1
 Node 684:   1 0 0 1 1 1 0 0 0 0 0 2
 Node 685:   1 1 0 0 1 1 0 0 0 0 0 1
 Node 686:   1 1 2 1 0 0 0 0 0 0 1 0
 Node 687:   1 1 1 2 0 0 0 0 0 0 1 0
 Node 688:   1 1 1 0 1 0 0 0 0 0 0 0
 Node 689:   2 1 0 0 1 0 0 0 0 0 0 1
 Node 690:   1 1 1 1 1 1 0 0 0 0 0 2
 Node 691:   0 2 1 2 1 0 0 0 0 0 0 1
 Node 692:   1 1 0 0 0 1 0 0 0 0 1 0
 Node 693:   0 1 1 1 0 1 0 0 0 0 1 1
 Node 694:   0 1 1 0 1 0 0 0 0 0 0 1
 Node 695:   0 2 0 0 1 1 0 0 0 0 0 0
 Node 696:   0 2 0 0 0 0 0 0 0 0 1 0
 Node 697:   0 1 3 0 0 1 0 0 0 0 1 0
 Node 698:   0 2 0 1 0 0 0 0 0 0 1 0
 Node 699:   0 1 4 2 0 0 0 0 0 0 1 1
 Node 700:   0 2 2 1 1 0 0 0 0 0 0 0
 Node 701:   0 2 1 0 0 0 0 0 0 0 1 1
 Node 702:   0 2 0 0 1 1 0 0 0 0 0 1
 Node 703:   0 2 0 0 1 0 0 0 0 0 0 2
 Node 704:   1 0 0 1 0 0 0 0 0 0 1 0
 Node 705:   1 0 0 0 0 1 0 0 0 0 1 1
 Node 706:   2 0 0 0 0 1 0 0 0 0 1 1
 Node 707:   1 1 0 0 1 1 0 0 0 0 0 1
 Node 708:   1 0 3 0 1 1 0 0 0 0 0 0
 Node 709:   1 0 1 0 0 0 0 0 0 0 1 0
 Node 710:   1 0 1 0 1 2 0 0 0 0 0 0
 Node 711:   2 0 0 0 0 0 0 0 0 0 1 0
 Node 712:   2 0 1 1 1 0 0 0 0 0 0 0
 Node 713:   2 0 0 1 1 0 0 0 0 0 0 0
 Node 714:   2 0 0 1 1 0 0 0 0 0 0 0
 Node 715:   2 0 0 2 0 0 0 0 0 0 1 0
 Node 716:   2 0 0 1 1 0 0 0 0 0 0 1
 Node 717:   2 1 0 0 1 1 0 0 0 0 0 0
 Node 718:   2 1 2 0 0 1 0 0 0 0 1 0
 Node 719:   1 0 1 2 0 0 0 0 1 0 1 2
 Node 720:   1 1 0 0 0 1 0 0 0 0 1 1
 Node 721:   1 0 0 1 0 0 0 0 0 0 1 0
 Node 722:   1 0 1 0 0 0 0 0 0 0 1 2
 Node 723:   1 1 0 1 1 0 0 0 0 0 0 1
 Node 724:   1 0 0 1 1 0 0 0 0 0 0 0
 Node 725:   1 0 1 1 0 1 0 0 0 0 1 0
 Node 726:   2 0 0 0 0 2 0 0 0 0 1 0
 Node 727:   2 0 0 0 1 3 0 0 0 0 0 1
 Node 728:   1 1 0 0 0 0 0 0 0 0 1 1
 Node 729:   1 0 3 0 0 0 0 0 0 0 1 2
 Node 730:   1 0 1 1 1 0 0 0 0 0 0 0
 Node 731:   1 0 1 2 1 1 0 0 0 0 0 1
 Node 732:   0 1 2 0 0 0 0 0 0 0 1 1
 Node 733:   1 0 0 0 1 0 0 0 0 0 0 2
 Node 734:   1 0 0 0 0 1 0 0 0 0 1 1
 Node 735:   0 0 0 1 0 1 0 0 0 0 1 1
 Node 736:   0 0 1 1 1 0 0 0 0 0 0 0
 Node 737:   0 0 0 1 0 0 0 0 0 0 1 0
 Node 738:   0 0 0 1 1 0 0 0 0 0 0 1
 Node 739:   0 1 0 0 1 1 0 0 0 0 0 0
 Node 740:   0 1 2 0 0 1 0 0 0 0 1 0
 Node 741:   1 0 0 0 1 0 0 0 0 0 0 1
 Node 742:   0 0 0 1 1 1 0 0 0 0 0 1
 Node 743:   1 0 0 0 1 0 0 0 0 0 0 0
 Node 744:   1 0 0 0 0 0 0 0 0 0 1 2
 Node 745:   0 0 1 0 0 1 0 0 0 0 1 0
 Node 746:   0 0 1 0 1 0 0 0 1 0 0 1
 Node 747:   0 2 0 1 1 0 0 0 0 0 0 0
 Node 748:   1 1 0 0 0 0 0 0 0 0 1 0
 Node 749:   1 1 0 0 1 2 0 0 0 0 0 1
 Node 750:   0 2 1 0 0 1 0 0 0 0 1 1
 Node 751:   0 1 0 2 0 1 0 0 1 0 1 2
 Node 752:   0 2 0 0 0 0 0 0 0 0 1 0
 Node 753:   0 1 1 0 0 0 0 0 0 0 1 0
 Node 754:   0 1 1 0 1 2 0 0 0 0 0 0
 Node 755:   1 1 0 1 0 0 0 0 0 0 1 1
 Node 756:   2 1 0 0 0 0 0 0 0 0 1 1
 Node 757:   1 2 1 1 1 1 0 0 0 0 0 0
 Node 758:   1 1 0 1 1 0 0 0 0 0 0 0
 Node 759:   1 1 0 2 0 0 0 0 0 0 1 0
 Node 760:   1 1 0 0 1 0 0 0 0 0 0 0
 Node 761:   1 0 2 1 0 1 0 0 0 0 1 2
 Node 762:   1 1 0 1 0 1 0 0 0 0 1 0
 Node 763:   1 0 1 1 1 1 0 0 0 0 0 0
 Node 764:   0 1 2 0 0 1 0 0 0 0 1 1
 Node 765:   0 0 0 1 0 0 0 0 0 0 1 0
 Node 766:   0 0 0 1 1 0 0 0 0 0 0 0
 Node 767:   0 0 1 0 0 0 0 0 0 0 1 0
 Node 768:   0 0 1 1 1 1 0 1 0 0 0 0
 Node 769:   0 0 0 0 0 0 0 1 0 0 1 0
 Node 770:   1 0 0 0 0 0 0 0 0 0 1 1
 Node 771:   0 0 1 0 0 1 0 0 0 0 1 0
 Node 772:   1 0 0 0 0 0 0 0 0 0 1 1
 Node 773:   0 0 1 0 0 1 0 0 0 0 1 0
 Node 774:   0 0 1 0 1 1 0 0 0 0 0 0
 Node 775:   0 0 1 0 0 0 0 0 0 0 1 0
 Node 776:   1 0 0 0 0 0 0 0 0 0 1 0
 Node 777:   1 0 0 0 1 2 0 0 0 0 0 1
 Node 778:   0 1 0 0 0 1 0 0 1 0 1 2
 Node 779:   0 1 0 1 1 1 0 0 0 0 0 0
 Node 780:   0 1 0 0 0 1 0 0 0 0 1 0
 Node 781:   0 1 0 1 0 1 0 0 0 0 1 0
 Node 782:   0 2 1 0 0 1 0 0 0 0 1 0
 Node 783:   0 1 0 2 0 0 0 0 1 0 1 0
 Node 784:   0 1 1 0 1 0 0 0 0 0 0 0
 Node 785:   0 1 1 0 0 0 0 0 0 0 1 1
 Node 786:   0 1 0 1 1 2 0 0 0 0 0 0
 Node 787:   0 1 0 2 0 0 0 0 0 0 1 0
 Node 788:   0 2 1 0 1 1 0 0 0 0 0 0
 Node 789:   0 2 2 1 0 0 0 0 0 0 1 0
 Node 790:   1 2 0 0 0 0 0 0 0 0 1 0
 Node 791:   1 2 0 1 1 1 0 0 0 0 0 0
 Node 792:   0 2 0 0 1 1 0 0 0 0 0 1
 Node 793:   0 1 2 1 0 0 0 0 0 0 1 0
 Node 794:   0 1 1 1 1 0 0 0 0 0 0 1
 Node 795:   0 2 1 0 1 0 0 0 0 0 0 1
 Node 796:   0 1 2 1 1 0 0 0 0 0 0 0
 Node 797:   1 1 0 0 1 0 0 0 0 0 0 0
 Node 798:   0 1 1 0 1 0 0 0 0 0 0 1
 Node 799:   0 1 1 0 0 0 0 0 0 0 1 1
 Node 800:   0 0 1 1 1 1 0 1 0 0 0 0
 Node 801:   1 0 0 0 1 1 0 1 0 0 0 0
 Node 802:   0 1 0 0 0 0 0 1 0 0 1 1
 Node 803:   1 0 0 0 1 0 0 1 0 0 0 1
 Node 804:   0 0 1 0 1 1 0 1 0 0 0 1
 Node 805:   0 0 0 0 1 0 0 1 0 0 0 1
 Node 806:   0 0 0 1 1 1 0 0 0 0 0 0
 Node 807:   0 0 1 0 0 0 0 0 0 0 1 1
 Node 808:   0 0 1 0 1 0 0 0 0 0 0 1
 Node 809:   0 1 0 0 1 0 0 0 0 0 0 1
 Node 810:   0 0 1 0 1 0 0 0 1 0 0 0
 Node 811:   0 0 1 1 0 0 0 0 0 0 1 0
 Node 812:   1 0 0 0 0 0 0 0 0 0 1 0
 Node 813:   0 0 1 0 0 1 0 0 0 0 1 1
 Node 814:   0 0 1 1 1 1 0 0 0 0 0 0
 Node 815:   1 0 0 1 1 0 0 0 1 0 0 0
 Node 816:   1 0 0 0 0 2 0 0 0 0 1 1
 Node 817:   1 0 0 0 1 1 0 0 0 0 0 1
 Node 818:   0 0 0 1 1 0 0 0 0 0 0 1
 Node 819:   0 0 1 0 0 0 0 0 0 0 1 1
 Node 820:   0 0 0 1 1 2 0 0 0 0 0 1
 Node 821:   0 1 1 1 1 0 0 0 0 0 0 1
 Node 822:   0 0 1 0 1 0 0 0 0 0 0 0
 Node 823:   1 0 0 1 1 0 0 0 0 0 0 1
 Node 824:   0 0 0 1 1 1 0 0 0 0 0 1
 Node 825:   0 0 3 0 0 0 0 0 0 0 1 0
 Node 826:   0 0 1 1 1 1 0 0 0 0 0 0
 Node 827:   0 0 1 1 0 1 0 0 0 0 1 0
 Node 828:   0 1 2 0 0 0 0 0 0 0 1 0
 Node 829:   0 0 1 0 0 0 0 0 0 0 1 0
 Node 830:   0 0 1 0 1 2 0 0 1 0 0 1
 Node 831:   0 2 0 0 1 0 0 0 0 0 0 1
 Node 832:   1 0 0 1 0 1 0 0 0 0 1 0
 Node 833:   0 0 1 0 0 1 0 0 0 0 1 0
 Node 834:   1 0 0 0 0 0 0 0 0 0 1 0
 Node 835:   0 0 1 0 0 1 0 0 0 0 1 0
 Node 836:   0 0 0 1 1 1 0 0 0 0 0 0
 Node 837:   0 0 1 0 0 0 0 0 0 0 1 0
 Node 838:   1 0 0 0 0 0 0 0 0 0 1 0
 Node 839:   1 0 0 0 1 2 0 0 0 0 0 2
 Node 840:   0 1 0 0 0 1 0 0 0 0 1 1
 Node 841:   0 0 0 1 0 1 0 0 0 0 1 0
 Node 842:   0 1 0 0 0 1 0 0 1 0 1 0
 Node 843:   1 0 0 1 1 0 0 0 0 0 0 1
 Node 844:   0 0 1 0 1 1 0 0 0 0 0 1
 Node 845:   0 0 0 1 0 0 0 0 0 0 1 1
 Node 846:   0 0 2 1 1 0 0 0 0 0 0 0
 Node 847:   1 1 0 1 1 0 0 0 1 0 0 0
 Node 848:   0 1 0 1 1 0 0 0 0 0 0 1
 Node 849:   1 1 0 0 1 0 0 0 0 0 0 0
 Node 850:   1 1 0 0 0 0 0 0 0 0 1 1
 Node 851:   1 1 0 1 0 0 0 0 0 0 1 1
 Node 852:   1 1 0 1 1 0 0 0 0 0 0 1
 Node 853:   1 2 1 1 1 1 0 0 0 0 0 0
 Node 854:   1 1 1 0 1 1 0 0 0 0 0 0
 Node 855:   1 1 0 2 0 0 0 0 0 0 1 0
 Node 856:   1 1 0 1 1 0 0 0 0 0 0 0
 Node 857:   0 1 4 0 0 0 0 0 0 0 1 1
 Node 858:   0 1 0 1 1 1 0 0 0 0 0 0
 Node 859:   0 0 2 0 0 1 0 0 0 0 1 0
 Node 860:   0 1 2 0 0 0 0 0 0 0 1 0
 Node 861:   1 0 0 0 1 0 0 0 0 0 0 1
 Node 862:   0 0 0 1 1 1 0 0 1 0 0 1
 Node 863:   0 0 1 0 0 0 0 0 0 0 1 1
 Node 864:   0 0 1 1 1 1 0 0 0 0 0 1
 Node 865:   0 1 0 0 1 1 0 0 0 0 0 2
 Node 866:   0 1 0 0 0 0 0 0 0 0 1 0
 Node 867:   1 0 0 0 1 0 0 0 0 0 0 1
 Node 868:   1 0 0 0 0 0 0 0 0 0 1 1
 Node 869:   0 0 1 0 0 1 0 0 0 0 1 1
 Node 870:   1 0 0 0 0 1 0 0 0 0 1 0
 Node 871:   0 0 0 1 0 1 0 0 0 0 1 0
 Node 872:   0 0 1 0 1 1 0 0 0 0 0 0
 Node 873:   0 0 1 0 0 0 0 0 0 0 1 0
 Node 874:   1 0 0 0 0 0 0 0 0 0 1 0
 Node 875:   2 0 0 1 1 0 0 0 0 0 0 0
 Node 876:   1 0 0 1 1 1 0 0 0 0 0 2
 Node 877:   1 1 0 0 1 0 0 0 0 0 0 1
 Node 878:   2 0 2 0 0 0 0 0 0 0 1 1
 Node 879:   1 1 0 1 1 1 0 0 0 0 0 1
 Node 880:   1 0 1 0 1 0 0 0 0 0 0 0
 Node 881:   2 0 0 0 1 1 0 0 0 0 0 1
 Node 882:   1 1 0 0 0 0 0 0 0 0 1 1
 Node 883:   1 0 1 0 0 1 0 0 0 0 1 0
 Node 884:   1 1 0 0 0 0 0 0 0 0 1 0
 Node 885:   1 0 1 2 1 0 0 0 0 0 0 0
 Node 886:   0 0 1 0 1 2 0 0 0 0 0 1
 Node 887:   1 0 0 1 1 0 0 0 0 0 0 0
 Node 888:   1 0 0 1 0 0 0 0 1 0 1 0
 Node 889:   1 0 2 0 1 2 0 0 0 0 0 1
 Node 890:   0 0 1 1 1 0 0 0 0 0 0 2
 Node 891:   0 1 1 0 1 0 0 0 0 0 0 2
 Node 892:   0 0 3 0 1 0 0 0 0 0 0 0
 Node 893:   0 0 1 0 0 0 0 0 0 0 1 0
 Node 894:   0 0 1 0 1 0 0 0 1 0 0 0
 Node 895:   0 0 0 1 0 0 0 0 0 0 1 2
 Node 896:   0 0 0 2 1 1 0 0 0 0 0 0
 Node 897:   0 0 0 1 0 2 0 0 0 0 1 1
 Node 898:   0 1 0 0 0 1 0 0 0 0 1 0
 Node 899:   0 0 1 0 0 1 0 0 0 0 1 1
 Node 900:   0 1 0 0 0 0 0 0 0 0 1 0
 Node 901:   0 0 1 0 0 0 0 0 0 0 1 1
 Node 902:   0 0 0 1 1 0 0 0 0 0 0 1
 Node 903:   0 1 0 0 1 0 0 0 0 0 0 1
 Node 904:   0 0 0 1 1 1 0 0 0 0 0 1
 Node 905:   0 1 0 0 1 0 0 0 0 0 0 1
 Node 906:   0 0 1 0 1 0 0 0 0 0 0 0
 Node 907:   1 0 0 1 1 0 0 0 0 0 0 0
 Node 908:   0 0 1 0 1 0 0 0 0 0 0 1
 Node 909:   0 0 0 1 0 1 0 0 1 0 1 1
 Node 910:   0 2 1 0 0 2 0 0 0 0 1 0
 Node 911:   0 1 0 2 0 0 0 0 0 0 1 1
 Node 912:   0 1 1 0 1 1 0 0 0 0 0 0
 Node 913:   1 1 0 0 1 1 0 0 0 0 0 0
 Node 914:   0 2 0 0 0 1 0 0 0 0 1 1
 Node 915:   0 1 1 0 0 0 0 0 0 0 1 1
 Node 916:   1 1 0 0 0 0 0 0 0 0 1 0
 Node 917:   2 1 1 1 1 0 0 0 0 0 0 0
 Node 918:   1 1 0 1 1 1 0 0 0 0 0 1
 Node 919:   0 1 0 1 0 0 0 0 0 0 1 0
 Node 920:   0 0 1 1 1 1 0 0 1 0 0 0
 Node 921:   0 0 3 0 0 0 0 0 0 0 1 1
 Node 922:   0 0 1 1 1 1 0 0 0 0 0 0
 Node 923:   0 0 1 1 0 1 0 0 0 0 1 0
 Node 924:   0 1 2 0 0 1 0 0 0 0 1 0
 Node 925:   1 0 0 0 1 0 0 0 0 0 0 1
 Node 926:   0 0 1 0 1 1 0 0 1 0 0 1
 Node 927:   0 0 0 1 0 0 0 0 0 0 1 0
 Node 928:   0 0 1 1 1 0 0 0 0 0 0 0
 Node 929:   0 0 0 1 0 0 0 0 0 0 1 1
 Node 930:   0 0 0 1 1 1 0 0 0 0 0 0
 Node 931:   0 0 0 1 0 1 0 0 0 0 1 1
 Node 932:   0 1 0 0 0 0 0 0 0 0 1 0
 Node 933:   0 0 1 0 0 2 0 0 0 0 1 1
 Node 934:   0 1 0 0 0 0 0 0 0 0 1 1
 Node 935:   0 0 0 1 0 0 0 0 0 0 1 0
 Node 936:   1 0 0 0 0 1 0 0 0 0 1 0
 Node 937:   1 0 0 0 1 2 0 0 0 0 0 0
 Node 938:   0 1 0 0 0 1 0 0 0 0 1 1
 Node 939:   0 0 1 1 0 1 0 0 0 0 1 0
 Node 940:   0 1 0 0 0 2 0 0 0 0 1 0
 Node 941:   0 0 0 1 0 0 0 0 1 0 1 0
 Node 942:   0 0 1 1 1 0 0 0 0 0 0 0
 Node 943:   0 0 0 2 0 0 0 0 0 0 1 0
 Node 944:   1 0 0 1 0 1 0 0 0 0 1 0
 Node 945:   1 0 0 0 1 1 0 0 0 0 0 1
 Node 946:   0 0 0 1 1 0 0 0 0 0 0 1
 Node 947:   1 0 0 0 1 0 0 0 0 0 0 1
 Node 948:   1 0 0 0 0 1 0 0 0 0 1 2
 Node 949:   0 1 1 1 1 1 0 0 0 0 0 1
 Node 950:   0 1 0 0 0 0 0 0 0 0 1 1
 Node 951:   0 1 0 0 1 0 0 0 0 0 0 0
 Node 952:   0 0 0 2 1 1 0 0 1 0 0 0
 Node 953:   0 0 0 1 0 0 0 0 0 0 1 2
 Node 954:   0 0 1 1 1 1 0 0 0 0 0 0
 Node 955:   0 0 2 0 0 0 0 0 0 0 1 1
 Node 956:   1 0 1 0 0 1 0 0 0 0 1 0
 Node 957:   0 0 0 0 1 1 1 0 0 0 0 0
 Node 958:   0 0 1 0 1 1 1 0 1 0 0 1
 Node 959:   0 1 0 0 1 1 1 0 0 0 0 0
 Node 960:   1 0 0 0 0 2 0 0 0 0 1 0
 Node 961:   1 0 0 1 0 0 0 0 0 0 1 0
 Node 962:   1 0 0 1 1 0 0 0 0 0 0 1
 Node 963:   1 1 0 0 1 0 0 0 0 0 0 0
 Node 964:   2 0 0 0 0 0 0 0 0 0 1 1
 Node 965:   0 1 0 1 1 2 0 0 0 0 0 1
 Node 966:   0 1 0 0 0 0 0 0 0 0 1 0
 Node 967:   0 0 1 0 0 0 0 0 0 0 1 0
 Node 968:   0 0 0 1 1 0 0 0 0 0 0 0
 Node 969:   1 0 0 0 1 0 0 0 0 0 0 0
 Node 970:   1 0 0 0 0 0 0 0 0 0 1 2
 Node 971:   0 1 0 1 1 1 0 0 0 0 0 2
 Node 972:   0 1 0 1 1 1 0 0 0 0 0 0
 Node 973:   0 1 0 0 0 0 0 0 1 0 1 0
 Node 974:   1 0 1 0 0 0 0 0 0 0 1 1
 Node 975:   0 1 0 1 1 2 0 0 0 0 0 0
 Node 976:   1 0 0 1 0 0 0 0 0 0 1 0
 Node 977:   0 0 0 2 0 2 0 0 1 0 1 0
 Node 978:   0 2 0 0 0 0 0 0 0 0 1 1
 Node 979:   0 2 0 0 1 0 0 0 0 0 0 0
 Node 980:   0 1 0 1 1 0 0 0 0 0 0 0
 Node 981:   0 1 2 0 0 0 0 0 0 0 1 0
 Node 982:   1 1 0 0 0 1 0 0 0 0 1 0
 Node 983:   1 1 0 0 1 3 0 0 0 0 0 0
 Node 984:   0 2 0 1 0 1 0 0 1 0 1 1
 Node 985:   1 1 0 0 1 0 0 0 0 0 0 0
 Node 986:   0 1 1 1 1 2 0 0 0 0 0 2
 Node 987:   0 1 0 1 0 0 0 0 0 0 1 3
 Node 988:   0 1 1 1 1 0 0 0 0 0 0 0
 Node 989:   1 1 0 0 1 0 0 0 0 0 0 0
 Node 990:   0 1 0 0 0 2 0 0 1 0 1 2
 Node 991:   0 1 0 0 1 0 0 0 0 0 0 0
 Node 992:   0 0 0 1 1 0 0 0 0 0 0 1
 Node 993:   0 1 0 1 1 0 0 0 0 0 0 0
 Node 994:   1 0 0 0 0 0 0 0 0 0 1 2
 Node 995:   0 1 0 0 1 1 0 0 0 0 0 0
 Node 996:   1 0 0 1 0 0 0 0 0 0 1 1
 Node 997:   0 1 0 0 1 2 0 0 0 0 0 0
 Node 998:   0 1 0 0 0 0 0 0 0 0 1 0
 Node 999:   1 0 0 0 1 1 0 0 0 0 0 2
 Node 1000:   0 1 0 0 0 0 0 0 0 0 1 2
 Node 1001:   0 1 0 0 1 0 0 0 0 0 0 0
 Node 1002:   1 0 0 0 0 0 0 0 0 0 1 0
 Node 1003:   0 0 0 1 0 1 0 0 0 0 1 0
 Node 1004:   0 0 0 1 1 0 0 0 0 0 0 0
 Node 1005:   1 0 0 0 0 0 0 0 1 0 1 0
 Node 1006:   2 0 0 1 0 1 0 0 0 0 1 0
 Node 1007:   2 0 0 1 1 2 0 0 0 0 0 0
 Node 1008:   1 1 0 1 0 0 0 0 0 0 1 2
 Node 1009:   1 1 0 1 1 1 0 0 1 0 0 0
 Node 1010:   1 1 0 0 0 0 0 0 0 0 1 1
 Node 1011:   1 1 0 0 1 0 0 0 0 0 0 0
 Node 1012:   2 0 0 0 0 0 0 0 0 0 1 0
 Node 1013:   2 0 0 0 1 1 0 0 0 0 0 2
 Node 1014:   1 0 0 2 1 0 0 0 0 0 0 1
 Node 1015:   2 0 0 0 1 0 0 0 0 0 0 0
 Node 1016:   3 0 0 1 0 0 0 0 1 0 1 1
 Node 1017:   1 1 0 0 1 1 0 0 1 0 0 0
 Node 1018:   0 0 0 2 1 1 0 0 0 0 0 0
 Node 1019:   0 0 0 1 0 1 0 0 0 0 1 0
 Node 1020:   0 1 0 0 0 0 0 0 0 0 1 0
 Node 1021:   1 0 0 0 1 0 0 0 0 0 0 0
 Node 1022:   0 0 0 1 1 0 0 0 1 0 0 2
 Node 1023:   0 1 0 0 1 0 0 0 0 0 0 0

(Maximum) Crossing Paths: 4
The number of paths on this application : 1024 (all-to-all cases: 1047552)
The average hops : 3.228516
ID size(without ID modification)4
(Maximum) number of slots: 4
