ID Allocation Policy is 0(low port first) / 1(Crossing Paths based method): 1
Address method is 0(destination_based) / 1(path_based): 1
 dst_based renewable label = 31
 path_based renewable label = 31


 (east, west, south, north, from host0,... east(vch2), south(vch2), west(vch2), north(vch2), from host(vch2)0,.. to host(vch2)0,..
 Node  0:   1 0 31 0 1 1
 Node  1:   1 31 0 0 1 1
 Node  2:   1 30 0 0 1 1
 Node  3:   1 29 0 0 1 1
 Node  4:   1 28 0 0 1 1
 Node  5:   1 27 0 0 1 1
 Node  6:   1 26 0 0 1 1
 Node  7:   1 25 0 0 1 1
 Node  8:   1 24 0 0 1 1
 Node  9:   1 23 0 0 1 1
 Node 10:   1 22 0 0 1 1
 Node 11:   1 21 0 0 1 1
 Node 12:   1 20 0 0 1 1
 Node 13:   1 19 0 0 1 1
 Node 14:   1 18 0 0 1 1
 Node 15:   1 17 0 0 1 1
 Node 16:   1 16 0 0 1 1
 Node 17:   1 15 0 0 1 1
 Node 18:   1 14 0 0 1 1
 Node 19:   1 13 0 0 1 1
 Node 20:   1 12 0 0 1 1
 Node 21:   1 11 0 0 1 1
 Node 22:   1 10 0 0 1 1
 Node 23:   1 9 0 0 1 1
 Node 24:   1 8 0 0 1 1
 Node 25:   1 7 0 0 1 1
 Node 26:   1 6 0 0 1 1
 Node 27:   1 5 0 0 1 1
 Node 28:   1 4 0 0 1 1
 Node 29:   1 3 0 0 1 1
 Node 30:   1 2 0 0 1 1
 Node 31:   0 1 1 0 1 1
 Node 32:   1 0 30 1 1 1
 Node 33:   2 0 0 1 1 1
 Node 34:   3 0 0 1 1 1
 Node 35:   4 0 0 1 1 1
 Node 36:   5 0 0 1 1 1
 Node 37:   6 0 0 1 1 1
 Node 38:   7 0 0 1 1 1
 Node 39:   8 0 0 1 1 1
 Node 40:   9 0 0 1 1 1
 Node 41:   10 0 0 1 1 1
 Node 42:   11 0 0 1 1 1
 Node 43:   12 0 0 1 1 1
 Node 44:   13 0 0 1 1 1
 Node 45:   14 0 0 1 1 1
 Node 46:   15 0 0 1 1 1
 Node 47:   16 0 1 1 1 1
 Node 48:   0 1 30 1 1 1
 Node 49:   0 15 0 1 1 1
 Node 50:   0 14 0 1 1 1
 Node 51:   0 13 0 1 1 1
 Node 52:   0 12 0 1 1 1
 Node 53:   0 11 0 1 1 1
 Node 54:   0 10 0 1 1 1
 Node 55:   0 9 0 1 1 1
 Node 56:   0 8 0 1 1 1
 Node 57:   0 7 0 1 1 1
 Node 58:   0 6 0 1 1 1
 Node 59:   0 5 0 1 1 1
 Node 60:   0 4 0 1 1 1
 Node 61:   0 3 0 1 1 1
 Node 62:   0 2 0 1 1 1
 Node 63:   0 1 1 1 1 1
 Node 64:   1 0 29 1 1 1
 Node 65:   2 0 0 2 1 1
 Node 66:   3 0 0 2 1 1
 Node 67:   4 0 0 2 1 1
 Node 68:   5 0 0 2 1 1
 Node 69:   6 0 0 2 1 1
 Node 70:   7 0 0 2 1 1
 Node 71:   8 0 0 2 1 1
 Node 72:   1 0 29 2 1 1
 Node 73:   1 23 0 2 1 1
 Node 74:   1 22 0 2 1 1
 Node 75:   1 21 0 2 1 1
 Node 76:   1 20 0 2 1 1
 Node 77:   1 19 0 2 1 1
 Node 78:   1 18 0 2 1 1
 Node 79:   1 17 1 2 1 1
 Node 80:   1 16 29 1 1 1
 Node 81:   1 15 0 2 1 1
 Node 82:   1 14 0 2 1 1
 Node 83:   1 13 0 2 1 1
 Node 84:   1 12 0 2 1 1
 Node 85:   1 11 0 2 1 1
 Node 86:   1 10 0 2 1 1
 Node 87:   0 9 1 2 1 1
 Node 88:   0 8 0 2 1 1
 Node 89:   0 7 0 2 1 1
 Node 90:   0 6 0 2 1 1
 Node 91:   0 5 0 2 1 1
 Node 92:   0 4 0 2 1 1
 Node 93:   0 3 0 2 1 1
 Node 94:   0 2 0 2 1 1
 Node 95:   0 1 1 2 1 1
 Node 96:   1 0 28 1 1 1
 Node 97:   2 0 0 3 1 1
 Node 98:   3 0 0 3 1 1
 Node 99:   4 0 0 3 1 1
 Node 100:   5 0 0 3 1 1
 Node 101:   6 0 0 3 1 1
 Node 102:   7 0 0 3 1 1
 Node 103:   8 0 1 3 1 1
 Node 104:   9 1 28 1 1 1
 Node 105:   10 1 0 3 1 1
 Node 106:   11 1 0 3 1 1
 Node 107:   12 1 0 3 1 1
 Node 108:   13 1 0 3 1 1
 Node 109:   14 1 0 3 1 1
 Node 110:   15 1 0 3 1 1
 Node 111:   16 1 1 3 1 1
 Node 112:   17 1 28 1 1 1
 Node 113:   18 1 0 3 1 1
 Node 114:   19 1 0 3 1 1
 Node 115:   20 1 0 3 1 1
 Node 116:   21 1 0 3 1 1
 Node 117:   22 1 0 3 1 1
 Node 118:   23 1 0 3 1 1
 Node 119:   24 1 1 3 1 1
 Node 120:   0 1 28 3 1 1
 Node 121:   0 7 0 3 1 1
 Node 122:   0 6 0 3 1 1
 Node 123:   0 5 0 3 1 1
 Node 124:   0 4 0 3 1 1
 Node 125:   0 3 0 3 1 1
 Node 126:   0 2 0 3 1 1
 Node 127:   0 1 1 3 1 1
 Node 128:   1 0 27 1 1 1
 Node 129:   2 0 0 4 1 1
 Node 130:   3 0 0 4 1 1
 Node 131:   4 0 0 4 1 1
 Node 132:   1 0 27 4 1 1
 Node 133:   1 27 0 4 1 1
 Node 134:   1 26 0 4 1 1
 Node 135:   1 25 1 4 1 1
 Node 136:   1 24 27 1 1 1
 Node 137:   1 23 0 4 1 1
 Node 138:   1 22 0 4 1 1
 Node 139:   1 21 0 4 1 1
 Node 140:   1 20 0 4 1 1
 Node 141:   1 19 0 4 1 1
 Node 142:   1 18 0 4 1 1
 Node 143:   1 17 1 4 1 1
 Node 144:   1 16 27 1 1 1
 Node 145:   1 15 0 4 1 1
 Node 146:   1 14 0 4 1 1
 Node 147:   1 13 0 4 1 1
 Node 148:   1 12 0 4 1 1
 Node 149:   1 11 0 4 1 1
 Node 150:   1 10 0 4 1 1
 Node 151:   1 9 1 4 1 1
 Node 152:   1 8 27 1 1 1
 Node 153:   1 7 0 4 1 1
 Node 154:   1 6 0 4 1 1
 Node 155:   0 5 1 4 1 1
 Node 156:   0 4 0 4 1 1
 Node 157:   0 3 0 4 1 1
 Node 158:   0 2 0 4 1 1
 Node 159:   0 1 1 4 1 1
 Node 160:   1 0 26 1 1 1
 Node 161:   2 0 0 5 1 1
 Node 162:   3 0 0 5 1 1
 Node 163:   4 0 0 5 1 1
 Node 164:   5 0 26 1 1 1
 Node 165:   6 0 0 5 1 1
 Node 166:   7 0 0 5 1 1
 Node 167:   8 0 1 5 1 1
 Node 168:   9 0 26 1 1 1
 Node 169:   10 0 0 5 1 1
 Node 170:   11 0 0 5 1 1
 Node 171:   12 0 1 5 1 1
 Node 172:   13 1 0 5 1 1
 Node 173:   14 1 0 5 1 1
 Node 174:   15 1 0 5 1 1
 Node 175:   16 1 1 5 1 1
 Node 176:   17 1 26 1 1 1
 Node 177:   18 1 0 5 1 1
 Node 178:   19 1 0 5 1 1
 Node 179:   20 1 0 5 1 1
 Node 180:   0 1 26 5 1 1
 Node 181:   0 11 0 5 1 1
 Node 182:   0 10 0 5 1 1
 Node 183:   0 9 1 5 1 1
 Node 184:   0 8 26 1 1 1
 Node 185:   0 7 0 5 1 1
 Node 186:   0 6 0 5 1 1
 Node 187:   0 5 1 5 1 1
 Node 188:   0 4 0 5 1 1
 Node 189:   0 3 0 5 1 1
 Node 190:   0 2 0 5 1 1
 Node 191:   0 1 1 5 1 1
 Node 192:   1 0 25 1 1 1
 Node 193:   2 0 0 6 1 1
 Node 194:   3 0 0 6 1 1
 Node 195:   4 0 0 6 1 1
 Node 196:   5 0 25 1 1 1
 Node 197:   6 0 0 6 1 1
 Node 198:   7 0 0 6 1 1
 Node 199:   8 0 1 6 1 1
 Node 200:   9 0 25 1 1 1
 Node 201:   10 0 0 6 1 1
 Node 202:   11 0 0 6 1 1
 Node 203:   12 0 1 6 1 1
 Node 204:   1 0 25 6 1 1
 Node 205:   1 19 0 6 1 1
 Node 206:   1 18 0 6 1 1
 Node 207:   1 17 1 6 1 1
 Node 208:   1 16 25 1 1 1
 Node 209:   1 15 0 6 1 1
 Node 210:   1 14 0 6 1 1
 Node 211:   0 13 1 6 1 1
 Node 212:   0 12 25 1 1 1
 Node 213:   0 11 0 6 1 1
 Node 214:   0 10 0 6 1 1
 Node 215:   0 9 1 6 1 1
 Node 216:   0 8 25 1 1 1
 Node 217:   0 7 0 6 1 1
 Node 218:   0 6 0 6 1 1
 Node 219:   0 5 1 6 1 1
 Node 220:   0 4 0 6 1 1
 Node 221:   0 3 0 6 1 1
 Node 222:   0 2 0 6 1 1
 Node 223:   0 1 1 6 1 1
 Node 224:   1 0 24 1 1 1
 Node 225:   2 0 0 7 1 1
 Node 226:   3 0 0 7 1 1
 Node 227:   4 0 1 7 1 1
 Node 228:   5 1 24 1 1 1
 Node 229:   6 1 0 7 1 1
 Node 230:   7 1 0 7 1 1
 Node 231:   8 1 1 7 1 1
 Node 232:   9 1 24 1 1 1
 Node 233:   10 1 0 7 1 1
 Node 234:   11 1 0 7 1 1
 Node 235:   12 1 1 7 1 1
 Node 236:   13 1 24 1 1 1
 Node 237:   14 1 0 7 1 1
 Node 238:   15 1 0 7 1 1
 Node 239:   16 1 1 7 1 1
 Node 240:   17 1 24 1 1 1
 Node 241:   18 1 0 7 1 1
 Node 242:   19 1 0 7 1 1
 Node 243:   20 1 1 7 1 1
 Node 244:   21 1 24 1 1 1
 Node 245:   22 1 0 7 1 1
 Node 246:   23 1 0 7 1 1
 Node 247:   24 1 1 7 1 1
 Node 248:   25 1 24 1 1 1
 Node 249:   26 1 0 7 1 1
 Node 250:   27 1 0 7 1 1
 Node 251:   28 1 1 7 1 1
 Node 252:   0 1 24 7 1 1
 Node 253:   0 3 0 7 1 1
 Node 254:   0 2 0 7 1 1
 Node 255:   0 1 1 7 1 1
 Node 256:   1 0 23 1 1 1
 Node 257:   2 0 0 8 1 1
 Node 258:   1 0 23 8 1 1
 Node 259:   1 29 1 8 1 1
 Node 260:   1 28 23 1 1 1
 Node 261:   1 27 0 8 1 1
 Node 262:   1 26 0 8 1 1
 Node 263:   1 25 1 8 1 1
 Node 264:   1 24 23 1 1 1
 Node 265:   1 23 0 8 1 1
 Node 266:   1 22 0 8 1 1
 Node 267:   1 21 1 8 1 1
 Node 268:   1 20 23 1 1 1
 Node 269:   1 19 0 8 1 1
 Node 270:   1 18 0 8 1 1
 Node 271:   1 17 1 8 1 1
 Node 272:   1 16 23 1 1 1
 Node 273:   1 15 0 8 1 1
 Node 274:   1 14 0 8 1 1
 Node 275:   1 13 1 8 1 1
 Node 276:   1 12 23 1 1 1
 Node 277:   1 11 0 8 1 1
 Node 278:   1 10 0 8 1 1
 Node 279:   1 9 1 8 1 1
 Node 280:   1 8 23 1 1 1
 Node 281:   1 7 0 8 1 1
 Node 282:   1 6 0 8 1 1
 Node 283:   1 5 1 8 1 1
 Node 284:   1 4 23 1 1 1
 Node 285:   0 3 1 8 1 1
 Node 286:   0 2 0 8 1 1
 Node 287:   0 1 1 8 1 1
 Node 288:   1 0 22 1 1 1
 Node 289:   2 0 0 9 1 1
 Node 290:   3 0 22 1 1 1
 Node 291:   4 0 1 9 1 1
 Node 292:   5 0 22 1 1 1
 Node 293:   6 0 0 9 1 1
 Node 294:   7 0 0 9 1 1
 Node 295:   8 0 1 9 1 1
 Node 296:   9 0 22 1 1 1
 Node 297:   10 0 0 9 1 1
 Node 298:   11 0 0 9 1 1
 Node 299:   12 0 1 9 1 1
 Node 300:   13 0 22 1 1 1
 Node 301:   14 0 1 9 1 1
 Node 302:   15 1 0 9 1 1
 Node 303:   16 1 1 9 1 1
 Node 304:   17 1 22 1 1 1
 Node 305:   18 1 0 9 1 1
 Node 306:   0 1 22 9 1 1
 Node 307:   0 13 1 9 1 1
 Node 308:   0 12 22 1 1 1
 Node 309:   0 11 0 9 1 1
 Node 310:   0 10 0 9 1 1
 Node 311:   0 9 1 9 1 1
 Node 312:   0 8 22 1 1 1
 Node 313:   0 7 0 9 1 1
 Node 314:   0 6 0 9 1 1
 Node 315:   0 5 1 9 1 1
 Node 316:   0 4 22 1 1 1
 Node 317:   0 3 1 9 1 1
 Node 318:   0 2 0 9 1 1
 Node 319:   0 1 1 9 1 1
 Node 320:   1 0 21 1 1 1
 Node 321:   2 0 0 10 1 1
 Node 322:   3 0 21 1 1 1
 Node 323:   4 0 1 10 1 1
 Node 324:   5 0 21 1 1 1
 Node 325:   6 0 0 10 1 1
 Node 326:   7 0 0 10 1 1
 Node 327:   8 0 1 10 1 1
 Node 328:   9 0 21 1 1 1
 Node 329:   10 0 0 10 1 1
 Node 330:   1 0 21 10 1 1
 Node 331:   1 21 1 10 1 1
 Node 332:   1 20 21 1 1 1
 Node 333:   1 19 1 10 1 1
 Node 334:   1 18 0 10 1 1
 Node 335:   1 17 1 10 1 1
 Node 336:   1 16 21 1 1 1
 Node 337:   1 15 0 10 1 1
 Node 338:   1 14 21 1 1 1
 Node 339:   1 13 1 10 1 1
 Node 340:   1 12 21 1 1 1
 Node 341:   0 11 1 10 1 1
 Node 342:   0 10 0 10 1 1
 Node 343:   0 9 1 10 1 1
 Node 344:   0 8 21 1 1 1
 Node 345:   0 7 0 10 1 1
 Node 346:   0 6 0 10 1 1
 Node 347:   0 5 1 10 1 1
 Node 348:   0 4 21 1 1 1
 Node 349:   0 3 1 10 1 1
 Node 350:   0 2 0 10 1 1
 Node 351:   0 1 1 10 1 1
 Node 352:   1 0 20 1 1 1
 Node 353:   2 0 0 11 1 1
 Node 354:   3 0 20 1 1 1
 Node 355:   4 0 1 11 1 1
 Node 356:   5 0 20 1 1 1
 Node 357:   6 0 1 11 1 1
 Node 358:   7 1 0 11 1 1
 Node 359:   8 1 1 11 1 1
 Node 360:   9 1 20 1 1 1
 Node 361:   10 1 0 11 1 1
 Node 362:   11 1 20 1 1 1
 Node 363:   12 1 1 11 1 1
 Node 364:   13 1 20 1 1 1
 Node 365:   14 1 1 11 1 1
 Node 366:   15 1 0 11 1 1
 Node 367:   16 1 1 11 1 1
 Node 368:   17 1 20 1 1 1
 Node 369:   18 1 0 11 1 1
 Node 370:   19 1 20 1 1 1
 Node 371:   20 1 1 11 1 1
 Node 372:   21 1 20 1 1 1
 Node 373:   22 1 1 11 1 1
 Node 374:   23 1 0 11 1 1
 Node 375:   24 1 1 11 1 1
 Node 376:   25 1 20 1 1 1
 Node 377:   26 1 0 11 1 1
 Node 378:   0 1 20 11 1 1
 Node 379:   0 5 1 11 1 1
 Node 380:   0 4 20 1 1 1
 Node 381:   0 3 1 11 1 1
 Node 382:   0 2 0 11 1 1
 Node 383:   0 1 1 11 1 1
 Node 384:   1 0 19 1 1 1
 Node 385:   2 0 0 12 1 1
 Node 386:   3 0 19 1 1 1
 Node 387:   4 0 1 12 1 1
 Node 388:   5 0 19 1 1 1
 Node 389:   6 0 1 12 1 1
 Node 390:   1 0 19 12 1 1
 Node 391:   1 25 1 12 1 1
 Node 392:   1 24 19 1 1 1
 Node 393:   1 23 0 12 1 1
 Node 394:   1 22 19 1 1 1
 Node 395:   1 21 1 12 1 1
 Node 396:   1 20 19 1 1 1
 Node 397:   1 19 1 12 1 1
 Node 398:   1 18 0 12 1 1
 Node 399:   1 17 1 12 1 1
 Node 400:   1 16 19 1 1 1
 Node 401:   1 15 0 12 1 1
 Node 402:   1 14 19 1 1 1
 Node 403:   1 13 1 12 1 1
 Node 404:   1 12 19 1 1 1
 Node 405:   1 11 1 12 1 1
 Node 406:   1 10 0 12 1 1
 Node 407:   1 9 1 12 1 1
 Node 408:   1 8 19 1 1 1
 Node 409:   0 7 1 12 1 1
 Node 410:   0 6 19 1 1 1
 Node 411:   0 5 1 12 1 1
 Node 412:   0 4 19 1 1 1
 Node 413:   0 3 1 12 1 1
 Node 414:   0 2 0 12 1 1
 Node 415:   0 1 1 12 1 1
 Node 416:   1 0 18 1 1 1
 Node 417:   2 0 0 13 1 1
 Node 418:   3 0 18 1 1 1
 Node 419:   4 0 1 13 1 1
 Node 420:   5 0 18 1 1 1
 Node 421:   6 0 1 13 1 1
 Node 422:   7 0 18 1 1 1
 Node 423:   8 0 1 13 1 1
 Node 424:   9 0 18 1 1 1
 Node 425:   10 0 1 13 1 1
 Node 426:   11 1 18 1 1 1
 Node 427:   12 1 1 13 1 1
 Node 428:   13 1 18 1 1 1
 Node 429:   14 1 1 13 1 1
 Node 430:   15 1 0 13 1 1
 Node 431:   16 1 1 13 1 1
 Node 432:   17 1 18 1 1 1
 Node 433:   18 1 0 13 1 1
 Node 434:   19 1 18 1 1 1
 Node 435:   20 1 1 13 1 1
 Node 436:   21 1 18 1 1 1
 Node 437:   22 1 1 13 1 1
 Node 438:   0 1 18 13 1 1
 Node 439:   0 9 1 13 1 1
 Node 440:   0 8 18 1 1 1
 Node 441:   0 7 1 13 1 1
 Node 442:   0 6 18 1 1 1
 Node 443:   0 5 1 13 1 1
 Node 444:   0 4 18 1 1 1
 Node 445:   0 3 1 13 1 1
 Node 446:   0 2 0 13 1 1
 Node 447:   0 1 1 13 1 1
 Node 448:   1 0 17 1 1 1
 Node 449:   2 0 0 14 1 1
 Node 450:   3 0 17 1 1 1
 Node 451:   4 0 1 14 1 1
 Node 452:   5 0 17 1 1 1
 Node 453:   6 0 1 14 1 1
 Node 454:   7 0 17 1 1 1
 Node 455:   8 0 1 14 1 1
 Node 456:   9 0 17 1 1 1
 Node 457:   10 0 1 14 1 1
 Node 458:   11 0 17 1 1 1
 Node 459:   12 0 1 14 1 1
 Node 460:   13 0 17 1 1 1
 Node 461:   14 0 1 14 1 1
 Node 462:   1 0 17 14 1 1
 Node 463:   1 17 1 14 1 1
 Node 464:   1 16 17 1 1 1
 Node 465:   0 15 1 14 1 1
 Node 466:   0 14 17 1 1 1
 Node 467:   0 13 1 14 1 1
 Node 468:   0 12 17 1 1 1
 Node 469:   0 11 1 14 1 1
 Node 470:   0 10 17 1 1 1
 Node 471:   0 9 1 14 1 1
 Node 472:   0 8 17 1 1 1
 Node 473:   0 7 1 14 1 1
 Node 474:   0 6 17 1 1 1
 Node 475:   0 5 1 14 1 1
 Node 476:   0 4 17 1 1 1
 Node 477:   0 3 1 14 1 1
 Node 478:   0 2 0 14 1 1
 Node 479:   0 1 1 14 1 1
 Node 480:   1 0 16 1 1 1
 Node 481:   2 0 1 15 1 1
 Node 482:   3 1 16 1 1 1
 Node 483:   4 1 1 15 1 1
 Node 484:   5 1 16 1 1 1
 Node 485:   6 1 1 15 1 1
 Node 486:   7 1 16 1 1 1
 Node 487:   8 1 1 15 1 1
 Node 488:   9 1 16 1 1 1
 Node 489:   10 1 1 15 1 1
 Node 490:   11 1 16 1 1 1
 Node 491:   12 1 1 15 1 1
 Node 492:   13 1 16 1 1 1
 Node 493:   14 1 1 15 1 1
 Node 494:   15 1 16 1 1 1
 Node 495:   16 1 1 15 1 1
 Node 496:   17 1 16 1 1 1
 Node 497:   18 1 1 15 1 1
 Node 498:   19 1 16 1 1 1
 Node 499:   20 1 1 15 1 1
 Node 500:   21 1 16 1 1 1
 Node 501:   22 1 1 15 1 1
 Node 502:   23 1 16 1 1 1
 Node 503:   24 1 1 15 1 1
 Node 504:   25 1 16 1 1 1
 Node 505:   26 1 1 15 1 1
 Node 506:   27 1 16 1 1 1
 Node 507:   28 1 1 15 1 1
 Node 508:   29 1 16 1 1 1
 Node 509:   30 1 1 15 1 1
 Node 510:   0 1 16 15 1 1
 Node 511:   0 1 1 15 1 1
 Node 512:   1 0 15 1 1 1
 Node 513:   1 0 15 16 1 1
 Node 514:   1 30 15 1 1 1
 Node 515:   1 29 1 16 1 1
 Node 516:   1 28 15 1 1 1
 Node 517:   1 27 1 16 1 1
 Node 518:   1 26 15 1 1 1
 Node 519:   1 25 1 16 1 1
 Node 520:   1 24 15 1 1 1
 Node 521:   1 23 1 16 1 1
 Node 522:   1 22 15 1 1 1
 Node 523:   1 21 1 16 1 1
 Node 524:   1 20 15 1 1 1
 Node 525:   1 19 1 16 1 1
 Node 526:   1 18 15 1 1 1
 Node 527:   1 17 1 16 1 1
 Node 528:   1 16 15 1 1 1
 Node 529:   1 15 1 16 1 1
 Node 530:   1 14 15 1 1 1
 Node 531:   1 13 1 16 1 1
 Node 532:   1 12 15 1 1 1
 Node 533:   1 11 1 16 1 1
 Node 534:   1 10 15 1 1 1
 Node 535:   1 9 1 16 1 1
 Node 536:   1 8 15 1 1 1
 Node 537:   1 7 1 16 1 1
 Node 538:   1 6 15 1 1 1
 Node 539:   1 5 1 16 1 1
 Node 540:   1 4 15 1 1 1
 Node 541:   1 3 1 16 1 1
 Node 542:   0 2 15 1 1 1
 Node 543:   0 1 1 16 1 1
 Node 544:   1 0 14 1 1 1
 Node 545:   2 0 14 0 1 1
 Node 546:   3 0 14 1 1 1
 Node 547:   4 0 1 17 1 1
 Node 548:   5 0 14 1 1 1
 Node 549:   6 0 1 17 1 1
 Node 550:   7 0 14 1 1 1
 Node 551:   8 0 1 17 1 1
 Node 552:   9 0 14 1 1 1
 Node 553:   10 0 1 17 1 1
 Node 554:   11 0 14 1 1 1
 Node 555:   12 0 1 17 1 1
 Node 556:   13 0 14 1 1 1
 Node 557:   14 0 1 17 1 1
 Node 558:   15 0 14 1 1 1
 Node 559:   16 1 1 17 1 1
 Node 560:   17 1 14 1 1 1
 Node 561:   0 1 14 17 1 1
 Node 562:   0 14 14 1 1 1
 Node 563:   0 13 1 17 1 1
 Node 564:   0 12 14 1 1 1
 Node 565:   0 11 1 17 1 1
 Node 566:   0 10 14 1 1 1
 Node 567:   0 9 1 17 1 1
 Node 568:   0 8 14 1 1 1
 Node 569:   0 7 1 17 1 1
 Node 570:   0 6 14 1 1 1
 Node 571:   0 5 1 17 1 1
 Node 572:   0 4 14 1 1 1
 Node 573:   0 3 1 17 1 1
 Node 574:   0 2 14 0 1 1
 Node 575:   0 1 1 17 1 1
 Node 576:   1 0 13 1 1 1
 Node 577:   2 0 13 0 1 1
 Node 578:   3 0 13 1 1 1
 Node 579:   4 0 1 18 1 1
 Node 580:   5 0 13 1 1 1
 Node 581:   6 0 1 18 1 1
 Node 582:   7 0 13 1 1 1
 Node 583:   8 0 1 18 1 1
 Node 584:   9 0 13 1 1 1
 Node 585:   1 0 13 18 1 1
 Node 586:   1 22 13 1 1 1
 Node 587:   1 21 1 18 1 1
 Node 588:   1 20 13 1 1 1
 Node 589:   1 19 1 18 1 1
 Node 590:   1 18 13 0 1 1
 Node 591:   1 17 1 18 1 1
 Node 592:   1 16 13 1 1 1
 Node 593:   1 15 13 0 1 1
 Node 594:   1 14 13 1 1 1
 Node 595:   1 13 1 18 1 1
 Node 596:   1 12 13 1 1 1
 Node 597:   1 11 1 18 1 1
 Node 598:   0 10 13 1 1 1
 Node 599:   0 9 1 18 1 1
 Node 600:   0 8 13 1 1 1
 Node 601:   0 7 1 18 1 1
 Node 602:   0 6 13 1 1 1
 Node 603:   0 5 1 18 1 1
 Node 604:   0 4 13 1 1 1
 Node 605:   0 3 1 18 1 1
 Node 606:   0 2 13 0 1 1
 Node 607:   0 1 1 18 1 1
 Node 608:   1 0 12 1 1 1
 Node 609:   2 0 12 0 1 1
 Node 610:   3 0 12 1 1 1
 Node 611:   4 0 1 19 1 1
 Node 612:   5 0 12 1 1 1
 Node 613:   6 0 1 19 1 1
 Node 614:   7 0 12 1 1 1
 Node 615:   8 1 1 19 1 1
 Node 616:   9 1 12 1 1 1
 Node 617:   10 1 12 0 1 1
 Node 618:   11 1 12 1 1 1
 Node 619:   12 1 1 19 1 1
 Node 620:   13 1 12 1 1 1
 Node 621:   14 1 1 19 1 1
 Node 622:   15 1 12 0 1 1
 Node 623:   16 1 1 19 1 1
 Node 624:   17 1 12 1 1 1
 Node 625:   18 1 12 0 1 1
 Node 626:   19 1 12 1 1 1
 Node 627:   20 1 1 19 1 1
 Node 628:   21 1 12 1 1 1
 Node 629:   22 1 1 19 1 1
 Node 630:   23 1 12 0 1 1
 Node 631:   24 1 1 19 1 1
 Node 632:   25 1 12 1 1 1
 Node 633:   0 1 12 19 1 1
 Node 634:   0 6 12 1 1 1
 Node 635:   0 5 1 19 1 1
 Node 636:   0 4 12 1 1 1
 Node 637:   0 3 1 19 1 1
 Node 638:   0 2 12 0 1 1
 Node 639:   0 1 1 19 1 1
 Node 640:   1 0 11 1 1 1
 Node 641:   2 0 11 0 1 1
 Node 642:   3 0 11 1 1 1
 Node 643:   4 0 1 20 1 1
 Node 644:   5 0 11 1 1 1
 Node 645:   1 0 11 20 1 1
 Node 646:   1 26 11 0 1 1
 Node 647:   1 25 1 20 1 1
 Node 648:   1 24 11 1 1 1
 Node 649:   1 23 11 0 1 1
 Node 650:   1 22 11 1 1 1
 Node 651:   1 21 1 20 1 1
 Node 652:   1 20 11 1 1 1
 Node 653:   1 19 1 20 1 1
 Node 654:   1 18 11 0 1 1
 Node 655:   1 17 1 20 1 1
 Node 656:   1 16 11 1 1 1
 Node 657:   1 15 11 0 1 1
 Node 658:   1 14 11 1 1 1
 Node 659:   1 13 1 20 1 1
 Node 660:   1 12 11 1 1 1
 Node 661:   1 11 1 20 1 1
 Node 662:   1 10 11 0 1 1
 Node 663:   1 9 1 20 1 1
 Node 664:   1 8 11 1 1 1
 Node 665:   1 7 11 0 1 1
 Node 666:   0 6 11 1 1 1
 Node 667:   0 5 1 20 1 1
 Node 668:   0 4 11 1 1 1
 Node 669:   0 3 1 20 1 1
 Node 670:   0 2 11 0 1 1
 Node 671:   0 1 1 20 1 1
 Node 672:   1 0 10 1 1 1
 Node 673:   2 0 10 0 1 1
 Node 674:   3 0 10 1 1 1
 Node 675:   4 0 1 21 1 1
 Node 676:   5 0 10 1 1 1
 Node 677:   6 0 10 0 1 1
 Node 678:   7 0 10 0 1 1
 Node 679:   8 0 1 21 1 1
 Node 680:   9 0 10 1 1 1
 Node 681:   10 0 10 0 1 1
 Node 682:   11 0 10 1 1 1
 Node 683:   12 1 1 21 1 1
 Node 684:   13 1 10 1 1 1
 Node 685:   14 1 1 21 1 1
 Node 686:   15 1 10 0 1 1
 Node 687:   16 1 1 21 1 1
 Node 688:   17 1 10 1 1 1
 Node 689:   18 1 10 0 1 1
 Node 690:   19 1 10 1 1 1
 Node 691:   20 1 1 21 1 1
 Node 692:   21 1 10 1 1 1
 Node 693:   0 1 10 21 1 1
 Node 694:   0 10 10 0 1 1
 Node 695:   0 9 1 21 1 1
 Node 696:   0 8 10 1 1 1
 Node 697:   0 7 10 0 1 1
 Node 698:   0 6 10 0 1 1
 Node 699:   0 5 1 21 1 1
 Node 700:   0 4 10 1 1 1
 Node 701:   0 3 1 21 1 1
 Node 702:   0 2 10 0 1 1
 Node 703:   0 1 1 21 1 1
 Node 704:   1 0 9 1 1 1
 Node 705:   2 0 9 0 1 1
 Node 706:   3 0 9 1 1 1
 Node 707:   4 0 1 22 1 1
 Node 708:   5 0 9 1 1 1
 Node 709:   6 0 9 0 1 1
 Node 710:   7 0 9 0 1 1
 Node 711:   8 0 1 22 1 1
 Node 712:   9 0 9 1 1 1
 Node 713:   10 0 9 0 1 1
 Node 714:   11 0 9 0 1 1
 Node 715:   12 0 1 22 1 1
 Node 716:   13 0 9 1 1 1
 Node 717:   1 0 9 22 1 1
 Node 718:   1 18 9 0 1 1
 Node 719:   1 17 1 22 1 1
 Node 720:   1 16 9 1 1 1
 Node 721:   1 15 9 0 1 1
 Node 722:   0 14 9 1 1 1
 Node 723:   0 13 1 22 1 1
 Node 724:   0 12 9 1 1 1
 Node 725:   0 11 9 0 1 1
 Node 726:   0 10 9 0 1 1
 Node 727:   0 9 1 22 1 1
 Node 728:   0 8 9 1 1 1
 Node 729:   0 7 9 0 1 1
 Node 730:   0 6 9 0 1 1
 Node 731:   0 5 1 22 1 1
 Node 732:   0 4 9 1 1 1
 Node 733:   0 3 1 22 1 1
 Node 734:   0 2 9 0 1 1
 Node 735:   0 1 1 22 1 1
 Node 736:   1 0 8 1 1 1
 Node 737:   2 0 8 0 1 1
 Node 738:   3 0 8 1 1 1
 Node 739:   4 1 1 23 1 1
 Node 740:   5 1 8 1 1 1
 Node 741:   6 1 8 0 1 1
 Node 742:   7 1 8 0 1 1
 Node 743:   8 1 1 23 1 1
 Node 744:   9 1 8 1 1 1
 Node 745:   10 1 8 0 1 1
 Node 746:   11 1 8 0 1 1
 Node 747:   12 1 1 23 1 1
 Node 748:   13 1 8 1 1 1
 Node 749:   14 1 8 0 1 1
 Node 750:   15 1 8 0 1 1
 Node 751:   16 1 1 23 1 1
 Node 752:   17 1 8 1 1 1
 Node 753:   18 1 8 0 1 1
 Node 754:   19 1 8 0 1 1
 Node 755:   20 1 1 23 1 1
 Node 756:   21 1 8 1 1 1
 Node 757:   22 1 8 0 1 1
 Node 758:   23 1 8 0 1 1
 Node 759:   24 1 1 23 1 1
 Node 760:   25 1 8 1 1 1
 Node 761:   26 1 8 0 1 1
 Node 762:   27 1 8 0 1 1
 Node 763:   28 1 1 23 1 1
 Node 764:   29 1 8 1 1 1
 Node 765:   0 1 8 23 1 1
 Node 766:   0 2 8 0 1 1
 Node 767:   0 1 1 23 1 1
 Node 768:   1 0 7 1 1 1
 Node 769:   2 0 7 0 1 1
 Node 770:   3 0 7 0 1 1
 Node 771:   1 0 7 24 1 1
 Node 772:   1 28 7 1 1 1
 Node 773:   1 27 7 0 1 1
 Node 774:   1 26 7 0 1 1
 Node 775:   1 25 1 24 1 1
 Node 776:   1 24 7 1 1 1
 Node 777:   1 23 7 0 1 1
 Node 778:   1 22 7 0 1 1
 Node 779:   1 21 1 24 1 1
 Node 780:   1 20 7 1 1 1
 Node 781:   1 19 7 0 1 1
 Node 782:   1 18 7 0 1 1
 Node 783:   1 17 1 24 1 1
 Node 784:   1 16 7 1 1 1
 Node 785:   1 15 7 0 1 1
 Node 786:   1 14 7 0 1 1
 Node 787:   1 13 1 24 1 1
 Node 788:   1 12 7 1 1 1
 Node 789:   1 11 7 0 1 1
 Node 790:   1 10 7 0 1 1
 Node 791:   1 9 1 24 1 1
 Node 792:   1 8 7 1 1 1
 Node 793:   1 7 7 0 1 1
 Node 794:   1 6 7 0 1 1
 Node 795:   1 5 1 24 1 1
 Node 796:   0 4 7 1 1 1
 Node 797:   0 3 7 0 1 1
 Node 798:   0 2 7 0 1 1
 Node 799:   0 1 1 24 1 1
 Node 800:   1 0 6 1 1 1
 Node 801:   2 0 6 0 1 1
 Node 802:   3 0 6 0 1 1
 Node 803:   4 0 6 0 1 1
 Node 804:   5 0 6 1 1 1
 Node 805:   6 0 6 0 1 1
 Node 806:   7 0 6 0 1 1
 Node 807:   8 0 1 25 1 1
 Node 808:   9 0 6 1 1 1
 Node 809:   10 0 6 0 1 1
 Node 810:   11 0 6 0 1 1
 Node 811:   12 0 1 25 1 1
 Node 812:   13 0 6 1 1 1
 Node 813:   14 1 6 0 1 1
 Node 814:   15 1 6 0 1 1
 Node 815:   16 1 1 25 1 1
 Node 816:   17 1 6 1 1 1
 Node 817:   18 1 6 0 1 1
 Node 818:   19 1 6 0 1 1
 Node 819:   0 1 6 25 1 1
 Node 820:   0 12 6 1 1 1
 Node 821:   0 11 6 0 1 1
 Node 822:   0 10 6 0 1 1
 Node 823:   0 9 1 25 1 1
 Node 824:   0 8 6 1 1 1
 Node 825:   0 7 6 0 1 1
 Node 826:   0 6 6 0 1 1
 Node 827:   0 5 1 25 1 1
 Node 828:   0 4 6 0 1 1
 Node 829:   0 3 6 0 1 1
 Node 830:   0 2 6 0 1 1
 Node 831:   0 1 1 25 1 1
 Node 832:   1 0 5 1 1 1
 Node 833:   2 0 5 0 1 1
 Node 834:   3 0 5 0 1 1
 Node 835:   4 0 5 0 1 1
 Node 836:   5 0 5 1 1 1
 Node 837:   6 0 5 0 1 1
 Node 838:   7 0 5 0 1 1
 Node 839:   8 0 1 26 1 1
 Node 840:   9 0 5 1 1 1
 Node 841:   10 0 5 0 1 1
 Node 842:   11 0 5 0 1 1
 Node 843:   1 0 5 26 1 1
 Node 844:   1 20 5 0 1 1
 Node 845:   1 19 5 0 1 1
 Node 846:   1 18 5 0 1 1
 Node 847:   1 17 1 26 1 1
 Node 848:   1 16 5 1 1 1
 Node 849:   1 15 5 0 1 1
 Node 850:   1 14 5 0 1 1
 Node 851:   1 13 5 0 1 1
 Node 852:   0 12 5 1 1 1
 Node 853:   0 11 5 0 1 1
 Node 854:   0 10 5 0 1 1
 Node 855:   0 9 1 26 1 1
 Node 856:   0 8 5 1 1 1
 Node 857:   0 7 5 0 1 1
 Node 858:   0 6 5 0 1 1
 Node 859:   0 5 1 26 1 1
 Node 860:   0 4 5 0 1 1
 Node 861:   0 3 5 0 1 1
 Node 862:   0 2 5 0 1 1
 Node 863:   0 1 1 26 1 1
 Node 864:   1 0 4 1 1 1
 Node 865:   2 0 4 0 1 1
 Node 866:   3 0 4 0 1 1
 Node 867:   4 0 4 0 1 1
 Node 868:   5 0 4 1 1 1
 Node 869:   6 1 4 0 1 1
 Node 870:   7 1 4 0 1 1
 Node 871:   8 1 1 27 1 1
 Node 872:   9 1 4 1 1 1
 Node 873:   10 1 4 0 1 1
 Node 874:   11 1 4 0 1 1
 Node 875:   12 1 4 0 1 1
 Node 876:   13 1 4 0 1 1
 Node 877:   14 1 4 0 1 1
 Node 878:   15 1 4 0 1 1
 Node 879:   16 1 1 27 1 1
 Node 880:   17 1 4 1 1 1
 Node 881:   18 1 4 0 1 1
 Node 882:   19 1 4 0 1 1
 Node 883:   20 1 4 0 1 1
 Node 884:   21 1 4 0 1 1
 Node 885:   22 1 4 0 1 1
 Node 886:   23 1 4 0 1 1
 Node 887:   24 1 1 27 1 1
 Node 888:   25 1 4 1 1 1
 Node 889:   26 1 4 0 1 1
 Node 890:   27 1 4 0 1 1
 Node 891:   0 1 4 27 1 1
 Node 892:   0 4 4 0 1 1
 Node 893:   0 3 4 0 1 1
 Node 894:   0 2 4 0 1 1
 Node 895:   0 1 1 27 1 1
 Node 896:   1 0 3 1 1 1
 Node 897:   2 0 3 0 1 1
 Node 898:   3 0 3 0 1 1
 Node 899:   4 0 3 0 1 1
 Node 900:   5 0 3 0 1 1
 Node 901:   6 0 3 0 1 1
 Node 902:   7 0 3 0 1 1
 Node 903:   1 0 3 28 1 1
 Node 904:   1 24 3 1 1 1
 Node 905:   1 23 3 0 1 1
 Node 906:   1 22 3 0 1 1
 Node 907:   1 21 3 0 1 1
 Node 908:   1 20 3 0 1 1
 Node 909:   1 19 3 0 1 1
 Node 910:   1 18 3 0 1 1
 Node 911:   1 17 1 28 1 1
 Node 912:   1 16 3 1 1 1
 Node 913:   1 15 3 0 1 1
 Node 914:   1 14 3 0 1 1
 Node 915:   1 13 3 0 1 1
 Node 916:   1 12 3 0 1 1
 Node 917:   1 11 3 0 1 1
 Node 918:   1 10 3 0 1 1
 Node 919:   1 9 1 28 1 1
 Node 920:   0 8 3 1 1 1
 Node 921:   0 7 3 0 1 1
 Node 922:   0 6 3 0 1 1
 Node 923:   0 5 3 0 1 1
 Node 924:   0 4 3 0 1 1
 Node 925:   0 3 3 0 1 1
 Node 926:   0 2 3 0 1 1
 Node 927:   0 1 1 28 1 1
 Node 928:   1 0 2 1 1 1
 Node 929:   2 0 2 0 1 1
 Node 930:   3 0 2 0 1 1
 Node 931:   4 0 2 0 1 1
 Node 932:   5 0 2 0 1 1
 Node 933:   6 0 2 0 1 1
 Node 934:   7 0 2 0 1 1
 Node 935:   8 0 2 0 1 1
 Node 936:   9 0 2 1 1 1
 Node 937:   10 1 2 0 1 1
 Node 938:   11 1 2 0 1 1
 Node 939:   12 1 2 0 1 1
 Node 940:   13 1 2 0 1 1
 Node 941:   14 1 2 0 1 1
 Node 942:   15 1 2 0 1 1
 Node 943:   16 1 1 29 1 1
 Node 944:   17 1 2 1 1 1
 Node 945:   18 1 2 0 1 1
 Node 946:   19 1 2 0 1 1
 Node 947:   20 1 2 0 1 1
 Node 948:   21 1 2 0 1 1
 Node 949:   22 1 2 0 1 1
 Node 950:   23 1 2 0 1 1
 Node 951:   0 1 2 29 1 1
 Node 952:   0 8 2 0 1 1
 Node 953:   0 7 2 0 1 1
 Node 954:   0 6 2 0 1 1
 Node 955:   0 5 2 0 1 1
 Node 956:   0 4 2 0 1 1
 Node 957:   0 3 2 0 1 1
 Node 958:   0 2 2 0 1 1
 Node 959:   0 1 1 29 1 1
 Node 960:   1 0 1 1 1 1
 Node 961:   2 0 1 0 1 1
 Node 962:   3 0 1 0 1 1
 Node 963:   4 0 1 0 1 1
 Node 964:   5 0 1 0 1 1
 Node 965:   6 0 1 0 1 1
 Node 966:   7 0 1 0 1 1
 Node 967:   8 0 1 0 1 1
 Node 968:   9 0 1 0 1 1
 Node 969:   10 0 1 0 1 1
 Node 970:   11 0 1 0 1 1
 Node 971:   12 0 1 0 1 1
 Node 972:   13 0 1 0 1 1
 Node 973:   14 0 1 0 1 1
 Node 974:   15 0 1 0 1 1
 Node 975:   1 0 1 30 1 1
 Node 976:   0 16 1 1 1 1
 Node 977:   0 15 1 0 1 1
 Node 978:   0 14 1 0 1 1
 Node 979:   0 13 1 0 1 1
 Node 980:   0 12 1 0 1 1
 Node 981:   0 11 1 0 1 1
 Node 982:   0 10 1 0 1 1
 Node 983:   0 9 1 0 1 1
 Node 984:   0 8 1 0 1 1
 Node 985:   0 7 1 0 1 1
 Node 986:   0 6 1 0 1 1
 Node 987:   0 5 1 0 1 1
 Node 988:   0 4 1 0 1 1
 Node 989:   0 3 1 0 1 1
 Node 990:   0 2 1 0 1 1
 Node 991:   0 1 1 30 1 1
 Node 992:   1 0 0 1 1 1
 Node 993:   2 1 0 0 1 1
 Node 994:   3 1 0 0 1 1
 Node 995:   4 1 0 0 1 1
 Node 996:   5 1 0 0 1 1
 Node 997:   6 1 0 0 1 1
 Node 998:   7 1 0 0 1 1
 Node 999:   8 1 0 0 1 1
 Node 1000:   9 1 0 0 1 1
 Node 1001:   10 1 0 0 1 1
 Node 1002:   11 1 0 0 1 1
 Node 1003:   12 1 0 0 1 1
 Node 1004:   13 1 0 0 1 1
 Node 1005:   14 1 0 0 1 1
 Node 1006:   15 1 0 0 1 1
 Node 1007:   16 1 0 0 1 1
 Node 1008:   17 1 0 0 1 1
 Node 1009:   18 1 0 0 1 1
 Node 1010:   19 1 0 0 1 1
 Node 1011:   20 1 0 0 1 1
 Node 1012:   21 1 0 0 1 1
 Node 1013:   22 1 0 0 1 1
 Node 1014:   23 1 0 0 1 1
 Node 1015:   24 1 0 0 1 1
 Node 1016:   25 1 0 0 1 1
 Node 1017:   26 1 0 0 1 1
 Node 1018:   27 1 0 0 1 1
 Node 1019:   28 1 0 0 1 1
 Node 1020:   29 1 0 0 1 1
 Node 1021:   30 1 0 0 1 1
 Node 1022:   31 1 0 0 1 1
 Node 1023:   0 1 0 31 1 1

(Maximum) Crossing Paths: 31
The number of paths on this application : 1024 (all-to-all cases: 1047552)
The average hops : 23.312500
ID size(without ID modification)31
total_slots: 22848
avg_slots: 5.578125
unused_total_slots: 104128
unused_avg_slots: 25.421875

