ID Allocation Policy is 0(low port first) / 1(Crossing Paths based method): 1
Address method is 0(destination_based) / 1(path_based): 1
 dst_based renewable label = 17
 path_based renewable label = 17


 (east, west, south, north, from host0,... east(vch2), south(vch2), west(vch2), north(vch2), from host(vch2)0,.. to host(vch2)0,..
 Node  0:   7 0 10 0 0 0 0 1 0 7 1 1
 Node  1:   7 16 3 0 1 1 0 0 0 0 0 0
 Node  2:   6 15 1 0 1 1 0 0 0 4 0 0
 Node  3:   6 14 0 0 1 1 0 0 0 0 0 0
 Node  4:   5 13 1 0 1 1 0 0 0 4 0 0
 Node  5:   5 12 2 0 1 1 0 0 0 0 0 0
 Node  6:   4 11 1 0 1 1 0 0 0 3 0 0
 Node  7:   4 10 6 0 1 1 0 0 0 0 0 0
 Node  8:   3 9 2 0 1 1 0 0 0 8 0 0
 Node  9:   3 8 1 0 1 1 0 0 0 0 0 0
 Node 10:   2 7 0 0 1 1 0 0 0 2 0 0
 Node 11:   2 6 4 0 1 1 0 0 0 0 0 0
 Node 12:   1 5 1 0 1 1 0 0 0 2 0 0
 Node 13:   1 4 0 0 1 1 0 0 0 0 0 0
 Node 14:   0 3 1 0 1 1 0 0 0 1 0 0
 Node 15:   0 2 12 0 1 1 0 0 0 1 0 0
 Node 16:   0 1 1 0 1 1 0 0 0 13 0 0
 Node 17:   0 0 1 0 1 1 1 0 0 1 0 0
 Node 18:   0 1 0 0 1 1 1 0 0 1 0 0
 Node 19:   0 1 1 0 1 1 2 0 0 0 0 0
 Node 20:   0 1 1 0 1 1 2 0 0 5 0 0
 Node 21:   0 1 2 0 1 1 3 0 0 0 0 0
 Node 22:   0 1 0 0 1 1 3 0 0 1 0 0
 Node 23:   0 1 7 0 1 1 4 0 0 1 0 0
 Node 24:   0 1 1 0 1 1 4 0 0 7 0 0
 Node 25:   0 1 3 0 1 1 5 0 0 1 0 0
 Node 26:   0 1 0 0 1 1 5 0 0 2 0 0
 Node 27:   0 1 3 0 1 1 6 0 0 0 0 0
 Node 28:   0 1 1 0 1 1 6 0 0 1 0 0
 Node 29:   0 1 4 0 1 1 7 0 0 1 0 0
 Node 30:   0 1 0 0 1 1 7 0 0 3 0 0
 Node 31:   0 1 7 0 1 1 8 0 0 0 0 0
 Node 32:   1 0 9 0 1 1 0 0 0 0 0 0
 Node 33:   2 0 2 1 1 1 0 0 0 0 0 0
 Node 34:   3 0 1 1 1 1 0 0 0 3 0 0
 Node 35:   4 0 0 0 1 1 0 0 0 0 0 0
 Node 36:   5 0 1 1 1 1 0 0 0 5 0 0
 Node 37:   6 0 2 0 1 1 0 0 0 0 0 0
 Node 38:   7 0 1 1 1 1 0 0 0 2 0 0
 Node 39:   8 0 6 0 1 1 0 0 0 0 0 0
 Node 40:   9 0 2 1 1 1 0 0 0 9 0 0
 Node 41:   10 0 1 0 1 1 0 0 0 0 0 0
 Node 42:   11 0 0 1 1 1 0 0 0 1 0 0
 Node 43:   12 0 3 0 1 1 0 0 0 1 0 0
 Node 44:   13 0 1 1 1 1 0 0 0 3 0 0
 Node 45:   14 0 0 0 1 1 0 0 0 0 0 0
 Node 46:   15 0 1 1 1 1 0 0 0 0 0 0
 Node 47:   16 0 11 0 1 1 0 0 0 1 0 0
 Node 48:   0 1 17 1 0 0 0 0 0 14 1 1
 Node 49:   0 15 1 0 1 1 0 0 0 0 0 0
 Node 50:   0 14 0 1 1 1 0 0 0 0 0 0
 Node 51:   0 13 0 0 1 1 0 0 0 0 0 0
 Node 52:   0 12 1 1 1 1 0 0 0 6 0 0
 Node 53:   0 11 2 0 1 1 0 0 0 0 0 0
 Node 54:   0 10 0 1 1 1 0 0 0 0 0 0
 Node 55:   0 9 6 0 1 1 0 0 0 1 0 0
 Node 56:   0 8 1 1 1 1 0 0 0 8 0 0
 Node 57:   0 7 3 0 1 1 0 0 0 1 0 0
 Node 58:   0 6 0 1 1 1 0 0 0 1 0 0
 Node 59:   0 5 2 0 1 1 0 0 0 0 0 0
 Node 60:   0 4 1 1 1 1 0 0 0 2 0 0
 Node 61:   0 3 4 0 1 1 0 0 0 1 0 0
 Node 62:   0 2 0 1 1 1 0 0 0 2 0 0
 Node 63:   0 1 6 0 1 1 0 0 0 0 0 0
 Node 64:   4 0 9 0 1 1 0 0 0 0 0 0
 Node 65:   5 0 2 2 1 1 0 0 0 0 0 0
 Node 66:   5 0 0 2 1 1 0 0 0 3 0 0
 Node 67:   6 0 0 0 1 1 0 0 0 0 0 0
 Node 68:   6 0 2 2 1 1 0 0 0 5 0 0
 Node 69:   7 0 2 0 1 1 0 0 0 0 0 0
 Node 70:   7 0 1 2 1 1 0 0 0 3 0 0
 Node 71:   8 0 5 0 1 1 0 0 0 0 0 0
 Node 72:   1 0 15 2 0 0 0 0 0 9 1 1
 Node 73:   1 16 1 0 1 1 0 0 0 0 0 0
 Node 74:   1 15 0 2 1 1 0 0 0 1 0 0
 Node 75:   1 14 2 0 1 1 0 0 0 1 0 0
 Node 76:   1 13 1 2 1 1 0 0 0 5 0 0
 Node 77:   1 12 0 0 1 1 0 0 0 0 0 0
 Node 78:   1 11 1 2 1 1 0 0 0 0 0 0
 Node 79:   1 10 10 0 1 1 0 0 0 0 0 0
 Node 80:   1 9 16 0 1 1 0 0 0 0 0 0
 Node 81:   1 8 1 1 1 1 0 0 0 0 0 0
 Node 82:   1 7 0 2 1 1 0 0 0 0 0 0
 Node 83:   1 6 0 0 1 1 0 0 0 0 0 0
 Node 84:   1 5 1 2 1 1 0 0 0 7 0 0
 Node 85:   1 4 2 0 1 1 0 0 0 0 0 0
 Node 86:   1 3 0 2 1 1 0 0 0 0 0 0
 Node 87:   0 2 6 0 1 1 0 0 0 1 0 0
 Node 88:   0 1 1 2 1 1 0 0 0 9 0 0
 Node 89:   0 0 3 0 1 1 1 0 0 1 0 0
 Node 90:   0 0 0 2 1 1 1 0 0 2 0 0
 Node 91:   0 0 2 0 1 1 2 0 0 0 0 0
 Node 92:   0 0 2 2 1 1 2 0 0 3 0 0
 Node 93:   0 0 0 0 1 1 3 0 0 1 0 0
 Node 94:   0 0 0 2 1 1 3 0 0 2 0 0
 Node 95:   0 0 6 0 1 1 4 0 0 0 0 0
 Node 96:   0 0 9 0 1 1 0 4 0 0 0 0
 Node 97:   0 0 2 3 1 1 0 4 0 0 0 0
 Node 98:   0 0 0 4 1 1 0 3 0 6 0 0
 Node 99:   0 0 0 0 1 1 0 3 0 0 0 0
 Node 100:   0 0 3 4 1 1 0 2 0 6 0 0
 Node 101:   0 0 2 0 1 1 0 2 0 0 0 0
 Node 102:   0 0 1 4 1 1 0 1 0 2 0 0
 Node 103:   0 0 4 0 1 1 0 1 0 0 0 0
 Node 104:   1 0 14 0 1 1 0 0 0 0 0 0
 Node 105:   2 0 1 1 1 1 0 0 0 0 0 0
 Node 106:   3 0 0 3 1 1 0 0 0 1 0 0
 Node 107:   4 0 1 0 1 1 0 0 0 1 0 0
 Node 108:   5 0 1 3 1 1 0 0 0 6 0 0
 Node 109:   6 0 0 0 1 1 0 0 0 0 0 0
 Node 110:   7 0 1 3 1 1 0 0 0 0 0 0
 Node 111:   8 0 9 0 1 1 0 0 0 0 0 0
 Node 112:   9 0 15 0 1 1 0 0 0 0 0 0
 Node 113:   10 0 1 2 1 1 0 0 0 0 0 0
 Node 114:   11 0 0 3 1 1 0 0 0 0 0 0
 Node 115:   12 0 0 0 1 1 0 0 0 0 0 0
 Node 116:   13 0 1 3 1 1 0 0 0 7 0 0
 Node 117:   14 0 2 0 1 1 0 0 0 0 0 0
 Node 118:   15 0 0 3 1 1 0 0 0 0 0 0
 Node 119:   16 0 5 0 1 1 0 0 0 0 0 0
 Node 120:   0 0 13 3 0 0 1 0 0 9 1 1
 Node 121:   0 8 3 0 1 1 0 0 0 1 0 0
 Node 122:   0 7 1 2 1 1 0 0 0 1 0 0
 Node 123:   0 7 1 0 1 1 0 0 0 0 0 0
 Node 124:   0 6 3 2 1 1 0 0 0 3 0 0
 Node 125:   0 6 0 0 1 1 0 0 0 1 0 0
 Node 126:   0 5 0 2 1 1 0 0 0 1 0 0
 Node 127:   0 5 5 0 1 1 0 0 0 0 0 0
 Node 128:   6 0 8 0 1 1 0 1 0 0 0 0
 Node 129:   7 0 2 3 1 1 0 1 0 0 0 0
 Node 130:   7 0 0 4 1 1 0 1 0 5 0 0
 Node 131:   8 0 0 0 1 1 0 1 0 0 0 0
 Node 132:   3 0 15 4 0 0 0 1 0 6 1 1
 Node 133:   3 16 0 0 1 1 0 0 0 0 0 0
 Node 134:   2 15 1 4 1 1 0 0 0 1 0 0
 Node 135:   2 14 3 0 1 1 0 0 0 0 0 0
 Node 136:   1 13 14 0 1 1 0 0 0 0 0 0
 Node 137:   1 12 1 2 1 1 0 0 0 0 0 0
 Node 138:   0 11 0 4 1 1 0 0 0 1 0 0
 Node 139:   0 10 0 0 1 1 0 0 0 1 0 0
 Node 140:   0 9 1 4 1 1 0 0 0 7 0 0
 Node 141:   0 8 0 0 1 1 0 0 0 0 0 0
 Node 142:   0 7 1 4 1 1 0 0 0 0 0 0
 Node 143:   0 6 8 0 1 1 0 0 0 0 0 0
 Node 144:   0 5 14 0 1 1 0 0 0 0 0 0
 Node 145:   0 4 1 3 1 1 0 0 0 0 0 0
 Node 146:   0 3 0 4 1 1 0 0 0 1 0 0
 Node 147:   0 2 0 0 1 1 0 0 0 1 0 0
 Node 148:   0 1 1 4 1 1 0 0 0 8 0 0
 Node 149:   0 0 2 0 1 1 1 0 0 0 0 0
 Node 150:   0 0 0 4 1 1 1 0 0 1 0 0
 Node 151:   0 0 4 0 1 1 2 0 0 0 0 0
 Node 152:   0 0 14 0 1 1 2 0 0 0 0 0
 Node 153:   0 0 3 1 1 1 3 0 0 0 0 0
 Node 154:   0 0 1 4 1 1 3 0 0 1 0 0
 Node 155:   0 0 1 0 1 1 4 0 0 0 0 0
 Node 156:   0 0 3 4 1 1 4 0 0 5 0 0
 Node 157:   0 0 0 0 1 1 5 0 0 1 0 0
 Node 158:   0 1 1 4 1 1 5 0 0 0 0 0
 Node 159:   0 1 5 1 1 1 6 0 0 0 0 0
 Node 160:   0 0 9 0 1 1 0 2 0 0 0 0
 Node 161:   0 0 2 4 1 1 0 2 0 0 0 0
 Node 162:   0 0 0 6 1 1 0 1 0 5 0 0
 Node 163:   0 0 0 0 1 1 0 1 0 0 0 0
 Node 164:   1 0 14 1 1 1 0 0 0 0 0 0
 Node 165:   2 0 0 1 1 1 0 0 0 0 0 0
 Node 166:   3 0 0 5 1 1 0 0 0 0 0 0
 Node 167:   4 0 3 0 1 1 0 0 0 0 0 0
 Node 168:   5 0 13 0 1 1 0 0 0 0 0 0
 Node 169:   6 0 1 3 1 1 0 0 0 0 0 0
 Node 170:   7 0 0 5 1 1 0 0 0 1 0 0
 Node 171:   8 0 0 0 1 1 0 0 0 1 0 0
 Node 172:   9 1 1 5 1 1 0 0 0 8 0 0
 Node 173:   10 1 0 0 1 1 0 0 0 0 0 0
 Node 174:   11 1 1 5 1 1 0 0 0 0 0 0
 Node 175:   12 1 7 0 1 1 0 0 0 0 0 0
 Node 176:   13 1 13 0 1 1 0 0 0 0 0 0
 Node 177:   14 1 1 4 1 1 0 0 0 0 0 0
 Node 178:   15 1 0 5 1 1 0 0 0 2 0 0
 Node 179:   16 1 0 0 1 1 0 0 0 1 0 0
 Node 180:   0 1 15 5 0 0 0 0 0 9 1 1
 Node 181:   0 11 2 0 1 1 0 0 0 0 0 0
 Node 182:   0 10 0 4 1 1 0 0 0 0 0 0
 Node 183:   0 9 3 0 1 1 0 0 0 0 0 0
 Node 184:   0 8 12 0 1 1 0 0 0 0 0 0
 Node 185:   0 7 2 1 1 1 0 0 0 0 0 0
 Node 186:   0 6 1 5 1 1 0 0 0 0 0 0
 Node 187:   0 5 0 0 1 1 0 0 0 0 0 0
 Node 188:   0 4 3 4 1 1 0 0 0 5 0 0
 Node 189:   0 4 0 0 1 1 0 0 0 0 0 0
 Node 190:   0 3 2 5 1 1 0 0 0 0 0 0
 Node 191:   0 3 4 2 1 1 0 0 0 0 0 0
 Node 192:   2 0 9 0 1 1 0 0 0 0 0 0
 Node 193:   3 0 1 4 1 1 0 0 0 0 0 0
 Node 194:   3 0 0 6 1 1 0 0 0 4 0 0
 Node 195:   4 0 0 0 1 1 0 0 0 0 0 0
 Node 196:   5 0 13 1 1 1 0 0 0 2 0 0
 Node 197:   6 0 0 2 1 1 0 0 0 0 0 0
 Node 198:   7 0 0 6 1 1 0 0 0 0 0 0
 Node 199:   8 0 2 0 1 1 0 0 0 0 0 0
 Node 200:   9 0 12 0 1 1 0 0 0 0 0 0
 Node 201:   10 0 1 4 1 1 0 0 0 0 0 0
 Node 202:   11 0 0 6 1 1 0 0 0 1 0 0
 Node 203:   12 0 0 0 1 1 0 0 0 0 0 0
 Node 204:   1 0 16 6 0 0 0 0 0 8 1 1
 Node 205:   1 16 0 0 1 1 0 0 0 0 0 0
 Node 206:   1 15 1 6 1 1 0 0 0 0 0 0
 Node 207:   1 14 6 0 1 1 0 0 0 0 0 0
 Node 208:   1 13 12 0 1 1 0 0 0 0 0 0
 Node 209:   1 12 1 5 1 1 0 0 0 0 0 0
 Node 210:   1 11 0 6 1 1 0 0 0 3 0 0
 Node 211:   0 10 0 0 1 1 0 0 0 1 0 0
 Node 212:   0 9 14 1 1 1 0 0 0 0 0 0
 Node 213:   0 8 0 1 1 1 0 0 0 0 0 0
 Node 214:   0 7 0 6 1 1 0 0 0 0 0 0
 Node 215:   0 6 3 1 1 1 0 0 0 0 0 0
 Node 216:   0 5 11 0 1 1 0 0 0 0 0 0
 Node 217:   0 4 2 2 1 1 0 0 0 0 0 0
 Node 218:   0 3 1 6 1 1 0 0 0 0 0 0
 Node 219:   0 2 0 0 1 1 0 0 0 0 0 0
 Node 220:   0 1 3 4 1 1 0 0 0 6 0 0
 Node 221:   0 0 0 0 1 1 1 0 0 0 0 0
 Node 222:   0 0 2 6 1 1 1 0 0 1 0 0
 Node 223:   0 0 4 2 1 1 2 0 0 0 0 0
 Node 224:   1 0 9 0 1 1 0 6 0 0 0 0
 Node 225:   1 0 1 5 1 1 0 6 0 0 0 0
 Node 226:   1 0 0 7 1 1 0 5 0 4 0 0
 Node 227:   1 0 0 0 1 1 0 5 0 0 0 0
 Node 228:   1 0 12 1 1 1 0 4 0 2 0 0
 Node 229:   0 0 0 3 1 1 0 4 0 1 0 0
 Node 230:   0 0 1 7 1 1 0 3 0 0 0 0
 Node 231:   0 0 1 0 1 1 0 3 0 0 0 0
 Node 232:   0 0 12 0 1 1 0 2 0 0 0 0
 Node 233:   0 0 1 5 1 1 0 2 0 0 0 0
 Node 234:   0 0 0 8 1 1 0 1 0 2 0 0
 Node 235:   0 0 0 0 1 1 0 1 0 0 0 0
 Node 236:   1 0 15 0 1 1 0 0 0 1 0 0
 Node 237:   2 0 0 1 1 1 0 0 0 0 0 0
 Node 238:   3 0 1 7 1 1 0 0 0 0 0 0
 Node 239:   4 0 5 0 1 1 0 0 0 0 0 0
 Node 240:   5 0 11 0 1 1 0 0 0 0 0 0
 Node 241:   6 0 1 6 1 1 0 0 0 0 0 0
 Node 242:   7 0 0 7 1 1 0 0 0 4 0 0
 Node 243:   8 0 0 0 1 1 0 0 0 0 0 0
 Node 244:   9 0 13 1 1 1 0 0 0 0 0 0
 Node 245:   10 1 0 2 1 1 0 0 0 0 0 0
 Node 246:   11 1 1 7 1 1 0 0 0 0 0 0
 Node 247:   12 2 2 1 1 1 0 0 0 0 0 0
 Node 248:   13 2 11 0 1 1 0 0 0 0 0 0
 Node 249:   14 3 2 3 1 1 0 0 0 0 0 0
 Node 250:   15 3 1 7 1 1 0 0 0 1 0 0
 Node 251:   16 4 0 0 1 1 0 0 0 0 0 0
 Node 252:   0 4 13 5 0 0 1 0 0 6 1 1
 Node 253:   0 8 0 0 1 1 1 0 0 0 0 0
 Node 254:   0 7 3 6 1 1 1 0 0 0 0 0
 Node 255:   0 7 3 2 1 1 1 0 0 0 0 0
 Node 256:   7 0 8 0 1 1 0 1 0 0 0 0
 Node 257:   8 0 1 5 1 1 0 1 0 0 0 0
 Node 258:   5 0 11 8 0 0 0 1 0 3 1 1
 Node 259:   5 16 0 1 1 1 0 0 0 0 0 0
 Node 260:   4 15 11 0 1 1 0 0 0 2 0 0
 Node 261:   4 14 0 3 1 1 0 0 0 0 0 0
 Node 262:   3 13 1 8 1 1 0 0 0 0 0 0
 Node 263:   3 12 0 1 1 1 0 0 0 0 0 0
 Node 264:   2 11 11 0 1 1 0 0 0 0 0 0
 Node 265:   2 10 0 5 1 1 0 0 0 0 0 0
 Node 266:   1 9 1 8 1 1 0 0 0 2 0 0
 Node 267:   1 8 0 0 1 1 0 0 0 0 0 0
 Node 268:   0 7 14 0 1 1 0 0 0 1 0 0
 Node 269:   0 6 0 2 1 1 0 0 0 0 0 0
 Node 270:   0 5 1 8 1 1 0 0 0 0 0 0
 Node 271:   0 4 4 0 1 1 0 0 0 0 0 0
 Node 272:   0 3 10 0 1 1 0 0 0 0 0 0
 Node 273:   0 2 1 7 1 1 0 0 0 0 0 0
 Node 274:   0 1 0 8 1 1 0 0 0 5 0 0
 Node 275:   0 0 0 0 1 1 1 0 0 0 0 0
 Node 276:   0 0 13 0 1 1 1 0 0 1 0 0
 Node 277:   0 0 0 3 1 1 2 0 0 0 0 0
 Node 278:   0 0 1 8 1 1 2 0 0 0 0 0
 Node 279:   0 0 2 1 1 1 3 0 0 0 0 0
 Node 280:   0 1 11 0 1 1 3 0 0 0 0 0
 Node 281:   0 1 2 4 1 1 4 0 0 0 0 0
 Node 282:   0 1 2 8 1 1 4 0 0 1 0 0
 Node 283:   0 1 0 0 1 1 5 0 0 0 0 0
 Node 284:   0 1 12 0 1 1 5 0 0 1 0 0
 Node 285:   0 1 0 1 1 1 6 0 0 0 0 0
 Node 286:   0 1 3 8 1 1 6 0 0 0 0 0
 Node 287:   0 1 3 3 1 1 7 0 0 0 0 0
 Node 288:   0 0 9 0 1 1 0 1 0 0 0 0
 Node 289:   0 0 1 6 1 1 0 1 0 0 0 0
 Node 290:   1 0 10 3 1 1 0 0 0 0 0 0
 Node 291:   2 0 0 2 1 1 0 0 0 0 0 0
 Node 292:   3 0 10 0 1 1 0 0 0 1 0 0
 Node 293:   4 0 0 4 1 1 0 0 0 0 0 0
 Node 294:   5 0 1 8 1 1 0 0 0 0 0 0
 Node 295:   6 0 0 1 1 1 0 0 0 0 0 0
 Node 296:   7 0 10 1 1 1 0 0 0 0 0 0
 Node 297:   8 0 0 6 1 1 0 0 0 0 0 0
 Node 298:   9 0 1 9 1 1 0 0 0 3 0 0
 Node 299:   10 0 0 0 1 1 0 0 0 0 0 0
 Node 300:   11 0 13 0 1 1 0 0 0 0 0 0
 Node 301:   12 0 1 3 1 1 0 0 0 0 0 0
 Node 302:   13 1 1 9 1 1 0 0 0 0 0 0
 Node 303:   14 1 3 0 1 1 0 0 0 0 0 0
 Node 304:   15 1 9 0 1 1 0 0 0 0 0 0
 Node 305:   16 1 1 8 1 1 0 0 0 0 0 0
 Node 306:   0 1 15 9 0 0 0 0 0 6 1 1
 Node 307:   0 13 0 0 1 1 0 0 0 0 0 0
 Node 308:   0 12 11 0 1 1 0 0 0 0 0 0
 Node 309:   0 11 0 3 1 1 0 0 0 0 0 0
 Node 310:   0 10 1 8 1 1 0 0 0 0 0 0
 Node 311:   0 9 1 2 1 1 0 0 0 0 0 0
 Node 312:   0 8 10 0 1 1 0 0 0 0 0 0
 Node 313:   0 7 2 4 1 1 0 0 0 0 0 0
 Node 314:   0 6 2 9 1 1 0 0 0 2 0 0
 Node 315:   0 5 0 1 1 1 0 0 0 0 0 0
 Node 316:   0 4 11 0 1 1 0 0 0 0 0 0
 Node 317:   0 3 0 1 1 1 0 0 0 0 0 0
 Node 318:   0 2 3 8 1 1 0 0 0 0 0 0
 Node 319:   0 2 2 4 1 1 0 0 0 0 0 0
 Node 320:   3 0 9 0 1 1 0 0 0 0 0 0
 Node 321:   4 0 1 6 1 1 0 0 0 0 0 0
 Node 322:   4 0 10 3 1 1 0 0 0 0 0 0
 Node 323:   5 0 0 3 1 1 0 0 0 0 0 0
 Node 324:   5 0 9 0 1 1 0 0 0 1 0 0
 Node 325:   6 0 0 5 1 1 0 0 0 0 0 0
 Node 326:   7 0 1 9 1 1 0 0 0 0 0 0
 Node 327:   8 0 0 1 1 1 0 0 0 0 0 0
 Node 328:   9 0 8 1 1 1 0 0 0 1 0 0
 Node 329:   10 0 0 7 1 1 0 0 0 0 0 0
 Node 330:   1 0 15 10 0 0 0 0 0 3 1 1
 Node 331:   1 16 0 0 1 1 0 0 0 0 0 0
 Node 332:   1 15 12 0 1 1 0 0 0 0 0 0
 Node 333:   1 14 1 4 1 1 0 0 0 0 0 0
 Node 334:   1 13 1 10 1 1 0 0 0 0 0 0
 Node 335:   1 12 2 0 1 1 0 0 0 0 0 0
 Node 336:   1 11 8 0 1 1 0 0 0 0 0 0
 Node 337:   1 10 1 9 1 1 0 0 0 0 0 0
 Node 338:   1 9 14 2 1 1 0 0 0 0 0 0
 Node 339:   1 8 0 2 1 1 0 0 0 0 0 0
 Node 340:   1 7 10 0 1 1 0 0 0 0 0 0
 Node 341:   0 6 1 4 1 1 0 0 0 0 0 0
 Node 342:   0 5 1 9 1 1 0 0 0 0 0 0
 Node 343:   0 4 1 2 1 1 0 0 0 0 0 0
 Node 344:   0 3 9 0 1 1 0 0 0 0 0 0
 Node 345:   0 2 0 5 1 1 0 0 0 0 0 0
 Node 346:   0 1 2 10 1 1 0 0 0 3 0 0
 Node 347:   0 0 0 1 1 1 1 0 0 0 0 0
 Node 348:   0 0 11 0 1 1 1 0 0 1 0 0
 Node 349:   0 0 0 2 1 1 2 0 0 0 0 0
 Node 350:   0 0 3 8 1 1 2 0 0 0 0 0
 Node 351:   0 0 2 4 1 1 3 0 0 0 0 0
 Node 352:   0 0 9 0 1 1 0 5 0 0 0 0
 Node 353:   0 0 1 7 1 1 0 5 0 0 0 0
 Node 354:   0 0 10 3 1 1 0 4 0 0 0 0
 Node 355:   0 0 0 4 1 1 0 4 0 0 0 0
 Node 356:   0 0 8 0 1 1 0 3 0 1 0 0
 Node 357:   0 0 0 6 1 1 0 3 0 0 0 0
 Node 358:   0 0 1 11 1 1 0 2 0 1 0 0
 Node 359:   0 0 0 2 1 1 0 2 0 0 0 0
 Node 360:   0 0 9 1 1 1 0 1 0 1 0 0
 Node 361:   0 0 0 8 1 1 0 1 0 0 0 0
 Node 362:   1 0 14 2 1 1 0 0 0 0 0 0
 Node 363:   2 0 0 1 1 1 0 0 0 0 0 0
 Node 364:   3 0 11 0 1 1 0 0 0 0 0 0
 Node 365:   4 0 1 5 1 1 0 0 0 0 0 0
 Node 366:   5 0 1 11 1 1 0 0 0 0 0 0
 Node 367:   6 0 1 0 1 1 0 0 0 0 0 0
 Node 368:   7 0 6 0 1 1 0 0 0 0 0 0
 Node 369:   8 0 1 10 1 1 0 0 0 0 0 0
 Node 370:   9 0 13 2 1 1 0 0 0 0 0 0
 Node 371:   10 0 0 3 1 1 0 0 0 0 0 0
 Node 372:   11 0 9 0 1 1 0 0 0 0 0 0
 Node 373:   12 0 1 5 1 1 0 0 0 0 0 0
 Node 374:   13 0 1 10 1 1 0 0 0 0 0 0
 Node 375:   14 1 1 2 1 1 0 0 0 0 0 0
 Node 376:   15 1 9 0 1 1 0 0 0 0 0 0
 Node 377:   16 2 0 6 1 1 0 0 0 0 0 0
 Node 378:   0 2 13 11 0 0 1 0 0 3 1 1
 Node 379:   0 8 0 1 1 1 1 0 0 0 0 0
 Node 380:   0 7 10 0 1 1 1 0 0 0 0 0
 Node 381:   0 7 0 2 1 1 1 0 0 0 0 0
 Node 382:   0 6 3 7 1 1 1 0 0 0 0 0
 Node 383:   0 6 2 4 1 1 0 0 0 0 0 0
 Node 384:   5 0 8 1 1 1 0 0 0 0 0 0
 Node 385:   6 0 0 8 1 1 0 0 0 0 0 0
 Node 386:   6 0 8 3 1 1 0 0 0 0 0 0
 Node 387:   7 0 1 5 1 1 0 0 0 0 0 0
 Node 388:   7 0 7 0 1 1 0 1 0 0 0 0
 Node 389:   8 0 0 6 1 1 0 1 0 0 0 0
 Node 390:   1 0 14 10 0 0 0 1 0 1 1 1
 Node 391:   1 16 0 2 1 1 0 0 0 0 0 0
 Node 392:   0 15 8 1 1 1 0 0 0 1 0 0
 Node 393:   0 14 0 8 1 1 0 0 0 0 0 0
 Node 394:   0 13 13 2 1 1 0 0 0 0 0 0
 Node 395:   0 12 0 2 1 1 0 0 0 0 0 0
 Node 396:   0 11 10 0 1 1 0 0 0 0 0 0
 Node 397:   0 10 1 6 1 1 0 0 0 0 0 0
 Node 398:   0 9 1 12 1 1 0 0 0 0 0 0
 Node 399:   0 8 0 0 1 1 0 0 0 0 0 0
 Node 400:   0 7 5 0 1 1 0 0 0 0 0 0
 Node 401:   0 6 1 11 1 1 0 0 0 0 0 0
 Node 402:   0 5 12 2 1 1 0 0 0 0 0 0
 Node 403:   0 4 0 4 1 1 0 0 0 0 0 0
 Node 404:   0 3 8 0 1 1 0 0 0 0 0 0
 Node 405:   0 2 1 6 1 1 0 0 0 0 0 0
 Node 406:   0 1 1 10 1 1 0 0 0 1 0 0
 Node 407:   0 0 1 2 1 1 1 0 0 0 0 0
 Node 408:   0 0 9 0 1 1 1 0 0 1 0 0
 Node 409:   0 0 0 7 1 1 2 0 0 0 0 0
 Node 410:   0 0 13 3 1 1 2 0 0 0 0 0
 Node 411:   0 0 0 3 1 1 3 0 0 0 0 0
 Node 412:   0 0 11 0 1 1 3 0 0 0 0 0
 Node 413:   0 0 0 3 1 1 4 0 0 0 0 0
 Node 414:   0 0 3 8 1 1 4 0 0 0 0 0
 Node 415:   0 0 2 5 1 1 5 0 0 0 0 0
 Node 416:   0 0 9 1 1 1 0 3 0 0 0 0
 Node 417:   0 0 0 10 1 1 0 3 0 0 0 0
 Node 418:   0 0 8 2 1 1 0 2 0 0 0 0
 Node 419:   0 0 1 7 1 1 0 2 0 0 0 0
 Node 420:   0 0 8 0 1 1 0 1 0 0 0 0
 Node 421:   0 0 0 7 1 1 0 1 0 0 0 0
 Node 422:   1 0 13 1 1 1 0 0 0 0 0 0
 Node 423:   2 0 0 3 1 1 0 0 0 0 0 0
 Node 424:   3 0 7 1 1 1 0 0 0 0 0 0
 Node 425:   4 0 1 9 1 1 0 0 0 0 0 0
 Node 426:   5 1 12 2 1 1 0 0 0 0 0 0
 Node 427:   6 1 0 3 1 1 0 0 0 0 0 0
 Node 428:   7 1 9 0 1 1 0 0 0 0 0 0
 Node 429:   8 1 1 7 1 1 0 0 0 0 0 0
 Node 430:   9 1 1 13 1 1 0 0 0 0 0 0
 Node 431:   10 1 0 0 1 1 0 0 0 0 0 0
 Node 432:   11 1 4 0 1 1 0 0 0 0 0 0
 Node 433:   12 1 1 12 1 1 0 0 0 0 0 0
 Node 434:   13 1 11 2 1 1 0 0 0 0 0 0
 Node 435:   14 1 0 5 1 1 0 0 0 0 0 0
 Node 436:   15 1 7 0 1 1 0 0 0 0 0 0
 Node 437:   16 1 1 7 1 1 0 0 0 0 0 0
 Node 438:   0 1 14 11 0 0 0 0 0 2 1 1
 Node 439:   0 9 1 2 1 1 0 0 0 0 0 0
 Node 440:   0 8 7 0 1 1 0 0 0 0 0 0
 Node 441:   0 7 0 7 1 1 0 0 0 0 0 0
 Node 442:   0 6 11 2 1 1 0 0 0 0 0 0
 Node 443:   0 6 0 3 1 1 0 0 0 0 0 0
 Node 444:   0 5 10 1 1 1 0 0 0 0 0 0
 Node 445:   0 5 0 3 1 1 0 0 0 0 0 0
 Node 446:   0 4 3 8 1 1 0 0 0 0 0 0
 Node 447:   0 4 1 6 1 1 0 0 0 0 0 0
 Node 448:   1 0 8 1 1 1 0 0 0 1 0 0
 Node 449:   2 0 0 10 1 1 0 0 0 0 0 0
 Node 450:   3 0 7 1 1 1 0 0 0 0 0 0
 Node 451:   4 0 1 7 1 1 0 0 0 0 0 0
 Node 452:   5 0 7 0 1 1 0 0 0 0 0 0
 Node 453:   6 0 0 7 1 1 0 0 0 0 0 0
 Node 454:   7 0 12 1 1 1 0 0 0 0 0 0
 Node 455:   8 0 0 4 1 1 0 0 0 0 0 0
 Node 456:   9 0 6 1 1 1 0 0 0 0 0 0
 Node 457:   10 0 1 10 1 1 0 0 0 0 0 0
 Node 458:   11 0 11 2 1 1 0 0 0 0 0 0
 Node 459:   12 0 0 4 1 1 0 0 0 0 0 0
 Node 460:   13 0 8 0 1 1 0 0 0 0 0 0
 Node 461:   14 0 1 8 1 1 0 0 0 0 0 0
 Node 462:   1 0 16 14 0 0 0 0 0 0 1 1
 Node 463:   1 16 0 0 1 1 0 0 0 0 0 0
 Node 464:   1 15 3 0 1 1 0 0 0 0 0 0
 Node 465:   0 14 1 13 1 1 0 0 0 0 0 0
 Node 466:   0 13 10 2 1 1 0 0 0 0 0 0
 Node 467:   0 12 0 6 1 1 0 0 0 0 0 0
 Node 468:   0 11 6 0 1 1 0 0 0 0 0 0
 Node 469:   0 10 1 8 1 1 0 0 0 0 0 0
 Node 470:   0 9 13 2 1 1 0 0 0 0 0 0
 Node 471:   0 8 1 4 1 1 0 0 0 0 0 0
 Node 472:   0 7 6 0 1 1 0 0 0 0 0 0
 Node 473:   0 6 0 9 1 1 0 0 0 0 0 0
 Node 474:   0 5 10 1 1 1 0 0 0 0 0 0
 Node 475:   0 4 0 5 1 1 0 0 0 0 0 0
 Node 476:   0 3 9 1 1 1 0 0 0 0 0 0
 Node 477:   0 2 0 4 1 1 0 0 0 0 0 0
 Node 478:   0 1 3 8 1 1 0 0 0 0 0 0
 Node 479:   0 0 1 6 1 1 1 0 0 0 0 0
 Node 480:   1 0 8 1 1 1 0 7 0 0 0 0
 Node 481:   1 0 0 11 1 1 0 7 0 0 0 0
 Node 482:   1 0 6 1 1 1 0 6 0 0 0 0
 Node 483:   1 0 1 8 1 1 0 6 0 0 0 0
 Node 484:   1 0 7 0 1 1 0 5 0 0 0 0
 Node 485:   1 0 0 8 1 1 0 5 0 0 0 0
 Node 486:   1 0 11 1 1 1 0 4 0 0 0 0
 Node 487:   1 0 0 5 1 1 0 4 0 0 0 0
 Node 488:   1 0 6 1 1 1 0 3 0 0 0 0
 Node 489:   1 0 1 11 1 1 0 3 0 0 0 0
 Node 490:   1 0 10 2 1 1 0 2 0 0 0 0
 Node 491:   0 0 1 5 1 1 0 2 0 0 0 0
 Node 492:   0 0 8 0 1 1 0 1 0 0 0 0
 Node 493:   0 0 1 9 1 1 0 1 0 0 0 0
 Node 494:   1 0 15 1 1 1 0 0 0 0 0 0
 Node 495:   2 0 0 1 1 1 0 0 0 0 0 0
 Node 496:   3 0 2 0 1 1 0 0 0 0 0 0
 Node 497:   4 0 1 14 1 1 0 0 0 0 0 0
 Node 498:   5 0 9 2 1 1 0 0 0 0 0 0
 Node 499:   6 1 0 7 1 1 0 0 0 0 0 0
 Node 500:   7 1 6 0 1 1 0 0 0 0 0 0
 Node 501:   8 2 1 9 1 1 0 0 0 0 0 0
 Node 502:   9 2 12 2 1 1 0 0 0 0 0 0
 Node 503:   10 3 1 5 1 1 0 0 0 0 0 0
 Node 504:   11 3 6 0 1 1 0 0 0 0 0 0
 Node 505:   12 4 0 10 1 1 0 0 0 0 0 0
 Node 506:   13 4 9 1 1 1 0 0 0 0 0 0
 Node 507:   14 5 0 6 1 1 0 0 0 0 0 0
 Node 508:   15 5 9 1 1 1 0 0 0 0 0 0
 Node 509:   16 6 0 5 1 1 0 0 0 0 0 0
 Node 510:   0 6 12 9 0 0 1 0 0 0 1 1
 Node 511:   0 8 1 6 1 1 1 0 0 0 0 0
 Node 512:   8 0 6 1 0 0 0 1 0 0 1 1
 Node 513:   6 0 9 12 1 1 0 1 0 0 0 0
 Node 514:   6 16 5 0 0 0 0 0 0 0 1 1
 Node 515:   5 15 1 9 0 0 0 0 0 0 1 1
 Node 516:   5 14 6 0 0 0 0 0 0 0 1 1
 Node 517:   4 13 1 9 0 0 0 0 0 0 1 1
 Node 518:   4 12 10 0 0 0 0 0 0 0 1 1
 Node 519:   3 11 0 6 0 0 0 0 0 0 1 1
 Node 520:   3 10 5 1 0 0 0 0 0 0 1 1
 Node 521:   2 9 2 12 0 0 0 0 0 0 1 1
 Node 522:   2 8 9 1 0 0 0 0 0 0 1 1
 Node 523:   1 7 0 6 0 0 0 0 0 0 1 1
 Node 524:   1 6 7 0 0 0 0 0 0 0 1 1
 Node 525:   0 5 2 9 0 0 0 0 0 0 1 1
 Node 526:   0 4 14 1 0 0 0 0 0 0 1 1
 Node 527:   0 3 0 2 0 0 0 0 0 0 1 1
 Node 528:   0 2 1 0 0 0 0 0 0 0 1 1
 Node 529:   0 1 1 15 0 0 0 0 0 0 1 1
 Node 530:   0 0 9 1 0 0 1 0 0 0 1 1
 Node 531:   0 0 0 8 0 0 1 0 0 0 1 1
 Node 532:   0 0 5 1 0 0 2 0 0 0 1 1
 Node 533:   0 1 2 10 0 0 2 0 0 0 1 1
 Node 534:   0 1 11 1 0 0 3 0 0 0 1 1
 Node 535:   0 1 1 6 0 0 3 0 0 0 1 1
 Node 536:   0 1 5 0 0 0 4 0 0 0 1 1
 Node 537:   0 1 1 11 0 0 4 0 0 0 1 1
 Node 538:   0 1 8 0 0 0 5 0 0 0 1 1
 Node 539:   0 1 0 7 0 0 5 0 0 0 1 1
 Node 540:   0 1 8 1 0 0 6 0 0 0 1 1
 Node 541:   0 1 1 6 0 0 6 0 0 0 1 1
 Node 542:   0 1 11 0 0 0 7 0 0 0 1 1
 Node 543:   0 1 1 8 0 0 7 0 0 0 1 1
 Node 544:   0 0 6 1 0 0 0 1 0 0 1 1
 Node 545:   1 0 8 3 0 0 0 0 0 0 1 1
 Node 546:   2 0 4 0 0 0 0 0 0 0 1 1
 Node 547:   3 0 1 9 0 0 0 0 0 0 1 1
 Node 548:   4 0 5 0 0 0 0 0 0 0 1 1
 Node 549:   5 0 1 10 0 0 0 0 0 0 1 1
 Node 550:   6 0 9 0 0 0 0 0 0 0 1 1
 Node 551:   7 0 0 6 0 0 0 0 0 0 1 1
 Node 552:   8 0 4 1 0 0 0 0 0 0 1 1
 Node 553:   9 0 2 13 0 0 0 0 0 0 1 1
 Node 554:   10 0 8 1 0 0 0 0 0 0 1 1
 Node 555:   11 0 0 6 0 0 0 0 0 0 1 1
 Node 556:   12 0 6 0 0 0 0 0 0 0 1 1
 Node 557:   13 0 2 10 0 0 0 0 0 0 1 1
 Node 558:   14 0 13 1 0 0 0 0 0 0 1 1
 Node 559:   15 1 0 3 0 0 0 0 0 0 1 1
 Node 560:   16 1 0 0 0 0 0 0 0 0 1 1
 Node 561:   0 1 14 16 1 1 0 0 0 0 0 0
 Node 562:   0 14 8 1 0 0 0 0 0 0 1 1
 Node 563:   0 13 0 8 0 0 0 0 0 0 1 1
 Node 564:   0 12 4 0 0 0 0 0 0 0 1 1
 Node 565:   0 11 2 11 0 0 0 0 0 0 1 1
 Node 566:   0 10 10 1 0 0 0 0 0 0 1 1
 Node 567:   0 9 1 6 0 0 0 0 0 0 1 1
 Node 568:   0 8 4 0 0 0 0 0 0 0 1 1
 Node 569:   0 7 1 12 0 0 0 0 0 0 1 1
 Node 570:   0 6 7 0 0 0 0 0 0 0 1 1
 Node 571:   0 5 0 7 0 0 0 0 0 0 1 1
 Node 572:   0 4 7 1 0 0 0 0 0 0 1 1
 Node 573:   0 3 1 7 0 0 0 0 0 0 1 1
 Node 574:   0 2 10 0 0 0 0 0 0 0 1 1
 Node 575:   0 1 1 8 0 0 0 0 1 0 1 1
 Node 576:   4 0 6 1 0 0 0 0 0 0 1 1
 Node 577:   4 0 8 3 0 0 0 0 0 0 1 1
 Node 578:   5 0 3 0 0 0 0 0 0 0 1 1
 Node 579:   5 0 1 10 0 0 0 0 0 0 1 1
 Node 580:   6 0 3 0 0 0 0 0 0 0 1 1
 Node 581:   6 0 2 11 0 0 0 0 0 0 1 1
 Node 582:   7 0 7 0 0 0 0 0 0 0 1 1
 Node 583:   8 0 0 7 0 0 0 0 0 0 1 1
 Node 584:   9 0 2 1 0 0 0 0 0 0 1 1
 Node 585:   1 0 11 14 1 1 0 0 2 0 0 0
 Node 586:   1 16 7 1 0 0 0 0 0 0 1 1
 Node 587:   1 15 0 7 0 0 0 0 0 0 1 1
 Node 588:   1 14 5 0 0 0 0 0 0 0 1 1
 Node 589:   1 13 2 11 0 0 0 0 0 0 1 1
 Node 590:   1 12 12 1 0 0 0 0 0 0 1 1
 Node 591:   1 11 0 4 0 0 0 0 0 0 1 1
 Node 592:   1 10 0 0 0 0 0 0 0 0 1 1
 Node 593:   1 9 13 1 0 0 0 0 0 0 1 1
 Node 594:   1 8 7 1 0 0 0 0 0 0 1 1
 Node 595:   1 7 0 9 0 0 0 0 0 0 1 1
 Node 596:   1 6 3 0 0 0 0 0 0 0 1 1
 Node 597:   1 5 2 12 0 0 0 0 0 0 1 1
 Node 598:   0 4 9 1 0 0 0 0 0 0 1 1
 Node 599:   0 3 1 7 0 0 0 0 0 0 1 1
 Node 600:   0 2 3 0 0 0 0 0 0 0 1 1
 Node 601:   0 1 1 13 0 0 0 0 0 0 1 1
 Node 602:   0 0 7 0 0 0 1 0 0 0 1 1
 Node 603:   0 0 0 8 0 0 1 0 0 0 1 1
 Node 604:   0 0 7 1 0 0 2 0 0 0 1 1
 Node 605:   0 0 2 8 0 0 2 0 0 0 1 1
 Node 606:   0 0 10 0 0 0 3 0 0 0 1 1
 Node 607:   0 0 1 9 0 0 3 0 0 0 1 1
 Node 608:   0 0 5 2 0 0 0 5 0 0 1 1
 Node 609:   0 0 8 3 0 0 0 4 0 0 1 1
 Node 610:   0 0 3 0 0 0 0 4 0 0 1 1
 Node 611:   0 0 0 11 0 0 0 3 0 0 1 1
 Node 612:   0 0 3 0 0 0 0 3 0 0 1 1
 Node 613:   0 0 3 13 0 0 0 2 0 0 1 1
 Node 614:   0 0 7 0 0 0 0 2 0 0 1 1
 Node 615:   0 0 0 9 0 0 0 1 1 0 1 1
 Node 616:   0 0 2 1 0 0 0 1 0 0 1 1
 Node 617:   1 0 10 1 0 0 0 0 1 0 1 1
 Node 618:   2 0 6 1 0 0 0 0 0 0 1 1
 Node 619:   3 0 0 8 0 0 0 0 0 0 1 1
 Node 620:   4 0 4 0 0 0 0 0 0 0 1 1
 Node 621:   5 0 2 12 0 0 0 0 0 0 1 1
 Node 622:   6 0 11 1 0 0 0 0 0 0 1 1
 Node 623:   7 0 0 5 0 0 0 0 0 0 1 1
 Node 624:   8 0 0 0 0 0 0 0 0 0 1 1
 Node 625:   9 0 12 1 0 0 0 0 0 0 1 1
 Node 626:   10 0 6 1 0 0 0 0 0 0 1 1
 Node 627:   11 0 0 10 0 0 0 0 0 0 1 1
 Node 628:   12 0 2 0 0 0 0 0 0 0 1 1
 Node 629:   13 0 2 13 0 0 0 0 0 0 1 1
 Node 630:   14 0 8 0 0 0 0 0 0 0 1 1
 Node 631:   15 0 1 8 0 0 0 0 1 0 1 1
 Node 632:   16 1 2 0 0 0 0 0 0 0 1 1
 Node 633:   0 1 10 14 1 1 1 0 1 0 0 0
 Node 634:   0 8 6 0 0 0 1 0 0 0 1 1
 Node 635:   0 7 0 7 0 0 1 0 0 0 1 1
 Node 636:   0 7 5 1 0 0 0 0 0 0 1 1
 Node 637:   0 6 3 8 0 0 0 0 0 0 1 1
 Node 638:   0 6 8 0 0 0 0 0 0 0 1 1
 Node 639:   0 5 1 8 0 0 0 0 0 0 1 1
 Node 640:   6 0 4 2 0 0 0 0 0 0 1 1
 Node 641:   6 0 7 3 0 0 0 1 0 0 1 1
 Node 642:   7 0 2 0 0 0 0 1 0 0 1 1
 Node 643:   7 0 0 10 0 0 0 1 0 0 1 1
 Node 644:   8 0 1 0 0 0 0 1 0 0 1 1
 Node 645:   2 0 11 13 1 1 0 1 3 0 0 0
 Node 646:   2 16 6 0 0 0 0 0 0 0 1 1
 Node 647:   1 15 0 9 0 0 0 0 0 0 1 1
 Node 648:   1 14 2 1 0 0 0 0 0 0 1 1
 Node 649:   0 13 10 1 0 0 0 0 0 0 1 1
 Node 650:   0 12 5 1 0 0 0 0 0 0 1 1
 Node 651:   0 11 0 9 0 0 0 0 0 0 1 1
 Node 652:   0 10 3 0 0 0 0 0 0 0 1 1
 Node 653:   0 9 2 13 0 0 0 0 0 0 1 1
 Node 654:   0 8 10 1 0 0 0 0 0 0 1 1
 Node 655:   0 7 0 6 0 0 0 0 0 0 1 1
 Node 656:   0 6 0 1 0 0 0 0 0 0 1 1
 Node 657:   0 5 11 1 0 0 0 0 0 0 1 1
 Node 658:   0 4 5 1 0 0 0 0 0 0 1 1
 Node 659:   0 3 0 11 0 0 0 0 0 0 1 1
 Node 660:   0 2 1 0 0 0 0 0 0 0 1 1
 Node 661:   0 1 2 14 0 0 0 0 0 0 1 1
 Node 662:   0 0 8 0 0 0 1 0 0 0 1 1
 Node 663:   0 0 1 9 0 0 1 0 1 0 1 1
 Node 664:   0 0 2 0 0 0 2 0 0 0 1 1
 Node 665:   0 0 11 1 0 0 2 0 1 0 1 1
 Node 666:   0 0 6 0 0 0 3 0 0 0 1 1
 Node 667:   0 0 0 8 0 0 3 0 1 0 1 1
 Node 668:   0 0 4 0 0 0 4 0 0 0 1 1
 Node 669:   0 0 3 10 0 0 4 0 0 0 1 1
 Node 670:   0 0 7 1 0 0 5 0 0 0 1 1
 Node 671:   0 0 0 9 0 0 5 0 0 0 1 1
 Node 672:   0 0 4 2 0 0 0 3 0 0 1 1
 Node 673:   0 0 8 3 0 0 0 2 0 0 1 1
 Node 674:   0 0 2 0 0 0 0 2 0 0 1 1
 Node 675:   0 0 0 11 0 0 0 1 1 0 1 1
 Node 676:   0 0 1 0 0 0 0 1 0 0 1 1
 Node 677:   1 0 10 2 0 0 0 0 3 0 1 1
 Node 678:   2 0 5 0 0 0 0 0 0 0 1 1
 Node 679:   3 0 0 9 0 0 0 0 0 0 1 1
 Node 680:   4 0 2 1 0 0 0 0 0 0 1 1
 Node 681:   5 0 9 1 0 0 0 0 0 0 1 1
 Node 682:   6 0 4 1 0 0 0 0 0 0 1 1
 Node 683:   7 1 0 10 0 0 0 0 0 0 1 1
 Node 684:   8 1 2 0 0 0 0 0 0 0 1 1
 Node 685:   9 1 2 14 0 0 0 0 0 0 1 1
 Node 686:   10 1 9 1 0 0 0 0 0 0 1 1
 Node 687:   11 1 0 8 0 0 0 0 0 0 1 1
 Node 688:   12 1 0 2 0 0 0 0 0 0 1 1
 Node 689:   13 1 10 1 0 0 0 0 0 0 1 1
 Node 690:   14 1 4 1 0 0 0 0 0 0 1 1
 Node 691:   15 1 0 12 0 0 0 0 0 0 1 1
 Node 692:   16 1 0 0 0 0 0 0 0 0 1 1
 Node 693:   0 1 10 15 1 1 0 0 3 0 0 0
 Node 694:   0 10 7 0 0 0 0 0 0 0 1 1
 Node 695:   0 9 1 8 0 0 0 0 1 0 1 1
 Node 696:   0 8 1 0 0 0 0 0 0 0 1 1
 Node 697:   0 7 9 1 0 0 0 0 0 0 1 1
 Node 698:   0 6 5 0 0 0 0 0 0 0 1 1
 Node 699:   0 5 0 9 0 0 0 0 1 0 1 1
 Node 700:   0 5 3 0 0 0 0 0 0 0 1 1
 Node 701:   0 4 3 10 0 0 0 0 0 0 1 1
 Node 702:   0 4 6 1 0 0 0 0 0 0 1 1
 Node 703:   0 3 0 9 0 0 0 0 0 0 1 1
 Node 704:   2 0 4 2 0 0 0 0 0 0 1 1
 Node 705:   2 0 8 3 0 0 0 0 0 0 1 1
 Node 706:   3 0 1 0 0 0 0 0 0 0 1 1
 Node 707:   4 0 0 11 0 0 0 0 0 0 1 1
 Node 708:   5 0 1 0 0 0 0 0 0 0 1 1
 Node 709:   6 0 9 2 0 0 0 0 2 0 1 1
 Node 710:   7 0 4 2 0 0 0 0 0 0 1 1
 Node 711:   8 0 0 10 0 0 0 0 0 0 1 1
 Node 712:   9 0 2 1 0 0 0 0 0 0 1 1
 Node 713:   10 0 8 1 0 0 0 0 0 0 1 1
 Node 714:   11 0 3 0 0 0 0 0 0 0 1 1
 Node 715:   12 0 0 11 0 0 0 0 0 0 1 1
 Node 716:   13 0 0 0 0 0 0 0 0 0 1 1
 Node 717:   1 0 9 15 1 1 0 0 6 0 0 0
 Node 718:   1 16 8 1 0 0 0 0 0 0 1 1
 Node 719:   1 15 0 9 0 0 0 0 0 0 1 1
 Node 720:   1 14 0 3 0 0 0 0 0 0 1 1
 Node 721:   1 13 9 1 0 0 0 0 0 0 1 1
 Node 722:   0 12 3 1 0 0 0 0 0 0 1 1
 Node 723:   0 11 0 13 0 0 0 0 0 0 1 1
 Node 724:   0 10 0 0 0 0 0 0 0 0 1 1
 Node 725:   0 9 9 1 0 0 0 0 3 0 1 1
 Node 726:   0 8 6 0 0 0 0 0 0 0 1 1
 Node 727:   0 7 1 10 0 0 0 0 0 0 1 1
 Node 728:   0 6 1 0 0 0 0 0 0 0 1 1
 Node 729:   0 5 8 1 0 0 0 0 0 0 1 1
 Node 730:   0 4 4 0 0 0 0 0 0 0 1 1
 Node 731:   0 3 0 10 0 0 0 0 1 0 1 1
 Node 732:   0 2 2 0 0 0 0 0 0 0 1 1
 Node 733:   0 1 3 10 0 0 0 0 0 0 1 1
 Node 734:   0 0 6 1 0 0 1 0 0 0 1 1
 Node 735:   0 0 0 9 0 0 1 0 0 0 1 1
 Node 736:   1 0 3 3 0 0 0 7 0 0 1 1
 Node 737:   1 0 8 3 0 0 0 6 0 0 1 1
 Node 738:   1 0 1 0 0 0 0 6 0 0 1 1
 Node 739:   1 0 0 12 0 0 0 5 1 0 1 1
 Node 740:   1 0 0 0 0 0 0 5 0 0 1 1
 Node 741:   1 0 8 2 0 0 0 4 1 0 1 1
 Node 742:   1 0 4 2 0 0 0 4 0 0 1 1
 Node 743:   1 0 0 11 0 0 0 3 0 0 1 1
 Node 744:   0 0 1 2 0 0 0 3 0 0 1 1
 Node 745:   0 0 8 1 0 0 0 2 0 0 1 1
 Node 746:   0 0 3 0 0 0 0 2 0 0 1 1
 Node 747:   0 0 0 13 0 0 0 1 1 0 1 1
 Node 748:   0 0 0 0 0 0 0 1 0 0 1 1
 Node 749:   1 0 8 0 0 0 0 0 5 0 1 1
 Node 750:   2 0 7 1 0 0 0 0 0 0 1 1
 Node 751:   3 0 0 10 0 0 0 0 0 0 1 1
 Node 752:   4 0 0 4 0 0 0 0 0 0 1 1
 Node 753:   5 0 8 1 0 0 0 0 0 0 1 1
 Node 754:   6 0 2 0 0 0 0 0 0 0 1 1
 Node 755:   7 0 0 14 0 0 0 0 1 0 1 1
 Node 756:   8 1 0 0 0 0 0 0 0 0 1 1
 Node 757:   9 1 8 1 0 0 0 0 2 0 1 1
 Node 758:   10 2 5 0 0 0 0 0 0 0 1 1
 Node 759:   11 2 0 11 0 0 0 0 0 0 1 1
 Node 760:   12 3 1 0 0 0 0 0 0 0 1 1
 Node 761:   13 3 8 1 0 0 0 0 0 0 1 1
 Node 762:   14 4 3 0 0 0 0 0 0 0 1 1
 Node 763:   15 4 0 11 0 0 0 0 2 0 1 1
 Node 764:   16 5 1 0 0 0 0 0 0 0 1 1
 Node 765:   0 5 8 11 1 1 1 0 3 0 0 0
 Node 766:   0 8 5 1 0 0 1 0 0 0 1 1
 Node 767:   0 7 0 8 0 0 1 0 0 0 1 1
 Node 768:   7 0 2 3 0 0 0 1 0 0 1 1
 Node 769:   7 0 6 3 0 0 0 1 0 0 1 1
 Node 770:   8 0 0 0 0 0 0 1 0 0 1 1
 Node 771:   4 0 5 13 1 1 0 1 6 0 0 0
 Node 772:   4 16 0 0 0 0 0 0 0 0 1 1
 Node 773:   3 15 7 1 0 0 0 0 1 0 1 1
 Node 774:   3 14 3 2 0 0 0 0 0 0 1 1
 Node 775:   2 13 0 11 0 0 0 0 0 0 1 1
 Node 776:   2 12 1 2 0 0 0 0 0 0 1 1
 Node 777:   1 11 7 1 0 0 0 0 0 0 1 1
 Node 778:   1 10 2 0 0 0 0 0 0 0 1 1
 Node 779:   0 9 1 13 0 0 0 0 0 0 1 1
 Node 780:   0 8 0 0 0 0 0 0 0 0 1 1
 Node 781:   0 7 7 0 0 0 0 0 4 0 1 1
 Node 782:   0 6 6 1 0 0 0 0 0 0 1 1
 Node 783:   0 5 0 11 0 0 0 0 0 0 1 1
 Node 784:   0 4 0 5 0 0 0 0 0 0 1 1
 Node 785:   0 3 7 1 0 0 0 0 0 0 1 1
 Node 786:   0 2 1 0 0 0 0 0 0 0 1 1
 Node 787:   0 1 0 15 0 0 0 0 1 0 1 1
 Node 788:   0 0 0 0 0 0 1 0 0 0 1 1
 Node 789:   0 0 8 0 0 0 1 0 2 0 1 1
 Node 790:   0 0 5 1 0 0 2 0 0 0 1 1
 Node 791:   0 0 0 12 0 0 2 0 0 0 1 1
 Node 792:   0 0 0 1 0 0 3 0 0 0 1 1
 Node 793:   0 0 7 1 0 0 3 0 0 0 1 1
 Node 794:   0 0 3 0 0 0 4 0 1 0 1 1
 Node 795:   0 1 1 12 0 0 4 0 2 0 1 1
 Node 796:   0 1 0 0 0 0 5 0 0 0 1 1
 Node 797:   0 1 7 0 0 0 5 0 4 0 1 1
 Node 798:   0 1 5 1 0 0 6 0 0 0 1 1
 Node 799:   0 1 0 9 0 0 6 0 0 0 1 1
 Node 800:   0 0 2 4 0 0 0 2 0 0 1 1
 Node 801:   0 0 6 2 0 0 0 1 1 0 1 1
 Node 802:   0 0 0 0 0 0 0 1 0 0 1 1
 Node 803:   1 0 4 3 0 0 0 0 6 0 1 1
 Node 804:   2 0 0 0 0 0 0 0 0 0 1 1
 Node 805:   3 0 6 1 0 0 0 0 0 0 1 1
 Node 806:   4 0 2 2 0 0 0 0 0 0 1 1
 Node 807:   5 0 0 11 0 0 0 0 0 0 1 1
 Node 808:   6 0 1 3 0 0 0 0 0 0 1 1
 Node 809:   7 0 6 0 0 0 0 0 0 0 1 1
 Node 810:   8 0 1 0 0 0 0 0 0 0 1 1
 Node 811:   9 0 1 14 0 0 0 0 0 0 1 1
 Node 812:   10 0 0 0 0 0 0 0 1 0 1 1
 Node 813:   11 1 6 0 0 0 0 0 3 0 1 1
 Node 814:   12 1 5 1 0 0 0 0 0 0 1 1
 Node 815:   13 1 0 12 0 0 0 0 0 0 1 1
 Node 816:   14 1 0 6 0 0 0 0 0 0 1 1
 Node 817:   15 1 6 1 0 0 0 0 0 0 1 1
 Node 818:   16 1 0 0 0 0 0 0 0 0 1 1
 Node 819:   0 1 6 16 1 1 0 0 8 0 0 0
 Node 820:   0 12 0 0 0 0 0 0 0 0 1 1
 Node 821:   0 11 6 0 0 0 0 0 1 0 1 1
 Node 822:   0 10 4 1 0 0 0 0 0 0 1 1
 Node 823:   0 9 0 12 0 0 0 0 0 0 1 1
 Node 824:   0 8 0 2 0 0 0 0 0 0 1 1
 Node 825:   0 7 6 0 0 0 0 0 0 0 1 1
 Node 826:   0 6 2 0 0 0 0 0 0 0 1 1
 Node 827:   0 5 1 13 0 0 0 0 2 0 1 1
 Node 828:   0 4 0 0 0 0 0 0 0 0 1 1
 Node 829:   0 3 6 0 0 0 0 0 4 0 1 1
 Node 830:   0 3 4 1 0 0 0 0 0 0 1 1
 Node 831:   0 2 0 9 0 0 0 0 0 0 1 1
 Node 832:   3 0 2 4 0 0 0 0 0 0 1 1
 Node 833:   3 0 5 2 0 0 0 0 0 0 1 1
 Node 834:   4 0 0 0 0 0 0 0 0 0 1 1
 Node 835:   4 0 4 3 0 0 0 0 5 0 1 1
 Node 836:   5 0 0 0 0 0 0 0 0 0 1 1
 Node 837:   6 0 5 1 0 0 0 0 0 0 1 1
 Node 838:   7 0 1 2 0 0 0 0 0 0 1 1
 Node 839:   8 0 0 12 0 0 0 0 0 0 1 1
 Node 840:   9 0 0 3 0 0 0 0 0 0 1 1
 Node 841:   10 0 4 0 0 0 0 0 0 0 1 1
 Node 842:   11 0 0 2 0 0 0 0 0 0 1 1
 Node 843:   1 0 5 15 1 1 0 0 9 0 0 0
 Node 844:   1 16 0 0 0 0 0 0 1 0 1 1
 Node 845:   1 15 5 0 0 0 0 0 2 0 1 1
 Node 846:   1 14 4 1 0 0 0 0 0 0 1 1
 Node 847:   1 13 0 13 0 0 0 0 0 0 1 1
 Node 848:   1 12 0 7 0 0 0 0 0 0 1 1
 Node 849:   1 11 5 1 0 0 0 0 0 0 1 1
 Node 850:   1 10 0 0 0 0 0 0 0 0 1 1
 Node 851:   1 9 5 1 0 0 0 0 8 0 1 1
 Node 852:   0 8 0 0 0 0 0 0 1 0 1 1
 Node 853:   0 7 5 0 0 0 0 0 1 0 1 1
 Node 854:   0 6 3 1 0 0 0 0 0 0 1 1
 Node 855:   0 5 0 13 0 0 0 0 0 0 1 1
 Node 856:   0 4 0 3 0 0 0 0 0 0 1 1
 Node 857:   0 3 5 0 0 0 0 0 0 0 1 1
 Node 858:   0 2 1 0 0 0 0 0 0 0 1 1
 Node 859:   0 1 1 14 0 0 0 0 0 0 1 1
 Node 860:   0 0 0 0 0 0 1 0 0 0 1 1
 Node 861:   0 0 6 0 0 0 1 0 5 0 1 1
 Node 862:   0 0 4 2 0 0 2 0 0 0 1 1
 Node 863:   0 0 0 9 0 0 2 0 0 0 1 1
 Node 864:   1 0 1 5 0 0 0 6 0 0 1 1
 Node 865:   1 0 4 1 0 0 0 5 0 0 1 1
 Node 866:   0 0 0 0 0 0 0 5 1 0 1 1
 Node 867:   0 0 4 3 0 0 0 4 5 0 1 1
 Node 868:   0 0 0 1 0 0 0 4 0 0 1 1
 Node 869:   0 0 4 1 0 0 0 3 1 0 1 1
 Node 870:   0 0 1 3 0 0 0 3 0 0 1 1
 Node 871:   0 0 0 14 0 0 0 2 0 0 1 1
 Node 872:   0 0 0 4 0 0 0 2 0 0 1 1
 Node 873:   0 0 4 0 0 0 0 1 1 0 1 1
 Node 874:   0 0 0 2 0 0 0 1 0 0 1 1
 Node 875:   1 0 4 1 0 0 0 0 8 0 1 1
 Node 876:   2 0 0 0 0 0 0 0 1 0 1 1
 Node 877:   3 0 4 0 0 0 0 0 1 0 1 1
 Node 878:   4 0 3 1 0 0 0 0 0 0 1 1
 Node 879:   5 0 0 14 0 0 0 0 0 0 1 1
 Node 880:   6 0 0 8 0 0 0 0 0 0 1 1
 Node 881:   7 0 4 1 0 0 0 0 0 0 1 1
 Node 882:   8 0 0 0 0 0 0 0 0 0 1 1
 Node 883:   9 0 4 1 0 0 0 0 7 0 1 1
 Node 884:   10 0 0 0 0 0 0 0 1 0 1 1
 Node 885:   11 0 4 0 0 0 0 0 1 0 1 1
 Node 886:   12 1 2 1 0 0 0 0 0 0 1 1
 Node 887:   13 1 0 14 0 0 0 0 0 0 1 1
 Node 888:   14 2 0 3 0 0 0 0 0 0 1 1
 Node 889:   15 2 4 1 0 0 0 0 1 0 1 1
 Node 890:   16 3 0 0 0 0 0 0 0 0 1 1
 Node 891:   0 3 4 15 1 1 1 0 6 0 0 0
 Node 892:   0 8 0 0 0 0 1 0 0 0 1 1
 Node 893:   0 7 4 0 0 0 1 0 5 0 1 1
 Node 894:   0 7 3 2 0 0 1 0 0 0 1 1
 Node 895:   0 6 0 8 0 0 1 0 0 0 1 1
 Node 896:   5 0 0 5 0 0 0 0 0 0 1 1
 Node 897:   5 0 2 0 0 0 0 0 1 0 1 1
 Node 898:   6 0 0 0 0 0 0 0 1 0 1 1
 Node 899:   6 0 2 3 0 0 0 0 3 0 1 1
 Node 900:   7 0 0 1 0 0 0 0 0 0 1 1
 Node 901:   7 0 2 1 0 0 0 0 1 0 1 1
 Node 902:   8 0 0 3 0 0 0 0 1 0 1 1
 Node 903:   0 0 3 13 1 1 0 1 9 0 0 0
 Node 904:   0 16 0 5 0 0 0 0 0 0 1 1
 Node 905:   0 15 3 0 0 0 0 0 0 0 1 1
 Node 906:   0 14 0 2 0 0 0 0 0 0 1 1
 Node 907:   0 13 3 1 0 0 0 0 7 0 1 1
 Node 908:   0 12 0 0 0 0 0 0 0 0 1 1
 Node 909:   0 11 3 0 0 0 0 0 0 0 1 1
 Node 910:   0 10 2 1 0 0 0 0 0 0 1 1
 Node 911:   0 9 0 15 0 0 0 0 0 0 1 1
 Node 912:   0 8 0 9 0 0 0 0 0 0 1 1
 Node 913:   0 7 3 1 0 0 0 0 0 0 1 1
 Node 914:   0 6 0 0 0 0 0 0 0 0 1 1
 Node 915:   0 5 3 1 0 0 0 0 6 0 1 1
 Node 916:   0 4 0 1 0 0 0 0 1 0 1 1
 Node 917:   0 3 3 0 0 0 0 0 1 0 1 1
 Node 918:   0 2 1 1 0 0 0 0 0 0 1 1
 Node 919:   0 1 0 14 0 0 0 0 0 0 1 1
 Node 920:   0 0 0 4 0 0 1 0 0 0 1 1
 Node 921:   0 0 4 1 0 0 1 0 2 0 1 1
 Node 922:   0 0 0 2 0 0 2 0 0 0 1 1
 Node 923:   0 0 4 3 0 0 2 0 6 0 1 1
 Node 924:   0 0 0 0 0 0 3 0 0 0 1 1
 Node 925:   0 0 4 0 0 0 3 0 6 0 1 1
 Node 926:   0 0 3 2 0 0 4 0 0 0 1 1
 Node 927:   0 0 0 9 0 0 4 0 0 0 1 1
 Node 928:   0 0 0 6 0 0 0 4 0 0 1 1
 Node 929:   0 0 2 0 0 0 0 3 2 0 1 1
 Node 930:   0 0 0 0 0 0 0 3 1 0 1 1
 Node 931:   0 0 2 2 0 0 0 2 3 0 1 1
 Node 932:   0 0 0 2 0 0 0 2 0 0 1 1
 Node 933:   0 0 2 0 0 0 0 1 2 0 1 1
 Node 934:   0 0 0 3 0 0 0 1 1 0 1 1
 Node 935:   1 0 2 1 0 0 0 0 9 0 1 1
 Node 936:   2 0 0 6 0 0 0 0 1 0 1 1
 Node 937:   3 1 2 0 0 0 0 0 0 0 1 1
 Node 938:   4 1 0 2 0 0 0 0 0 0 1 1
 Node 939:   5 1 2 1 0 0 0 0 7 0 1 1
 Node 940:   6 1 0 0 0 0 0 0 0 0 1 1
 Node 941:   7 1 2 0 0 0 0 0 0 0 1 1
 Node 942:   8 1 1 1 0 0 0 0 0 0 1 1
 Node 943:   9 1 0 16 0 0 0 0 0 0 1 1
 Node 944:   10 1 0 10 0 0 0 0 0 0 1 1
 Node 945:   11 1 2 1 0 0 0 0 0 0 1 1
 Node 946:   12 1 0 0 0 0 0 0 0 0 1 1
 Node 947:   13 1 2 1 0 0 0 0 5 0 1 1
 Node 948:   14 1 0 2 0 0 0 0 1 0 1 1
 Node 949:   15 1 2 0 0 0 0 0 1 0 1 1
 Node 950:   16 1 0 1 0 0 0 0 0 0 1 1
 Node 951:   0 1 2 15 1 1 0 0 9 0 0 0
 Node 952:   0 8 0 5 0 0 0 0 0 0 1 1
 Node 953:   0 7 2 1 0 0 0 0 3 0 1 1
 Node 954:   0 7 0 2 0 0 0 0 0 0 1 1
 Node 955:   0 6 2 2 0 0 0 0 5 0 1 1
 Node 956:   0 6 0 0 0 0 0 0 0 0 1 1
 Node 957:   0 5 2 0 0 0 0 0 3 0 1 1
 Node 958:   0 5 2 2 0 0 0 0 0 0 1 1
 Node 959:   0 4 0 9 0 0 0 0 0 0 1 1
 Node 960:   1 0 0 6 0 0 0 0 0 0 1 1
 Node 961:   2 0 1 0 0 0 0 0 2 0 1 1
 Node 962:   3 0 0 4 0 0 0 0 1 0 1 1
 Node 963:   4 0 1 1 0 0 0 0 2 0 1 1
 Node 964:   5 0 0 2 0 0 0 0 0 0 1 1
 Node 965:   6 0 1 0 0 0 0 0 1 0 1 1
 Node 966:   7 0 0 3 0 0 0 0 1 0 1 1
 Node 967:   8 0 1 1 0 0 0 0 8 0 1 1
 Node 968:   9 0 0 6 0 0 0 0 1 0 1 1
 Node 969:   10 0 1 0 0 0 0 0 0 0 1 1
 Node 970:   11 0 0 2 0 0 0 0 0 0 1 1
 Node 971:   12 0 1 1 0 0 0 0 6 0 1 1
 Node 972:   13 0 0 0 0 0 0 0 0 0 1 1
 Node 973:   14 0 1 0 0 0 0 0 0 0 1 1
 Node 974:   15 0 0 1 0 0 0 0 0 0 1 1
 Node 975:   1 0 1 17 1 1 0 0 14 0 0 0
 Node 976:   0 16 0 11 0 0 0 0 1 0 1 1
 Node 977:   0 15 1 1 0 0 0 0 0 0 1 1
 Node 978:   0 14 0 0 0 0 0 0 0 0 1 1
 Node 979:   0 13 1 1 0 0 0 0 3 0 1 1
 Node 980:   0 12 0 3 0 0 0 0 1 0 1 1
 Node 981:   0 11 1 0 0 0 0 0 1 0 1 1
 Node 982:   0 10 0 1 0 0 0 0 0 0 1 1
 Node 983:   0 9 1 2 0 0 0 0 9 0 1 1
 Node 984:   0 8 0 6 0 0 0 0 0 0 1 1
 Node 985:   0 7 1 1 0 0 0 0 2 0 1 1
 Node 986:   0 6 0 2 0 0 0 0 0 0 1 1
 Node 987:   0 5 1 1 0 0 0 0 5 0 1 1
 Node 988:   0 4 0 0 0 0 0 0 0 0 1 1
 Node 989:   0 3 1 1 0 0 0 0 3 0 1 1
 Node 990:   0 2 1 2 0 0 0 0 0 0 1 1
 Node 991:   0 1 0 9 0 0 0 0 0 0 1 1
 Node 992:   1 0 0 7 0 0 0 8 0 0 1 1
 Node 993:   1 0 0 0 0 0 0 7 3 0 1 1
 Node 994:   1 0 0 4 0 0 0 7 1 0 1 1
 Node 995:   1 0 0 1 0 0 0 6 1 0 1 1
 Node 996:   1 0 0 3 0 0 0 6 0 0 1 1
 Node 997:   1 0 0 0 0 0 0 5 2 0 1 1
 Node 998:   1 0 0 3 0 0 0 5 1 0 1 1
 Node 999:   1 0 0 1 0 0 0 4 7 0 1 1
 Node 1000:   1 0 0 7 0 0 0 4 1 0 1 1
 Node 1001:   1 0 0 0 0 0 0 3 1 0 1 1
 Node 1002:   1 0 0 2 0 0 0 3 0 0 1 1
 Node 1003:   1 0 0 1 0 0 0 2 5 0 1 1
 Node 1004:   1 0 0 1 0 0 0 2 0 0 1 1
 Node 1005:   1 0 0 0 0 0 0 1 1 0 1 1
 Node 1006:   0 0 0 1 0 0 0 1 1 0 1 1
 Node 1007:   1 0 0 1 0 0 0 0 13 0 1 1
 Node 1008:   2 0 0 12 0 0 0 0 1 0 1 1
 Node 1009:   3 0 0 1 0 0 0 0 1 0 1 1
 Node 1010:   4 1 0 0 0 0 0 0 0 0 1 1
 Node 1011:   5 1 0 1 0 0 0 0 2 0 1 1
 Node 1012:   6 2 0 4 0 0 0 0 0 0 1 1
 Node 1013:   7 2 0 0 0 0 0 0 2 0 1 1
 Node 1014:   8 3 0 1 0 0 0 0 0 0 1 1
 Node 1015:   9 3 0 2 0 0 0 0 8 0 1 1
 Node 1016:   10 4 0 6 0 0 0 0 0 0 1 1
 Node 1017:   11 4 0 1 0 0 0 0 3 0 1 1
 Node 1018:   12 5 0 2 0 0 0 0 0 0 1 1
 Node 1019:   13 5 0 1 0 0 0 0 4 0 1 1
 Node 1020:   14 6 0 0 0 0 0 0 0 0 1 1
 Node 1021:   15 6 0 1 0 0 0 0 4 0 1 1
 Node 1022:   16 7 0 3 0 0 0 0 0 0 1 1
 Node 1023:   0 7 0 10 1 1 1 0 7 0 0 0

(Maximum) Crossing Paths: 17
The number of paths on this application : 1024 (all-to-all cases: 1047552)
The average hops : 15.312500
ID size(without ID modification)17
(Maximum) number of slots: 17
