ID Allocation Policy is 0(low port first) / 1(Crossing Paths based method): 1
Address method is 0(destination_based) / 1(path_based): 1
 dst_based renewable label = 9
 path_based renewable label = 9


 (east, west, south, north, from host0,... east(vch2), south(vch2), west(vch2), north(vch2), from host(vch2)0,.. to host(vch2)0,..
 Node  0:   3 0 6 0 0 0 0 1 0 3 1 1
 Node  1:   3 8 1 0 1 1 0 0 0 0 0 0
 Node  2:   2 7 0 0 1 1 0 0 0 2 0 0
 Node  3:   2 6 0 0 1 1 0 0 0 0 0 0
 Node  4:   1 5 1 0 1 1 0 0 0 2 0 0
 Node  5:   1 4 0 0 1 1 0 0 0 0 0 0
 Node  6:   0 3 1 0 1 1 0 0 0 1 0 0
 Node  7:   0 2 4 0 1 1 0 0 0 1 0 0
 Node  8:   0 1 1 0 1 1 0 0 0 5 0 0
 Node  9:   0 0 1 0 1 1 1 0 0 1 0 0
 Node 10:   0 1 0 0 1 1 1 0 0 1 0 0
 Node 11:   0 1 1 0 1 1 2 0 0 1 0 0
 Node 12:   0 1 1 0 1 1 2 0 0 1 0 0
 Node 13:   0 1 2 0 1 1 3 0 0 0 0 0
 Node 14:   0 1 0 0 1 1 3 0 0 1 0 0
 Node 15:   0 1 3 0 1 1 4 0 0 0 0 0
 Node 16:   1 0 5 0 1 1 0 0 0 0 0 0
 Node 17:   2 0 1 1 1 1 0 0 0 0 0 0
 Node 18:   3 0 0 1 1 1 0 0 0 1 0 0
 Node 19:   4 0 0 0 1 1 0 0 0 0 0 0
 Node 20:   5 0 1 1 1 1 0 0 0 3 0 0
 Node 21:   6 0 0 0 1 1 0 0 0 0 0 0
 Node 22:   7 0 1 1 1 1 0 0 0 0 0 0
 Node 23:   8 0 3 0 1 1 0 0 0 1 0 0
 Node 24:   0 1 9 1 0 0 0 0 0 6 1 1
 Node 25:   0 7 1 0 1 1 0 0 0 0 0 0
 Node 26:   0 6 0 1 1 1 0 0 0 0 0 0
 Node 27:   0 5 0 0 1 1 0 0 0 1 0 0
 Node 28:   0 4 1 1 1 1 0 0 0 2 0 0
 Node 29:   0 3 2 0 1 1 0 0 0 0 0 0
 Node 30:   0 2 0 1 1 1 0 0 0 0 0 0
 Node 31:   0 1 2 0 1 1 0 0 0 0 0 0
 Node 32:   2 0 5 0 1 1 0 0 0 0 0 0
 Node 33:   3 0 1 2 1 1 0 0 0 0 0 0
 Node 34:   3 0 0 2 1 1 0 0 0 1 0 0
 Node 35:   4 0 0 0 1 1 0 0 0 0 0 0
 Node 36:   1 0 8 2 0 0 0 0 0 4 1 1
 Node 37:   1 8 0 0 1 1 0 0 0 0 0 0
 Node 38:   1 7 1 2 1 1 0 0 0 0 0 0
 Node 39:   1 6 2 0 1 1 0 0 0 0 0 0
 Node 40:   1 5 8 0 1 1 0 0 0 0 0 0
 Node 41:   1 4 1 1 1 1 0 0 0 0 0 0
 Node 42:   1 3 0 2 1 1 0 0 0 0 0 0
 Node 43:   0 2 0 0 1 1 0 0 0 1 0 0
 Node 44:   0 1 1 2 1 1 0 0 0 3 0 0
 Node 45:   0 0 0 0 1 1 1 0 0 0 0 0
 Node 46:   0 0 0 2 1 1 1 0 0 1 0 0
 Node 47:   0 0 2 0 1 1 2 0 0 0 0 0
 Node 48:   0 0 5 0 1 1 0 2 0 0 0 0
 Node 49:   0 0 1 3 1 1 0 2 0 0 0 0
 Node 50:   0 0 0 4 1 1 0 1 0 2 0 0
 Node 51:   0 0 0 0 1 1 0 1 0 0 0 0
 Node 52:   1 0 7 0 1 1 0 0 0 1 0 0
 Node 53:   2 0 0 1 1 1 0 0 0 0 0 0
 Node 54:   3 0 1 3 1 1 0 0 0 0 0 0
 Node 55:   4 0 1 0 1 1 0 0 0 0 0 0
 Node 56:   5 0 6 0 1 1 0 0 0 0 0 0
 Node 57:   6 0 1 2 1 1 0 0 0 0 0 0
 Node 58:   7 0 0 3 1 1 0 0 0 0 0 0
 Node 59:   8 0 0 0 1 1 0 0 0 0 0 0
 Node 60:   0 0 7 3 0 0 1 0 0 3 1 1
 Node 61:   0 4 0 0 1 1 0 0 0 1 0 0
 Node 62:   0 3 1 2 1 1 0 0 0 0 0 0
 Node 63:   0 3 1 0 1 1 0 0 0 0 0 0
 Node 64:   3 0 4 0 1 1 0 1 0 0 0 0
 Node 65:   4 0 0 3 1 1 0 1 0 0 0 0
 Node 66:   1 0 7 4 0 0 0 1 0 1 1 1
 Node 67:   1 8 0 0 1 1 0 0 0 0 0 0
 Node 68:   0 7 6 0 1 1 0 0 0 1 0 0
 Node 69:   0 6 0 2 1 1 0 0 0 0 0 0
 Node 70:   0 5 1 4 1 1 0 0 0 0 0 0
 Node 71:   0 4 0 0 1 1 0 0 0 0 0 0
 Node 72:   0 3 5 0 1 1 0 0 0 0 0 0
 Node 73:   0 2 1 3 1 1 0 0 0 0 0 0
 Node 74:   0 1 0 4 1 1 0 0 0 1 0 0
 Node 75:   0 0 0 0 1 1 1 0 0 0 0 0
 Node 76:   0 0 7 0 1 1 1 0 0 1 0 0
 Node 77:   0 0 0 1 1 1 2 0 0 0 0 0
 Node 78:   0 0 1 4 1 1 2 0 0 0 0 0
 Node 79:   0 0 2 1 1 1 3 0 0 0 0 0
 Node 80:   0 0 5 1 1 1 0 1 0 0 0 0
 Node 81:   0 0 0 4 1 1 0 1 0 0 0 0
 Node 82:   1 0 6 1 1 1 0 0 0 0 0 0
 Node 83:   2 0 0 1 1 1 0 0 0 0 0 0
 Node 84:   3 0 5 0 1 1 0 0 0 0 0 0
 Node 85:   4 0 1 3 1 1 0 0 0 0 0 0
 Node 86:   5 1 1 5 1 1 0 0 0 0 0 0
 Node 87:   6 1 0 0 1 1 0 0 0 0 0 0
 Node 88:   7 1 4 0 1 1 0 0 0 0 0 0
 Node 89:   8 1 1 4 1 1 0 0 0 0 0 0
 Node 90:   0 1 7 5 0 0 0 0 0 2 1 1
 Node 91:   0 5 0 0 1 1 0 0 0 0 0 0
 Node 92:   0 4 5 0 1 1 0 0 0 0 0 0
 Node 93:   0 3 0 1 1 1 0 0 0 0 0 0
 Node 94:   0 2 1 4 1 1 0 0 0 0 0 0
 Node 95:   0 2 1 2 1 1 0 0 0 0 0 0
 Node 96:   1 0 4 1 1 1 0 0 0 1 0 0
 Node 97:   2 0 0 4 1 1 0 0 0 0 0 0
 Node 98:   3 0 5 1 1 1 0 0 0 0 0 0
 Node 99:   4 0 0 2 1 1 0 0 0 0 0 0
 Node 100:   5 0 4 0 1 1 0 0 0 0 0 0
 Node 101:   6 0 1 4 1 1 0 0 0 0 0 0
 Node 102:   1 0 8 6 0 0 0 0 0 0 1 1
 Node 103:   1 8 0 0 1 1 0 0 0 0 0 0
 Node 104:   1 7 3 0 1 1 0 0 0 0 0 0
 Node 105:   0 6 1 5 1 1 0 0 0 0 0 0
 Node 106:   0 5 6 2 1 1 0 0 0 0 0 0
 Node 107:   0 4 0 2 1 1 0 0 0 0 0 0
 Node 108:   0 3 4 0 1 1 0 0 0 0 0 0
 Node 109:   0 2 0 2 1 1 0 0 0 0 0 0
 Node 110:   0 1 1 4 1 1 0 0 0 0 0 0
 Node 111:   0 0 1 2 1 1 1 0 0 0 0 0
 Node 112:   1 0 4 1 1 1 0 3 0 0 0 0
 Node 113:   1 0 0 5 1 1 0 3 0 0 0 0
 Node 114:   1 0 4 1 1 1 0 2 0 0 0 0
 Node 115:   0 0 1 3 1 1 0 2 0 0 0 0
 Node 116:   0 0 4 0 1 1 0 1 0 0 0 0
 Node 117:   0 0 1 5 1 1 0 1 0 0 0 0
 Node 118:   1 0 7 1 1 1 0 0 0 0 0 0
 Node 119:   2 0 0 1 1 1 0 0 0 0 0 0
 Node 120:   3 0 2 0 1 1 0 0 0 0 0 0
 Node 121:   4 0 1 6 1 1 0 0 0 0 0 0
 Node 122:   5 0 5 2 1 1 0 0 0 0 0 0
 Node 123:   6 1 0 3 1 1 0 0 0 0 0 0
 Node 124:   7 1 4 0 1 1 0 0 0 0 0 0
 Node 125:   8 2 0 3 1 1 0 0 0 0 0 0
 Node 126:   0 2 6 5 0 0 1 0 0 0 1 1
 Node 127:   0 4 1 2 1 1 1 0 0 0 0 0
 Node 128:   4 0 2 1 0 0 0 1 0 0 1 1
 Node 129:   2 0 5 6 1 1 0 1 0 0 0 0
 Node 130:   2 8 3 0 0 0 0 0 0 0 1 1
 Node 131:   1 7 0 4 0 0 0 0 0 0 1 1
 Node 132:   1 6 3 0 0 0 0 0 0 0 1 1
 Node 133:   0 5 2 5 0 0 0 0 0 0 1 1
 Node 134:   0 4 6 1 0 0 0 0 0 0 1 1
 Node 135:   0 3 0 2 0 0 0 0 0 0 1 1
 Node 136:   0 2 1 0 0 0 0 0 0 0 1 1
 Node 137:   0 1 1 7 0 0 0 0 0 0 1 1
 Node 138:   0 0 5 1 0 0 1 0 0 0 1 1
 Node 139:   0 0 0 4 0 0 1 0 0 0 1 1
 Node 140:   0 0 3 1 0 0 2 0 0 0 1 1
 Node 141:   0 1 1 4 0 0 2 0 0 0 1 1
 Node 142:   0 1 5 0 0 0 3 0 0 0 1 1
 Node 143:   0 1 1 4 0 0 3 0 0 0 1 1
 Node 144:   0 0 2 1 0 0 0 1 0 0 1 1
 Node 145:   1 0 4 1 0 0 0 0 0 0 1 1
 Node 146:   2 0 2 0 0 0 0 0 0 0 1 1
 Node 147:   3 0 0 4 0 0 0 0 0 0 1 1
 Node 148:   4 0 2 0 0 0 0 0 0 0 1 1
 Node 149:   5 0 2 6 0 0 0 0 0 0 1 1
 Node 150:   6 0 5 1 0 0 0 0 0 0 1 1
 Node 151:   7 1 0 3 0 0 0 0 0 0 1 1
 Node 152:   8 1 0 0 0 0 0 0 0 0 1 1
 Node 153:   0 1 6 8 1 1 0 0 0 0 0 0
 Node 154:   0 6 4 1 0 0 0 0 0 0 1 1
 Node 155:   0 5 0 4 0 0 0 0 0 0 1 1
 Node 156:   0 4 2 0 0 0 0 0 0 0 1 1
 Node 157:   0 3 1 5 0 0 0 0 0 0 1 1
 Node 158:   0 2 4 0 0 0 0 0 0 0 1 1
 Node 159:   0 1 1 4 0 0 0 0 1 0 1 1
 Node 160:   2 0 2 1 0 0 0 0 0 0 1 1
 Node 161:   2 0 4 1 0 0 0 0 0 0 1 1
 Node 162:   3 0 1 0 0 0 0 0 0 0 1 1
 Node 163:   4 0 0 5 0 0 0 0 0 0 1 1
 Node 164:   5 0 0 0 0 0 0 0 0 0 1 1
 Node 165:   1 0 5 7 1 1 0 0 2 0 0 0
 Node 166:   1 8 4 1 0 0 0 0 0 0 1 1
 Node 167:   1 7 0 4 0 0 0 0 0 0 1 1
 Node 168:   1 6 0 0 0 0 0 0 0 0 1 1
 Node 169:   1 5 5 1 0 0 0 0 0 0 1 1
 Node 170:   0 4 3 1 0 0 0 0 0 0 1 1
 Node 171:   0 3 0 5 0 0 0 0 0 0 1 1
 Node 172:   0 2 1 0 0 0 0 0 0 0 1 1
 Node 173:   0 1 1 6 0 0 0 0 0 0 1 1
 Node 174:   0 0 4 0 0 0 1 0 0 0 1 1
 Node 175:   0 0 1 5 0 0 1 0 0 0 1 1
 Node 176:   0 0 1 2 0 0 0 3 0 0 1 1
 Node 177:   0 0 4 1 0 0 0 2 0 0 1 1
 Node 178:   0 0 1 0 0 0 0 2 0 0 1 1
 Node 179:   0 0 0 7 0 0 0 1 1 0 1 1
 Node 180:   0 0 0 0 0 0 0 1 0 0 1 1
 Node 181:   1 0 4 0 0 0 0 0 1 0 1 1
 Node 182:   2 0 3 1 0 0 0 0 0 0 1 1
 Node 183:   3 0 0 5 0 0 0 0 0 0 1 1
 Node 184:   4 0 0 0 0 0 0 0 0 0 1 1
 Node 185:   5 0 4 1 0 0 0 0 0 0 1 1
 Node 186:   6 0 2 0 0 0 0 0 0 0 1 1
 Node 187:   7 0 0 6 0 0 0 0 1 0 1 1
 Node 188:   8 1 0 0 0 0 0 0 0 0 1 1
 Node 189:   0 1 4 7 1 1 1 0 1 0 0 0
 Node 190:   0 4 3 0 0 0 1 0 0 0 1 1
 Node 191:   0 3 0 4 0 0 1 0 0 0 1 1
 Node 192:   3 0 0 1 0 0 0 0 0 0 1 1
 Node 193:   3 0 2 1 0 0 0 0 0 0 1 1
 Node 194:   4 0 0 0 0 0 0 0 1 0 1 1
 Node 195:   0 0 3 7 1 1 0 1 3 0 0 0
 Node 196:   0 8 0 0 0 0 0 0 0 0 1 1
 Node 197:   0 7 3 0 0 0 0 0 0 0 1 1
 Node 198:   0 6 2 1 0 0 0 0 0 0 1 1
 Node 199:   0 5 0 6 0 0 0 0 0 0 1 1
 Node 200:   0 4 0 1 0 0 0 0 0 0 1 1
 Node 201:   0 3 3 1 0 0 0 0 0 0 1 1
 Node 202:   0 2 1 0 0 0 0 0 0 0 1 1
 Node 203:   0 1 0 7 0 0 0 0 1 0 1 1
 Node 204:   0 0 0 0 0 0 1 0 0 0 1 1
 Node 205:   0 0 4 0 0 0 1 0 2 0 1 1
 Node 206:   0 0 3 1 0 0 2 0 0 0 1 1
 Node 207:   0 0 0 5 0 0 2 0 0 0 1 1
 Node 208:   0 0 0 2 0 0 0 2 0 0 1 1
 Node 209:   0 0 2 0 0 0 0 1 1 0 1 1
 Node 210:   0 0 0 0 0 0 0 1 0 0 1 1
 Node 211:   1 0 2 1 0 0 0 0 3 0 1 1
 Node 212:   2 0 0 0 0 0 0 0 1 0 1 1
 Node 213:   3 1 2 0 0 0 0 0 0 0 1 1
 Node 214:   4 1 1 1 0 0 0 0 0 0 1 1
 Node 215:   5 1 0 8 0 0 0 0 0 0 1 1
 Node 216:   6 1 0 2 0 0 0 0 0 0 1 1
 Node 217:   7 1 2 1 0 0 0 0 0 0 1 1
 Node 218:   8 1 0 0 0 0 0 0 0 0 1 1
 Node 219:   0 1 2 8 1 1 0 0 4 0 0 0
 Node 220:   0 4 0 0 0 0 0 0 0 0 1 1
 Node 221:   0 3 2 0 0 0 0 0 1 0 1 1
 Node 222:   0 3 2 1 0 0 0 0 0 0 1 1
 Node 223:   0 2 0 5 0 0 0 0 0 0 1 1
 Node 224:   1 0 0 2 0 0 0 0 0 0 1 1
 Node 225:   2 0 1 0 0 0 0 0 0 0 1 1
 Node 226:   3 0 0 2 0 0 0 0 0 0 1 1
 Node 227:   4 0 1 1 0 0 0 0 2 0 1 1
 Node 228:   5 0 0 0 0 0 0 0 1 0 1 1
 Node 229:   6 0 1 0 0 0 0 0 0 0 1 1
 Node 230:   7 0 0 1 0 0 0 0 0 0 1 1
 Node 231:   1 0 1 9 1 1 0 0 6 0 0 0
 Node 232:   0 8 0 3 0 0 0 0 1 0 1 1
 Node 233:   0 7 1 1 0 0 0 0 0 0 1 1
 Node 234:   0 6 0 0 0 0 0 0 0 0 1 1
 Node 235:   0 5 1 1 0 0 0 0 3 0 1 1
 Node 236:   0 4 0 0 0 0 0 0 0 0 1 1
 Node 237:   0 3 1 0 0 0 0 0 1 0 1 1
 Node 238:   0 2 1 1 0 0 0 0 0 0 1 1
 Node 239:   0 1 0 5 0 0 0 0 0 0 1 1
 Node 240:   1 0 0 3 0 0 0 4 0 0 1 1
 Node 241:   1 0 0 0 0 0 0 3 1 0 1 1
 Node 242:   1 0 0 2 0 0 0 3 0 0 1 1
 Node 243:   1 0 0 1 0 0 0 2 1 0 1 1
 Node 244:   1 0 0 1 0 0 0 2 1 0 1 1
 Node 245:   1 0 0 0 0 0 0 1 1 0 1 1
 Node 246:   0 0 0 1 0 0 0 1 1 0 1 1
 Node 247:   1 0 0 1 0 0 0 0 5 0 1 1
 Node 248:   2 0 0 4 0 0 0 0 1 0 1 1
 Node 249:   3 0 0 1 0 0 0 0 1 0 1 1
 Node 250:   4 1 0 0 0 0 0 0 0 0 1 1
 Node 251:   5 1 0 1 0 0 0 0 2 0 1 1
 Node 252:   6 2 0 0 0 0 0 0 0 0 1 1
 Node 253:   7 2 0 0 0 0 0 0 2 0 1 1
 Node 254:   8 3 0 1 0 0 0 0 0 0 1 1
 Node 255:   0 3 0 6 1 1 1 0 3 0 0 0

(Maximum) Crossing Paths: 9
The number of paths on this application : 256 (all-to-all cases: 65280)
The average hops : 8.625000
ID size(without ID modification)9
total_slots: 1952
avg_slots: 1.906250
unused_total_slots: 7264
unused_avg_slots: 7.093750

