ID Allocation Policy is 0(low port first) / 1(Crossing Paths based method): 1
Address method is 0(destination_based) / 1(path_based): 1
 dst_based renewable label = 8
 path_based renewable label = 8


 (east, west, south, north, from host0,... east(vch2), south(vch2), west(vch2), north(vch2), from host(vch2)0,.. to host(vch2)0,..
 Node  0:   0 0 1 0 0 0 0 1 0 0 1 1
 Node  1:   1 1 0 0 1 1 0 0 0 0 0 0
 Node  2:   1 1 1 0 1 0 0 0 0 0 0 1
 Node  3:   2 2 0 0 1 0 0 0 0 0 0 1
 Node  4:   2 2 1 0 1 1 0 0 0 0 0 0
 Node  5:   3 3 0 0 1 1 0 0 0 0 0 0
 Node  6:   3 3 2 0 1 0 0 0 0 0 0 1
 Node  7:   4 4 0 0 1 0 0 0 0 0 0 1
 Node  8:   3 4 1 0 1 1 0 0 0 0 0 0
 Node  9:   3 4 0 0 1 1 0 0 0 1 0 0
 Node 10:   2 4 1 0 1 0 0 0 0 0 0 1
 Node 11:   2 4 0 0 1 0 0 0 0 0 0 1
 Node 12:   1 3 1 0 1 1 0 0 0 0 0 0
 Node 13:   1 3 0 0 1 1 0 0 0 0 0 0
 Node 14:   0 2 1 0 1 0 0 0 0 0 0 1
 Node 15:   0 2 0 0 1 0 0 0 0 0 0 1
 Node 16:   0 0 2 0 1 1 0 0 0 0 0 0
 Node 17:   1 1 0 1 1 1 0 0 0 0 0 0
 Node 18:   1 1 2 0 1 0 0 0 0 0 0 1
 Node 19:   2 2 0 1 1 0 0 0 0 0 0 1
 Node 20:   2 2 2 0 1 1 0 0 0 0 0 0
 Node 21:   3 3 0 1 1 1 0 0 0 0 0 0
 Node 22:   3 3 3 0 1 0 0 0 0 0 0 1
 Node 23:   4 4 0 1 1 0 0 0 0 0 0 1
 Node 24:   3 4 2 0 1 1 0 0 0 0 0 0
 Node 25:   3 4 0 1 1 1 0 0 0 0 0 0
 Node 26:   2 3 2 0 1 0 0 0 0 0 0 1
 Node 27:   2 3 0 1 1 0 0 0 0 0 0 1
 Node 28:   1 2 2 0 1 1 0 0 0 0 0 0
 Node 29:   1 2 0 1 1 1 0 0 0 0 0 0
 Node 30:   0 1 2 0 1 0 0 0 0 0 0 1
 Node 31:   0 1 0 1 1 0 0 0 0 0 0 1
 Node 32:   0 0 3 0 1 1 0 0 0 0 0 0
 Node 33:   1 1 0 2 1 1 0 0 0 0 0 0
 Node 34:   1 1 3 0 1 0 0 0 0 0 0 1
 Node 35:   2 2 0 2 1 0 0 0 0 0 0 1
 Node 36:   2 2 3 0 1 1 0 0 0 0 0 0
 Node 37:   3 3 0 2 1 1 0 0 0 0 0 0
 Node 38:   3 3 4 0 1 0 0 0 0 0 0 1
 Node 39:   4 4 0 2 1 0 0 0 0 0 0 1
 Node 40:   3 4 3 0 1 1 0 0 0 0 0 0
 Node 41:   3 4 0 2 1 1 0 0 0 0 0 0
 Node 42:   2 3 3 0 1 0 0 0 0 0 0 1
 Node 43:   2 3 0 2 1 0 0 0 0 0 0 1
 Node 44:   1 2 3 0 1 1 0 0 0 0 0 0
 Node 45:   1 2 0 2 1 1 0 0 0 0 0 0
 Node 46:   0 1 3 0 1 0 0 0 0 0 0 1
 Node 47:   0 1 0 2 1 0 0 0 0 0 0 1
 Node 48:   0 0 4 0 1 1 0 0 0 0 0 0
 Node 49:   1 1 0 3 1 1 0 0 0 0 0 0
 Node 50:   1 1 4 0 1 0 0 0 0 0 0 1
 Node 51:   2 2 0 3 1 0 0 0 0 0 0 1
 Node 52:   2 2 4 0 1 1 0 0 0 0 0 0
 Node 53:   3 3 0 3 1 1 0 0 0 0 0 0
 Node 54:   3 3 5 0 1 0 0 0 0 0 0 1
 Node 55:   4 4 0 3 1 0 0 0 0 0 0 1
 Node 56:   3 4 4 0 1 1 0 0 0 0 0 0
 Node 57:   3 4 0 3 1 1 0 0 0 0 0 0
 Node 58:   2 3 4 0 1 0 0 0 0 0 0 1
 Node 59:   2 3 0 3 1 0 0 0 0 0 0 1
 Node 60:   1 2 4 0 1 1 0 0 0 0 0 0
 Node 61:   1 2 0 3 1 1 0 0 0 0 0 0
 Node 62:   0 1 4 0 1 0 0 0 0 0 0 1
 Node 63:   0 1 0 3 1 0 0 0 0 0 0 1
 Node 64:   0 0 5 0 1 1 0 0 0 0 0 0
 Node 65:   1 1 0 4 1 1 0 0 0 0 0 0
 Node 66:   1 1 5 0 1 0 0 0 0 0 0 1
 Node 67:   2 2 0 4 1 0 0 0 0 0 0 1
 Node 68:   2 2 5 0 1 1 0 0 0 0 0 0
 Node 69:   3 3 0 4 1 1 0 0 0 0 0 0
 Node 70:   3 3 6 0 1 0 0 0 0 0 0 1
 Node 71:   4 4 0 4 1 0 0 0 0 0 0 1
 Node 72:   3 4 5 0 1 1 0 0 0 0 0 0
 Node 73:   3 4 0 4 1 1 0 0 0 0 0 0
 Node 74:   2 3 5 0 1 0 0 0 0 0 0 1
 Node 75:   2 3 0 4 1 0 0 0 0 0 0 1
 Node 76:   1 2 5 0 1 1 0 0 0 0 0 0
 Node 77:   1 2 0 4 1 1 0 0 0 0 0 0
 Node 78:   0 1 5 0 1 0 0 0 0 0 0 1
 Node 79:   0 1 0 4 1 0 0 0 0 0 0 1
 Node 80:   0 0 6 0 1 1 0 0 0 0 0 0
 Node 81:   1 1 0 5 1 1 0 0 0 0 0 0
 Node 82:   1 1 6 0 1 0 0 0 0 0 0 1
 Node 83:   2 2 0 5 1 0 0 0 0 0 0 1
 Node 84:   2 2 6 0 1 1 0 0 0 0 0 0
 Node 85:   3 3 0 5 1 1 0 0 0 0 0 0
 Node 86:   3 3 7 0 1 0 0 0 0 0 0 1
 Node 87:   4 4 0 5 1 0 0 0 0 0 0 1
 Node 88:   3 4 6 0 1 1 0 0 0 0 0 0
 Node 89:   3 4 0 5 1 1 0 0 0 0 0 0
 Node 90:   2 3 6 0 1 0 0 0 0 0 0 1
 Node 91:   2 3 0 5 1 0 0 0 0 0 0 1
 Node 92:   1 2 6 0 1 1 0 0 0 0 0 0
 Node 93:   1 2 0 5 1 1 0 0 0 0 0 0
 Node 94:   0 1 6 0 1 0 0 0 0 0 0 1
 Node 95:   0 1 0 5 1 0 0 0 0 0 0 1
 Node 96:   0 0 7 0 1 1 0 0 0 0 0 0
 Node 97:   1 1 0 6 1 1 0 0 0 0 0 0
 Node 98:   1 1 7 0 1 0 0 0 0 0 0 1
 Node 99:   2 2 0 6 1 0 0 0 0 0 0 1
 Node 100:   2 2 7 0 1 1 0 0 0 0 0 0
 Node 101:   3 3 0 6 1 1 0 0 0 0 0 0
 Node 102:   3 3 7 0 1 0 0 0 0 0 0 1
 Node 103:   4 4 0 6 1 0 0 0 0 0 0 1
 Node 104:   3 4 7 0 1 1 0 0 0 0 0 0
 Node 105:   3 4 0 6 1 1 0 0 0 0 0 0
 Node 106:   2 3 7 0 1 0 0 0 0 0 0 1
 Node 107:   2 3 0 6 1 0 0 0 0 0 0 1
 Node 108:   1 2 7 0 1 1 0 0 0 0 0 0
 Node 109:   1 2 0 6 1 1 0 0 0 0 0 0
 Node 110:   0 1 7 0 1 0 0 0 0 0 0 1
 Node 111:   0 1 0 6 1 0 0 0 0 0 0 1
 Node 112:   0 0 8 0 1 1 0 0 0 0 0 0
 Node 113:   1 1 0 7 1 1 0 0 0 0 0 0
 Node 114:   1 1 8 0 1 0 0 0 0 0 0 1
 Node 115:   2 2 0 7 1 0 0 0 0 0 0 1
 Node 116:   2 2 8 0 1 1 0 0 0 0 0 0
 Node 117:   3 3 0 7 1 1 0 0 0 0 0 0
 Node 118:   3 3 8 0 1 0 0 0 0 0 0 1
 Node 119:   4 4 0 7 1 0 0 0 0 0 0 1
 Node 120:   3 4 8 0 1 1 0 0 0 0 0 0
 Node 121:   3 4 0 7 1 1 0 0 0 0 0 0
 Node 122:   2 3 8 0 1 0 0 0 0 0 0 1
 Node 123:   2 3 0 7 1 0 0 0 0 0 0 1
 Node 124:   1 2 8 0 1 1 0 0 0 0 0 0
 Node 125:   1 2 0 7 1 1 0 0 0 0 0 0
 Node 126:   0 1 8 0 1 0 0 0 0 0 0 1
 Node 127:   0 1 0 7 1 0 0 0 0 0 0 1
 Node 128:   1 0 7 0 0 1 0 0 0 0 1 0
 Node 129:   1 0 0 8 0 1 0 0 0 0 1 0
 Node 130:   2 1 7 0 0 0 0 0 0 0 1 1
 Node 131:   2 1 0 8 0 0 0 0 0 0 1 1
 Node 132:   3 2 7 0 0 1 0 0 0 0 1 0
 Node 133:   3 2 0 8 0 1 0 0 0 0 1 0
 Node 134:   4 3 7 0 0 0 0 0 0 0 1 1
 Node 135:   4 3 0 8 0 0 0 0 0 0 1 1
 Node 136:   4 4 7 0 0 1 0 0 0 0 1 0
 Node 137:   3 3 0 8 0 1 0 0 0 0 1 0
 Node 138:   3 3 7 0 0 0 0 0 0 0 1 1
 Node 139:   2 2 0 8 0 0 0 0 0 0 1 1
 Node 140:   2 2 7 0 0 1 0 0 0 0 1 0
 Node 141:   1 1 0 8 0 1 0 0 0 0 1 0
 Node 142:   1 1 7 0 0 0 0 0 0 0 1 1
 Node 143:   0 0 0 8 0 0 0 0 0 0 1 1
 Node 144:   1 0 6 0 0 1 0 0 0 0 1 0
 Node 145:   1 0 0 7 0 1 0 0 0 0 1 0
 Node 146:   2 1 6 0 0 0 0 0 0 0 1 1
 Node 147:   2 1 0 7 0 0 0 0 0 0 1 1
 Node 148:   3 2 6 0 0 1 0 0 0 0 1 0
 Node 149:   3 2 0 7 0 1 0 0 0 0 1 0
 Node 150:   4 3 6 0 0 0 0 0 0 0 1 1
 Node 151:   4 3 0 7 0 0 0 0 0 0 1 1
 Node 152:   4 4 6 0 0 1 0 0 0 0 1 0
 Node 153:   3 3 0 7 0 1 0 0 0 0 1 0
 Node 154:   3 3 6 0 0 0 0 0 0 0 1 1
 Node 155:   2 2 0 7 0 0 0 0 0 0 1 1
 Node 156:   2 2 6 0 0 1 0 0 0 0 1 0
 Node 157:   1 1 0 7 0 1 0 0 0 0 1 0
 Node 158:   1 1 6 0 0 0 0 0 0 0 1 1
 Node 159:   0 0 0 7 0 0 0 0 0 0 1 1
 Node 160:   1 0 5 0 0 1 0 0 0 0 1 0
 Node 161:   1 0 0 6 0 1 0 0 0 0 1 0
 Node 162:   2 1 5 0 0 0 0 0 0 0 1 1
 Node 163:   2 1 0 6 0 0 0 0 0 0 1 1
 Node 164:   3 2 5 0 0 1 0 0 0 0 1 0
 Node 165:   3 2 0 6 0 1 0 0 0 0 1 0
 Node 166:   4 3 5 0 0 0 0 0 0 0 1 1
 Node 167:   4 3 0 6 0 0 0 0 0 0 1 1
 Node 168:   4 4 5 0 0 1 0 0 0 0 1 0
 Node 169:   3 3 0 7 0 1 0 0 0 0 1 0
 Node 170:   3 3 5 0 0 0 0 0 0 0 1 1
 Node 171:   2 2 0 6 0 0 0 0 0 0 1 1
 Node 172:   2 2 5 0 0 1 0 0 0 0 1 0
 Node 173:   1 1 0 6 0 1 0 0 0 0 1 0
 Node 174:   1 1 5 0 0 0 0 0 0 0 1 1
 Node 175:   0 0 0 6 0 0 0 0 0 0 1 1
 Node 176:   1 0 4 0 0 1 0 0 0 0 1 0
 Node 177:   1 0 0 5 0 1 0 0 0 0 1 0
 Node 178:   2 1 4 0 0 0 0 0 0 0 1 1
 Node 179:   2 1 0 5 0 0 0 0 0 0 1 1
 Node 180:   3 2 4 0 0 1 0 0 0 0 1 0
 Node 181:   3 2 0 5 0 1 0 0 0 0 1 0
 Node 182:   4 3 4 0 0 0 0 0 0 0 1 1
 Node 183:   4 3 0 5 0 0 0 0 0 0 1 1
 Node 184:   4 4 4 0 0 1 0 0 0 0 1 0
 Node 185:   3 3 0 6 0 1 0 0 0 0 1 0
 Node 186:   3 3 4 0 0 0 0 0 0 0 1 1
 Node 187:   2 2 0 5 0 0 0 0 0 0 1 1
 Node 188:   2 2 4 0 0 1 0 0 0 0 1 0
 Node 189:   1 1 0 5 0 1 0 0 0 0 1 0
 Node 190:   1 1 4 0 0 0 0 0 0 0 1 1
 Node 191:   0 0 0 5 0 0 0 0 0 0 1 1
 Node 192:   1 0 3 0 0 1 0 0 0 0 1 0
 Node 193:   1 0 0 4 0 1 0 0 0 0 1 0
 Node 194:   2 1 3 0 0 0 0 0 0 0 1 1
 Node 195:   2 1 0 4 0 0 0 0 0 0 1 1
 Node 196:   3 2 3 0 0 1 0 0 0 0 1 0
 Node 197:   3 2 0 4 0 1 0 0 0 0 1 0
 Node 198:   4 3 3 0 0 0 0 0 0 0 1 1
 Node 199:   4 3 0 4 0 0 0 0 0 0 1 1
 Node 200:   4 4 3 0 0 1 0 0 0 0 1 0
 Node 201:   3 3 0 5 0 1 0 0 0 0 1 0
 Node 202:   3 3 3 0 0 0 0 0 0 0 1 1
 Node 203:   2 2 0 4 0 0 0 0 0 0 1 1
 Node 204:   2 2 3 0 0 1 0 0 0 0 1 0
 Node 205:   1 1 0 4 0 1 0 0 0 0 1 0
 Node 206:   1 1 3 0 0 0 0 0 0 0 1 1
 Node 207:   0 0 0 4 0 0 0 0 0 0 1 1
 Node 208:   1 0 2 0 0 1 0 0 0 0 1 0
 Node 209:   1 0 0 3 0 1 0 0 0 0 1 0
 Node 210:   2 1 2 0 0 0 0 0 0 0 1 1
 Node 211:   2 1 0 3 0 0 0 0 0 0 1 1
 Node 212:   3 2 2 0 0 1 0 0 0 0 1 0
 Node 213:   3 2 0 3 0 1 0 0 0 0 1 0
 Node 214:   4 3 2 0 0 0 0 0 0 0 1 1
 Node 215:   4 3 0 3 0 0 0 0 0 0 1 1
 Node 216:   4 4 2 0 0 1 0 0 0 0 1 0
 Node 217:   3 3 0 4 0 1 0 0 0 0 1 0
 Node 218:   3 3 2 0 0 0 0 0 0 0 1 1
 Node 219:   2 2 0 3 0 0 0 0 0 0 1 1
 Node 220:   2 2 2 0 0 1 0 0 0 0 1 0
 Node 221:   1 1 0 3 0 1 0 0 0 0 1 0
 Node 222:   1 1 2 0 0 0 0 0 0 0 1 1
 Node 223:   0 0 0 3 0 0 0 0 0 0 1 1
 Node 224:   1 0 1 0 0 1 0 0 0 0 1 0
 Node 225:   1 0 0 2 0 1 0 0 0 0 1 0
 Node 226:   2 1 1 0 0 0 0 0 0 0 1 1
 Node 227:   2 1 0 2 0 0 0 0 0 0 1 1
 Node 228:   3 2 1 0 0 1 0 0 0 0 1 0
 Node 229:   3 2 0 2 0 1 0 0 0 0 1 0
 Node 230:   4 3 1 0 0 0 0 0 0 0 1 1
 Node 231:   4 3 0 2 0 0 0 0 0 0 1 1
 Node 232:   4 4 1 0 0 1 0 0 0 0 1 0
 Node 233:   3 3 0 3 0 1 0 0 0 0 1 0
 Node 234:   3 3 1 0 0 0 0 0 0 0 1 1
 Node 235:   2 2 0 2 0 0 0 0 0 0 1 1
 Node 236:   2 2 1 0 0 1 0 0 0 0 1 0
 Node 237:   1 1 0 2 0 1 0 0 0 0 1 0
 Node 238:   1 1 1 0 0 0 0 0 0 0 1 1
 Node 239:   0 0 0 2 0 0 0 0 0 0 1 1
 Node 240:   2 0 0 0 0 1 0 0 0 0 1 0
 Node 241:   2 0 0 1 0 1 0 0 0 0 1 0
 Node 242:   3 1 0 0 0 0 0 0 0 0 1 1
 Node 243:   3 1 0 1 0 0 0 0 0 0 1 1
 Node 244:   4 2 0 0 0 1 0 0 0 0 1 0
 Node 245:   4 2 0 1 0 1 0 0 0 0 1 0
 Node 246:   4 3 0 0 0 0 0 0 1 0 1 1
 Node 247:   4 3 0 1 0 0 0 0 0 0 1 1
 Node 248:   4 4 0 0 0 1 0 0 0 0 1 0
 Node 249:   3 3 0 2 0 1 0 0 0 0 1 0
 Node 250:   3 3 0 0 0 0 0 0 0 0 1 1
 Node 251:   2 2 0 1 0 0 0 0 0 0 1 1
 Node 252:   2 2 0 0 0 1 0 0 0 0 1 0
 Node 253:   1 1 0 1 0 1 0 0 0 0 1 0
 Node 254:   1 1 0 0 0 0 0 0 0 0 1 1
 Node 255:   0 0 0 1 1 1 1 0 0 0 0 0

(Maximum) Crossing Paths: 8
The number of paths on this application : 256 (all-to-all cases: 65280)
The average hops : 9.109375
ID size(without ID modification)10
total_slots: 2076
avg_slots: 2.027344
unused_total_slots: 6116
unused_avg_slots: 5.972656

