ID Allocation Policy is 0(low port first) / 1(Crossing Paths based method): 1
Address method is 0(destination_based) / 1(path_based): 1
 dst_based renewable label = 16
 path_based renewable label = 16


 (east, west, south, north, from host0,... east(vch2), south(vch2), west(vch2), north(vch2), from host(vch2)0,.. to host(vch2)0,..
 Node  0:   1 0 1 0 1 1
 Node  1:   1 1 1 0 1 1
 Node  2:   1 1 1 0 1 1
 Node  3:   1 1 1 0 1 1
 Node  4:   1 1 1 0 1 1
 Node  5:   1 1 1 0 1 1
 Node  6:   1 1 1 0 1 1
 Node  7:   1 1 1 0 1 1
 Node  8:   1 1 1 0 1 1
 Node  9:   1 1 1 0 1 1
 Node 10:   1 1 1 0 1 1
 Node 11:   1 1 1 0 1 1
 Node 12:   1 1 1 0 1 1
 Node 13:   1 1 1 0 1 1
 Node 14:   1 1 1 0 1 1
 Node 15:   1 1 1 0 1 1
 Node 16:   1 1 1 0 1 1
 Node 17:   1 1 1 0 1 1
 Node 18:   1 1 1 0 1 1
 Node 19:   1 1 1 0 1 1
 Node 20:   1 1 1 0 1 1
 Node 21:   1 1 1 0 1 1
 Node 22:   1 1 1 0 1 1
 Node 23:   1 1 1 0 1 1
 Node 24:   1 1 1 0 1 1
 Node 25:   1 1 1 0 1 1
 Node 26:   1 1 1 0 1 1
 Node 27:   1 1 1 0 1 1
 Node 28:   1 1 1 0 1 1
 Node 29:   1 1 1 0 1 1
 Node 30:   1 1 1 0 1 1
 Node 31:   0 1 1 0 1 1
 Node 32:   1 0 2 1 1 1
 Node 33:   1 1 2 1 1 1
 Node 34:   1 1 2 1 1 1
 Node 35:   1 1 2 1 1 1
 Node 36:   1 1 2 1 1 1
 Node 37:   1 1 2 1 1 1
 Node 38:   1 1 2 1 1 1
 Node 39:   1 1 2 1 1 1
 Node 40:   1 1 2 1 1 1
 Node 41:   1 1 2 1 1 1
 Node 42:   1 1 2 1 1 1
 Node 43:   1 1 2 1 1 1
 Node 44:   1 1 2 1 1 1
 Node 45:   1 1 2 1 1 1
 Node 46:   1 1 2 1 1 1
 Node 47:   1 1 2 1 1 1
 Node 48:   1 1 2 1 1 1
 Node 49:   1 1 2 1 1 1
 Node 50:   1 1 2 1 1 1
 Node 51:   1 1 2 1 1 1
 Node 52:   1 1 2 1 1 1
 Node 53:   1 1 2 1 1 1
 Node 54:   1 1 2 1 1 1
 Node 55:   1 1 2 1 1 1
 Node 56:   1 1 2 1 1 1
 Node 57:   1 1 2 1 1 1
 Node 58:   1 1 2 1 1 1
 Node 59:   1 1 2 1 1 1
 Node 60:   1 1 2 1 1 1
 Node 61:   1 1 2 1 1 1
 Node 62:   1 1 2 1 1 1
 Node 63:   0 1 2 1 1 1
 Node 64:   1 0 3 2 1 1
 Node 65:   1 1 3 2 1 1
 Node 66:   1 1 3 2 1 1
 Node 67:   1 1 3 2 1 1
 Node 68:   1 1 3 2 1 1
 Node 69:   1 1 3 2 1 1
 Node 70:   1 1 3 2 1 1
 Node 71:   1 1 3 2 1 1
 Node 72:   1 1 3 2 1 1
 Node 73:   1 1 3 2 1 1
 Node 74:   1 1 3 2 1 1
 Node 75:   1 1 3 2 1 1
 Node 76:   1 1 3 2 1 1
 Node 77:   1 1 3 2 1 1
 Node 78:   1 1 3 2 1 1
 Node 79:   1 1 3 2 1 1
 Node 80:   1 1 3 2 1 1
 Node 81:   1 1 3 2 1 1
 Node 82:   1 1 3 2 1 1
 Node 83:   1 1 3 2 1 1
 Node 84:   1 1 3 2 1 1
 Node 85:   1 1 3 2 1 1
 Node 86:   1 1 3 2 1 1
 Node 87:   1 1 3 2 1 1
 Node 88:   1 1 3 2 1 1
 Node 89:   1 1 3 2 1 1
 Node 90:   1 1 3 2 1 1
 Node 91:   1 1 3 2 1 1
 Node 92:   1 1 3 2 1 1
 Node 93:   1 1 3 2 1 1
 Node 94:   1 1 3 2 1 1
 Node 95:   0 1 3 2 1 1
 Node 96:   1 0 4 3 1 1
 Node 97:   1 1 4 3 1 1
 Node 98:   1 1 4 3 1 1
 Node 99:   1 1 4 3 1 1
 Node 100:   1 1 4 3 1 1
 Node 101:   1 1 4 3 1 1
 Node 102:   1 1 4 3 1 1
 Node 103:   1 1 4 3 1 1
 Node 104:   1 1 4 3 1 1
 Node 105:   1 1 4 3 1 1
 Node 106:   1 1 4 3 1 1
 Node 107:   1 1 4 3 1 1
 Node 108:   1 1 4 3 1 1
 Node 109:   1 1 4 3 1 1
 Node 110:   1 1 4 3 1 1
 Node 111:   1 1 4 3 1 1
 Node 112:   1 1 4 3 1 1
 Node 113:   1 1 4 3 1 1
 Node 114:   1 1 4 3 1 1
 Node 115:   1 1 4 3 1 1
 Node 116:   1 1 4 3 1 1
 Node 117:   1 1 4 3 1 1
 Node 118:   1 1 4 3 1 1
 Node 119:   1 1 4 3 1 1
 Node 120:   1 1 4 3 1 1
 Node 121:   1 1 4 3 1 1
 Node 122:   1 1 4 3 1 1
 Node 123:   1 1 4 3 1 1
 Node 124:   1 1 4 3 1 1
 Node 125:   1 1 4 3 1 1
 Node 126:   1 1 4 3 1 1
 Node 127:   0 1 4 3 1 1
 Node 128:   1 0 5 4 1 1
 Node 129:   1 1 5 4 1 1
 Node 130:   1 1 5 4 1 1
 Node 131:   1 1 5 4 1 1
 Node 132:   1 1 5 4 1 1
 Node 133:   1 1 5 4 1 1
 Node 134:   1 1 5 4 1 1
 Node 135:   1 1 5 4 1 1
 Node 136:   1 1 5 4 1 1
 Node 137:   1 1 5 4 1 1
 Node 138:   1 1 5 4 1 1
 Node 139:   1 1 5 4 1 1
 Node 140:   1 1 5 4 1 1
 Node 141:   1 1 5 4 1 1
 Node 142:   1 1 5 4 1 1
 Node 143:   1 1 5 4 1 1
 Node 144:   1 1 5 4 1 1
 Node 145:   1 1 5 4 1 1
 Node 146:   1 1 5 4 1 1
 Node 147:   1 1 5 4 1 1
 Node 148:   1 1 5 4 1 1
 Node 149:   1 1 5 4 1 1
 Node 150:   1 1 5 4 1 1
 Node 151:   1 1 5 4 1 1
 Node 152:   1 1 5 4 1 1
 Node 153:   1 1 5 4 1 1
 Node 154:   1 1 5 4 1 1
 Node 155:   1 1 5 4 1 1
 Node 156:   1 1 5 4 1 1
 Node 157:   1 1 5 4 1 1
 Node 158:   1 1 5 4 1 1
 Node 159:   0 1 5 4 1 1
 Node 160:   1 0 6 5 1 1
 Node 161:   1 1 6 5 1 1
 Node 162:   1 1 6 5 1 1
 Node 163:   1 1 6 5 1 1
 Node 164:   1 1 6 5 1 1
 Node 165:   1 1 6 5 1 1
 Node 166:   1 1 6 5 1 1
 Node 167:   1 1 6 5 1 1
 Node 168:   1 1 6 5 1 1
 Node 169:   1 1 6 5 1 1
 Node 170:   1 1 6 5 1 1
 Node 171:   1 1 6 5 1 1
 Node 172:   1 1 6 5 1 1
 Node 173:   1 1 6 5 1 1
 Node 174:   1 1 6 5 1 1
 Node 175:   1 1 6 5 1 1
 Node 176:   1 1 6 5 1 1
 Node 177:   1 1 6 5 1 1
 Node 178:   1 1 6 5 1 1
 Node 179:   1 1 6 5 1 1
 Node 180:   1 1 6 5 1 1
 Node 181:   1 1 6 5 1 1
 Node 182:   1 1 6 5 1 1
 Node 183:   1 1 6 5 1 1
 Node 184:   1 1 6 5 1 1
 Node 185:   1 1 6 5 1 1
 Node 186:   1 1 6 5 1 1
 Node 187:   1 1 6 5 1 1
 Node 188:   1 1 6 5 1 1
 Node 189:   1 1 6 5 1 1
 Node 190:   1 1 6 5 1 1
 Node 191:   0 1 6 5 1 1
 Node 192:   1 0 7 6 1 1
 Node 193:   1 1 7 6 1 1
 Node 194:   1 1 7 6 1 1
 Node 195:   1 1 7 6 1 1
 Node 196:   1 1 7 6 1 1
 Node 197:   1 1 7 6 1 1
 Node 198:   1 1 7 6 1 1
 Node 199:   1 1 7 6 1 1
 Node 200:   1 1 7 6 1 1
 Node 201:   1 1 7 6 1 1
 Node 202:   1 1 7 6 1 1
 Node 203:   1 1 7 6 1 1
 Node 204:   1 1 7 6 1 1
 Node 205:   1 1 7 6 1 1
 Node 206:   1 1 7 6 1 1
 Node 207:   1 1 7 6 1 1
 Node 208:   1 1 7 6 1 1
 Node 209:   1 1 7 6 1 1
 Node 210:   1 1 7 6 1 1
 Node 211:   1 1 7 6 1 1
 Node 212:   1 1 7 6 1 1
 Node 213:   1 1 7 6 1 1
 Node 214:   1 1 7 6 1 1
 Node 215:   1 1 7 6 1 1
 Node 216:   1 1 7 6 1 1
 Node 217:   1 1 7 6 1 1
 Node 218:   1 1 7 6 1 1
 Node 219:   1 1 7 6 1 1
 Node 220:   1 1 7 6 1 1
 Node 221:   1 1 7 6 1 1
 Node 222:   1 1 7 6 1 1
 Node 223:   0 1 7 6 1 1
 Node 224:   1 0 8 7 1 1
 Node 225:   1 1 8 7 1 1
 Node 226:   1 1 8 7 1 1
 Node 227:   1 1 8 7 1 1
 Node 228:   1 1 8 7 1 1
 Node 229:   1 1 8 7 1 1
 Node 230:   1 1 8 7 1 1
 Node 231:   1 1 8 7 1 1
 Node 232:   1 1 8 7 1 1
 Node 233:   1 1 8 7 1 1
 Node 234:   1 1 8 7 1 1
 Node 235:   1 1 8 7 1 1
 Node 236:   1 1 8 7 1 1
 Node 237:   1 1 8 7 1 1
 Node 238:   1 1 8 7 1 1
 Node 239:   1 1 8 7 1 1
 Node 240:   1 1 8 7 1 1
 Node 241:   1 1 8 7 1 1
 Node 242:   1 1 8 7 1 1
 Node 243:   1 1 8 7 1 1
 Node 244:   1 1 8 7 1 1
 Node 245:   1 1 8 7 1 1
 Node 246:   1 1 8 7 1 1
 Node 247:   1 1 8 7 1 1
 Node 248:   1 1 8 7 1 1
 Node 249:   1 1 8 7 1 1
 Node 250:   1 1 8 7 1 1
 Node 251:   1 1 8 7 1 1
 Node 252:   1 1 8 7 1 1
 Node 253:   1 1 8 7 1 1
 Node 254:   1 1 8 7 1 1
 Node 255:   0 1 8 7 1 1
 Node 256:   1 0 9 8 1 1
 Node 257:   1 1 9 8 1 1
 Node 258:   1 1 9 8 1 1
 Node 259:   1 1 9 8 1 1
 Node 260:   1 1 9 8 1 1
 Node 261:   1 1 9 8 1 1
 Node 262:   1 1 9 8 1 1
 Node 263:   1 1 9 8 1 1
 Node 264:   1 1 9 8 1 1
 Node 265:   1 1 9 8 1 1
 Node 266:   1 1 9 8 1 1
 Node 267:   1 1 9 8 1 1
 Node 268:   1 1 9 8 1 1
 Node 269:   1 1 9 8 1 1
 Node 270:   1 1 9 8 1 1
 Node 271:   1 1 9 8 1 1
 Node 272:   1 1 9 8 1 1
 Node 273:   1 1 9 8 1 1
 Node 274:   1 1 9 8 1 1
 Node 275:   1 1 9 8 1 1
 Node 276:   1 1 9 8 1 1
 Node 277:   1 1 9 8 1 1
 Node 278:   1 1 9 8 1 1
 Node 279:   1 1 9 8 1 1
 Node 280:   1 1 9 8 1 1
 Node 281:   1 1 9 8 1 1
 Node 282:   1 1 9 8 1 1
 Node 283:   1 1 9 8 1 1
 Node 284:   1 1 9 8 1 1
 Node 285:   1 1 9 8 1 1
 Node 286:   1 1 9 8 1 1
 Node 287:   0 1 9 8 1 1
 Node 288:   1 0 10 9 1 1
 Node 289:   1 1 10 9 1 1
 Node 290:   1 1 10 9 1 1
 Node 291:   1 1 10 9 1 1
 Node 292:   1 1 10 9 1 1
 Node 293:   1 1 10 9 1 1
 Node 294:   1 1 10 9 1 1
 Node 295:   1 1 10 9 1 1
 Node 296:   1 1 10 9 1 1
 Node 297:   1 1 10 9 1 1
 Node 298:   1 1 10 9 1 1
 Node 299:   1 1 10 9 1 1
 Node 300:   1 1 10 9 1 1
 Node 301:   1 1 10 9 1 1
 Node 302:   1 1 10 9 1 1
 Node 303:   1 1 10 9 1 1
 Node 304:   1 1 10 9 1 1
 Node 305:   1 1 10 9 1 1
 Node 306:   1 1 10 9 1 1
 Node 307:   1 1 10 9 1 1
 Node 308:   1 1 10 9 1 1
 Node 309:   1 1 10 9 1 1
 Node 310:   1 1 10 9 1 1
 Node 311:   1 1 10 9 1 1
 Node 312:   1 1 10 9 1 1
 Node 313:   1 1 10 9 1 1
 Node 314:   1 1 10 9 1 1
 Node 315:   1 1 10 9 1 1
 Node 316:   1 1 10 9 1 1
 Node 317:   1 1 10 9 1 1
 Node 318:   1 1 10 9 1 1
 Node 319:   0 1 10 9 1 1
 Node 320:   1 0 11 10 1 1
 Node 321:   1 1 11 10 1 1
 Node 322:   1 1 11 10 1 1
 Node 323:   1 1 11 10 1 1
 Node 324:   1 1 11 10 1 1
 Node 325:   1 1 11 10 1 1
 Node 326:   1 1 11 10 1 1
 Node 327:   1 1 11 10 1 1
 Node 328:   1 1 11 10 1 1
 Node 329:   1 1 11 10 1 1
 Node 330:   1 1 11 10 1 1
 Node 331:   1 1 11 10 1 1
 Node 332:   1 1 11 10 1 1
 Node 333:   1 1 11 10 1 1
 Node 334:   1 1 11 10 1 1
 Node 335:   1 1 11 10 1 1
 Node 336:   1 1 11 10 1 1
 Node 337:   1 1 11 10 1 1
 Node 338:   1 1 11 10 1 1
 Node 339:   1 1 11 10 1 1
 Node 340:   1 1 11 10 1 1
 Node 341:   1 1 11 10 1 1
 Node 342:   1 1 11 10 1 1
 Node 343:   1 1 11 10 1 1
 Node 344:   1 1 11 10 1 1
 Node 345:   1 1 11 10 1 1
 Node 346:   1 1 11 10 1 1
 Node 347:   1 1 11 10 1 1
 Node 348:   1 1 11 10 1 1
 Node 349:   1 1 11 10 1 1
 Node 350:   1 1 11 10 1 1
 Node 351:   0 1 11 10 1 1
 Node 352:   1 0 12 11 1 1
 Node 353:   1 1 12 11 1 1
 Node 354:   1 1 12 11 1 1
 Node 355:   1 1 12 11 1 1
 Node 356:   1 1 12 11 1 1
 Node 357:   1 1 12 11 1 1
 Node 358:   1 1 12 11 1 1
 Node 359:   1 1 12 11 1 1
 Node 360:   1 1 12 11 1 1
 Node 361:   1 1 12 11 1 1
 Node 362:   1 1 12 11 1 1
 Node 363:   1 1 12 11 1 1
 Node 364:   1 1 12 11 1 1
 Node 365:   1 1 12 11 1 1
 Node 366:   1 1 12 11 1 1
 Node 367:   1 1 12 11 1 1
 Node 368:   1 1 12 11 1 1
 Node 369:   1 1 12 11 1 1
 Node 370:   1 1 12 11 1 1
 Node 371:   1 1 12 11 1 1
 Node 372:   1 1 12 11 1 1
 Node 373:   1 1 12 11 1 1
 Node 374:   1 1 12 11 1 1
 Node 375:   1 1 12 11 1 1
 Node 376:   1 1 12 11 1 1
 Node 377:   1 1 12 11 1 1
 Node 378:   1 1 12 11 1 1
 Node 379:   1 1 12 11 1 1
 Node 380:   1 1 12 11 1 1
 Node 381:   1 1 12 11 1 1
 Node 382:   1 1 12 11 1 1
 Node 383:   0 1 12 11 1 1
 Node 384:   1 0 13 12 1 1
 Node 385:   1 1 13 12 1 1
 Node 386:   1 1 13 12 1 1
 Node 387:   1 1 13 12 1 1
 Node 388:   1 1 13 12 1 1
 Node 389:   1 1 13 12 1 1
 Node 390:   1 1 13 12 1 1
 Node 391:   1 1 13 12 1 1
 Node 392:   1 1 13 12 1 1
 Node 393:   1 1 13 12 1 1
 Node 394:   1 1 13 12 1 1
 Node 395:   1 1 13 12 1 1
 Node 396:   1 1 13 12 1 1
 Node 397:   1 1 13 12 1 1
 Node 398:   1 1 13 12 1 1
 Node 399:   1 1 13 12 1 1
 Node 400:   1 1 13 12 1 1
 Node 401:   1 1 13 12 1 1
 Node 402:   1 1 13 12 1 1
 Node 403:   1 1 13 12 1 1
 Node 404:   1 1 13 12 1 1
 Node 405:   1 1 13 12 1 1
 Node 406:   1 1 13 12 1 1
 Node 407:   1 1 13 12 1 1
 Node 408:   1 1 13 12 1 1
 Node 409:   1 1 13 12 1 1
 Node 410:   1 1 13 12 1 1
 Node 411:   1 1 13 12 1 1
 Node 412:   1 1 13 12 1 1
 Node 413:   1 1 13 12 1 1
 Node 414:   1 1 13 12 1 1
 Node 415:   0 1 13 12 1 1
 Node 416:   1 0 14 13 1 1
 Node 417:   1 1 14 13 1 1
 Node 418:   1 1 14 13 1 1
 Node 419:   1 1 14 13 1 1
 Node 420:   1 1 14 13 1 1
 Node 421:   1 1 14 13 1 1
 Node 422:   1 1 14 13 1 1
 Node 423:   1 1 14 13 1 1
 Node 424:   1 1 14 13 1 1
 Node 425:   1 1 14 13 1 1
 Node 426:   1 1 14 13 1 1
 Node 427:   1 1 14 13 1 1
 Node 428:   1 1 14 13 1 1
 Node 429:   1 1 14 13 1 1
 Node 430:   1 1 14 13 1 1
 Node 431:   1 1 14 13 1 1
 Node 432:   1 1 14 13 1 1
 Node 433:   1 1 14 13 1 1
 Node 434:   1 1 14 13 1 1
 Node 435:   1 1 14 13 1 1
 Node 436:   1 1 14 13 1 1
 Node 437:   1 1 14 13 1 1
 Node 438:   1 1 14 13 1 1
 Node 439:   1 1 14 13 1 1
 Node 440:   1 1 14 13 1 1
 Node 441:   1 1 14 13 1 1
 Node 442:   1 1 14 13 1 1
 Node 443:   1 1 14 13 1 1
 Node 444:   1 1 14 13 1 1
 Node 445:   1 1 14 13 1 1
 Node 446:   1 1 14 13 1 1
 Node 447:   0 1 14 13 1 1
 Node 448:   1 0 15 14 1 1
 Node 449:   1 1 15 14 1 1
 Node 450:   1 1 15 14 1 1
 Node 451:   1 1 15 14 1 1
 Node 452:   1 1 15 14 1 1
 Node 453:   1 1 15 14 1 1
 Node 454:   1 1 15 14 1 1
 Node 455:   1 1 15 14 1 1
 Node 456:   1 1 15 14 1 1
 Node 457:   1 1 15 14 1 1
 Node 458:   1 1 15 14 1 1
 Node 459:   1 1 15 14 1 1
 Node 460:   1 1 15 14 1 1
 Node 461:   1 1 15 14 1 1
 Node 462:   1 1 15 14 1 1
 Node 463:   1 1 15 14 1 1
 Node 464:   1 1 15 14 1 1
 Node 465:   1 1 15 14 1 1
 Node 466:   1 1 15 14 1 1
 Node 467:   1 1 15 14 1 1
 Node 468:   1 1 15 14 1 1
 Node 469:   1 1 15 14 1 1
 Node 470:   1 1 15 14 1 1
 Node 471:   1 1 15 14 1 1
 Node 472:   1 1 15 14 1 1
 Node 473:   1 1 15 14 1 1
 Node 474:   1 1 15 14 1 1
 Node 475:   1 1 15 14 1 1
 Node 476:   1 1 15 14 1 1
 Node 477:   1 1 15 14 1 1
 Node 478:   1 1 15 14 1 1
 Node 479:   0 1 15 14 1 1
 Node 480:   1 0 16 15 1 1
 Node 481:   1 1 16 15 1 1
 Node 482:   1 1 16 15 1 1
 Node 483:   1 1 16 15 1 1
 Node 484:   1 1 16 15 1 1
 Node 485:   1 1 16 15 1 1
 Node 486:   1 1 16 15 1 1
 Node 487:   1 1 16 15 1 1
 Node 488:   1 1 16 15 1 1
 Node 489:   1 1 16 15 1 1
 Node 490:   1 1 16 15 1 1
 Node 491:   1 1 16 15 1 1
 Node 492:   1 1 16 15 1 1
 Node 493:   1 1 16 15 1 1
 Node 494:   1 1 16 15 1 1
 Node 495:   1 1 16 15 1 1
 Node 496:   1 1 16 15 1 1
 Node 497:   1 1 16 15 1 1
 Node 498:   1 1 16 15 1 1
 Node 499:   1 1 16 15 1 1
 Node 500:   1 1 16 15 1 1
 Node 501:   1 1 16 15 1 1
 Node 502:   1 1 16 15 1 1
 Node 503:   1 1 16 15 1 1
 Node 504:   1 1 16 15 1 1
 Node 505:   1 1 16 15 1 1
 Node 506:   1 1 16 15 1 1
 Node 507:   1 1 16 15 1 1
 Node 508:   1 1 16 15 1 1
 Node 509:   1 1 16 15 1 1
 Node 510:   1 1 16 15 1 1
 Node 511:   0 1 15 15 1 1
 Node 512:   1 0 15 16 1 1
 Node 513:   1 1 15 16 1 1
 Node 514:   1 1 15 16 1 1
 Node 515:   1 1 15 16 1 1
 Node 516:   1 1 15 16 1 1
 Node 517:   1 1 15 16 1 1
 Node 518:   1 1 15 16 1 1
 Node 519:   1 1 15 16 1 1
 Node 520:   1 1 15 16 1 1
 Node 521:   1 1 15 16 1 1
 Node 522:   1 1 15 16 1 1
 Node 523:   1 1 15 16 1 1
 Node 524:   1 1 15 16 1 1
 Node 525:   1 1 15 16 1 1
 Node 526:   1 1 15 16 1 1
 Node 527:   1 1 15 16 1 1
 Node 528:   1 1 15 16 1 1
 Node 529:   1 1 15 16 1 1
 Node 530:   1 1 15 16 1 1
 Node 531:   1 1 15 16 1 1
 Node 532:   1 1 15 16 1 1
 Node 533:   1 1 15 16 1 1
 Node 534:   1 1 15 16 1 1
 Node 535:   1 1 15 16 1 1
 Node 536:   1 1 15 16 1 1
 Node 537:   1 1 15 16 1 1
 Node 538:   1 1 15 16 1 1
 Node 539:   1 1 15 16 1 1
 Node 540:   1 1 15 16 1 1
 Node 541:   1 1 15 16 1 1
 Node 542:   1 1 15 16 1 1
 Node 543:   0 1 15 15 1 1
 Node 544:   1 0 14 15 1 1
 Node 545:   1 1 14 15 1 1
 Node 546:   1 1 14 15 1 1
 Node 547:   1 1 14 15 1 1
 Node 548:   1 1 14 15 1 1
 Node 549:   1 1 14 15 1 1
 Node 550:   1 1 14 15 1 1
 Node 551:   1 1 14 15 1 1
 Node 552:   1 1 14 15 1 1
 Node 553:   1 1 14 15 1 1
 Node 554:   1 1 14 15 1 1
 Node 555:   1 1 14 15 1 1
 Node 556:   1 1 14 15 1 1
 Node 557:   1 1 14 15 1 1
 Node 558:   1 1 14 15 1 1
 Node 559:   1 1 14 15 1 1
 Node 560:   1 1 14 15 1 1
 Node 561:   1 1 14 15 1 1
 Node 562:   1 1 14 15 1 1
 Node 563:   1 1 14 15 1 1
 Node 564:   1 1 14 15 1 1
 Node 565:   1 1 14 15 1 1
 Node 566:   1 1 14 15 1 1
 Node 567:   1 1 14 15 1 1
 Node 568:   1 1 14 15 1 1
 Node 569:   1 1 14 15 1 1
 Node 570:   1 1 14 15 1 1
 Node 571:   1 1 14 15 1 1
 Node 572:   1 1 14 15 1 1
 Node 573:   1 1 14 15 1 1
 Node 574:   1 1 14 15 1 1
 Node 575:   0 1 14 15 1 1
 Node 576:   1 0 13 14 1 1
 Node 577:   1 1 13 14 1 1
 Node 578:   1 1 13 14 1 1
 Node 579:   1 1 13 14 1 1
 Node 580:   1 1 13 14 1 1
 Node 581:   1 1 13 14 1 1
 Node 582:   1 1 13 14 1 1
 Node 583:   1 1 13 14 1 1
 Node 584:   1 1 13 14 1 1
 Node 585:   1 1 13 14 1 1
 Node 586:   1 1 13 14 1 1
 Node 587:   1 1 13 14 1 1
 Node 588:   1 1 13 14 1 1
 Node 589:   1 1 13 14 1 1
 Node 590:   1 1 13 14 1 1
 Node 591:   1 1 13 14 1 1
 Node 592:   1 1 13 14 1 1
 Node 593:   1 1 13 14 1 1
 Node 594:   1 1 13 14 1 1
 Node 595:   1 1 13 14 1 1
 Node 596:   1 1 13 14 1 1
 Node 597:   1 1 13 14 1 1
 Node 598:   1 1 13 14 1 1
 Node 599:   1 1 13 14 1 1
 Node 600:   1 1 13 14 1 1
 Node 601:   1 1 13 14 1 1
 Node 602:   1 1 13 14 1 1
 Node 603:   1 1 13 14 1 1
 Node 604:   1 1 13 14 1 1
 Node 605:   1 1 13 14 1 1
 Node 606:   1 1 13 14 1 1
 Node 607:   0 1 13 14 1 1
 Node 608:   1 0 12 13 1 1
 Node 609:   1 1 12 13 1 1
 Node 610:   1 1 12 13 1 1
 Node 611:   1 1 12 13 1 1
 Node 612:   1 1 12 13 1 1
 Node 613:   1 1 12 13 1 1
 Node 614:   1 1 12 13 1 1
 Node 615:   1 1 12 13 1 1
 Node 616:   1 1 12 13 1 1
 Node 617:   1 1 12 13 1 1
 Node 618:   1 1 12 13 1 1
 Node 619:   1 1 12 13 1 1
 Node 620:   1 1 12 13 1 1
 Node 621:   1 1 12 13 1 1
 Node 622:   1 1 12 13 1 1
 Node 623:   1 1 12 13 1 1
 Node 624:   1 1 12 13 1 1
 Node 625:   1 1 12 13 1 1
 Node 626:   1 1 12 13 1 1
 Node 627:   1 1 12 13 1 1
 Node 628:   1 1 12 13 1 1
 Node 629:   1 1 12 13 1 1
 Node 630:   1 1 12 13 1 1
 Node 631:   1 1 12 13 1 1
 Node 632:   1 1 12 13 1 1
 Node 633:   1 1 12 13 1 1
 Node 634:   1 1 12 13 1 1
 Node 635:   1 1 12 13 1 1
 Node 636:   1 1 12 13 1 1
 Node 637:   1 1 12 13 1 1
 Node 638:   1 1 12 13 1 1
 Node 639:   0 1 12 13 1 1
 Node 640:   1 0 11 12 1 1
 Node 641:   1 1 11 12 1 1
 Node 642:   1 1 11 12 1 1
 Node 643:   1 1 11 12 1 1
 Node 644:   1 1 11 12 1 1
 Node 645:   1 1 11 12 1 1
 Node 646:   1 1 11 12 1 1
 Node 647:   1 1 11 12 1 1
 Node 648:   1 1 11 12 1 1
 Node 649:   1 1 11 12 1 1
 Node 650:   1 1 11 12 1 1
 Node 651:   1 1 11 12 1 1
 Node 652:   1 1 11 12 1 1
 Node 653:   1 1 11 12 1 1
 Node 654:   1 1 11 12 1 1
 Node 655:   1 1 11 12 1 1
 Node 656:   1 1 11 12 1 1
 Node 657:   1 1 11 12 1 1
 Node 658:   1 1 11 12 1 1
 Node 659:   1 1 11 12 1 1
 Node 660:   1 1 11 12 1 1
 Node 661:   1 1 11 12 1 1
 Node 662:   1 1 11 12 1 1
 Node 663:   1 1 11 12 1 1
 Node 664:   1 1 11 12 1 1
 Node 665:   1 1 11 12 1 1
 Node 666:   1 1 11 12 1 1
 Node 667:   1 1 11 12 1 1
 Node 668:   1 1 11 12 1 1
 Node 669:   1 1 11 12 1 1
 Node 670:   1 1 11 12 1 1
 Node 671:   0 1 11 12 1 1
 Node 672:   1 0 10 11 1 1
 Node 673:   1 1 10 11 1 1
 Node 674:   1 1 10 11 1 1
 Node 675:   1 1 10 11 1 1
 Node 676:   1 1 10 11 1 1
 Node 677:   1 1 10 11 1 1
 Node 678:   1 1 10 11 1 1
 Node 679:   1 1 10 11 1 1
 Node 680:   1 1 10 11 1 1
 Node 681:   1 1 10 11 1 1
 Node 682:   1 1 10 11 1 1
 Node 683:   1 1 10 11 1 1
 Node 684:   1 1 10 11 1 1
 Node 685:   1 1 10 11 1 1
 Node 686:   1 1 10 11 1 1
 Node 687:   1 1 10 11 1 1
 Node 688:   1 1 10 11 1 1
 Node 689:   1 1 10 11 1 1
 Node 690:   1 1 10 11 1 1
 Node 691:   1 1 10 11 1 1
 Node 692:   1 1 10 11 1 1
 Node 693:   1 1 10 11 1 1
 Node 694:   1 1 10 11 1 1
 Node 695:   1 1 10 11 1 1
 Node 696:   1 1 10 11 1 1
 Node 697:   1 1 10 11 1 1
 Node 698:   1 1 10 11 1 1
 Node 699:   1 1 10 11 1 1
 Node 700:   1 1 10 11 1 1
 Node 701:   1 1 10 11 1 1
 Node 702:   1 1 10 11 1 1
 Node 703:   0 1 10 11 1 1
 Node 704:   1 0 9 10 1 1
 Node 705:   1 1 9 10 1 1
 Node 706:   1 1 9 10 1 1
 Node 707:   1 1 9 10 1 1
 Node 708:   1 1 9 10 1 1
 Node 709:   1 1 9 10 1 1
 Node 710:   1 1 9 10 1 1
 Node 711:   1 1 9 10 1 1
 Node 712:   1 1 9 10 1 1
 Node 713:   1 1 9 10 1 1
 Node 714:   1 1 9 10 1 1
 Node 715:   1 1 9 10 1 1
 Node 716:   1 1 9 10 1 1
 Node 717:   1 1 9 10 1 1
 Node 718:   1 1 9 10 1 1
 Node 719:   1 1 9 10 1 1
 Node 720:   1 1 9 10 1 1
 Node 721:   1 1 9 10 1 1
 Node 722:   1 1 9 10 1 1
 Node 723:   1 1 9 10 1 1
 Node 724:   1 1 9 10 1 1
 Node 725:   1 1 9 10 1 1
 Node 726:   1 1 9 10 1 1
 Node 727:   1 1 9 10 1 1
 Node 728:   1 1 9 10 1 1
 Node 729:   1 1 9 10 1 1
 Node 730:   1 1 9 10 1 1
 Node 731:   1 1 9 10 1 1
 Node 732:   1 1 9 10 1 1
 Node 733:   1 1 9 10 1 1
 Node 734:   1 1 9 10 1 1
 Node 735:   0 1 9 10 1 1
 Node 736:   1 0 8 9 1 1
 Node 737:   1 1 8 9 1 1
 Node 738:   1 1 8 9 1 1
 Node 739:   1 1 8 9 1 1
 Node 740:   1 1 8 9 1 1
 Node 741:   1 1 8 9 1 1
 Node 742:   1 1 8 9 1 1
 Node 743:   1 1 8 9 1 1
 Node 744:   1 1 8 9 1 1
 Node 745:   1 1 8 9 1 1
 Node 746:   1 1 8 9 1 1
 Node 747:   1 1 8 9 1 1
 Node 748:   1 1 8 9 1 1
 Node 749:   1 1 8 9 1 1
 Node 750:   1 1 8 9 1 1
 Node 751:   1 1 8 9 1 1
 Node 752:   1 1 8 9 1 1
 Node 753:   1 1 8 9 1 1
 Node 754:   1 1 8 9 1 1
 Node 755:   1 1 8 9 1 1
 Node 756:   1 1 8 9 1 1
 Node 757:   1 1 8 9 1 1
 Node 758:   1 1 8 9 1 1
 Node 759:   1 1 8 9 1 1
 Node 760:   1 1 8 9 1 1
 Node 761:   1 1 8 9 1 1
 Node 762:   1 1 8 9 1 1
 Node 763:   1 1 8 9 1 1
 Node 764:   1 1 8 9 1 1
 Node 765:   1 1 8 9 1 1
 Node 766:   1 1 8 9 1 1
 Node 767:   0 1 8 9 1 1
 Node 768:   1 0 7 8 1 1
 Node 769:   1 1 7 8 1 1
 Node 770:   1 1 7 8 1 1
 Node 771:   1 1 7 8 1 1
 Node 772:   1 1 7 8 1 1
 Node 773:   1 1 7 8 1 1
 Node 774:   1 1 7 8 1 1
 Node 775:   1 1 7 8 1 1
 Node 776:   1 1 7 8 1 1
 Node 777:   1 1 7 8 1 1
 Node 778:   1 1 7 8 1 1
 Node 779:   1 1 7 8 1 1
 Node 780:   1 1 7 8 1 1
 Node 781:   1 1 7 8 1 1
 Node 782:   1 1 7 8 1 1
 Node 783:   1 1 7 8 1 1
 Node 784:   1 1 7 8 1 1
 Node 785:   1 1 7 8 1 1
 Node 786:   1 1 7 8 1 1
 Node 787:   1 1 7 8 1 1
 Node 788:   1 1 7 8 1 1
 Node 789:   1 1 7 8 1 1
 Node 790:   1 1 7 8 1 1
 Node 791:   1 1 7 8 1 1
 Node 792:   1 1 7 8 1 1
 Node 793:   1 1 7 8 1 1
 Node 794:   1 1 7 8 1 1
 Node 795:   1 1 7 8 1 1
 Node 796:   1 1 7 8 1 1
 Node 797:   1 1 7 8 1 1
 Node 798:   1 1 7 8 1 1
 Node 799:   0 1 7 8 1 1
 Node 800:   1 0 6 7 1 1
 Node 801:   1 1 6 7 1 1
 Node 802:   1 1 6 7 1 1
 Node 803:   1 1 6 7 1 1
 Node 804:   1 1 6 7 1 1
 Node 805:   1 1 6 7 1 1
 Node 806:   1 1 6 7 1 1
 Node 807:   1 1 6 7 1 1
 Node 808:   1 1 6 7 1 1
 Node 809:   1 1 6 7 1 1
 Node 810:   1 1 6 7 1 1
 Node 811:   1 1 6 7 1 1
 Node 812:   1 1 6 7 1 1
 Node 813:   1 1 6 7 1 1
 Node 814:   1 1 6 7 1 1
 Node 815:   1 1 6 7 1 1
 Node 816:   1 1 6 7 1 1
 Node 817:   1 1 6 7 1 1
 Node 818:   1 1 6 7 1 1
 Node 819:   1 1 6 7 1 1
 Node 820:   1 1 6 7 1 1
 Node 821:   1 1 6 7 1 1
 Node 822:   1 1 6 7 1 1
 Node 823:   1 1 6 7 1 1
 Node 824:   1 1 6 7 1 1
 Node 825:   1 1 6 7 1 1
 Node 826:   1 1 6 7 1 1
 Node 827:   1 1 6 7 1 1
 Node 828:   1 1 6 7 1 1
 Node 829:   1 1 6 7 1 1
 Node 830:   1 1 6 7 1 1
 Node 831:   0 1 6 7 1 1
 Node 832:   1 0 5 6 1 1
 Node 833:   1 1 5 6 1 1
 Node 834:   1 1 5 6 1 1
 Node 835:   1 1 5 6 1 1
 Node 836:   1 1 5 6 1 1
 Node 837:   1 1 5 6 1 1
 Node 838:   1 1 5 6 1 1
 Node 839:   1 1 5 6 1 1
 Node 840:   1 1 5 6 1 1
 Node 841:   1 1 5 6 1 1
 Node 842:   1 1 5 6 1 1
 Node 843:   1 1 5 6 1 1
 Node 844:   1 1 5 6 1 1
 Node 845:   1 1 5 6 1 1
 Node 846:   1 1 5 6 1 1
 Node 847:   1 1 5 6 1 1
 Node 848:   1 1 5 6 1 1
 Node 849:   1 1 5 6 1 1
 Node 850:   1 1 5 6 1 1
 Node 851:   1 1 5 6 1 1
 Node 852:   1 1 5 6 1 1
 Node 853:   1 1 5 6 1 1
 Node 854:   1 1 5 6 1 1
 Node 855:   1 1 5 6 1 1
 Node 856:   1 1 5 6 1 1
 Node 857:   1 1 5 6 1 1
 Node 858:   1 1 5 6 1 1
 Node 859:   1 1 5 6 1 1
 Node 860:   1 1 5 6 1 1
 Node 861:   1 1 5 6 1 1
 Node 862:   1 1 5 6 1 1
 Node 863:   0 1 5 6 1 1
 Node 864:   1 0 4 5 1 1
 Node 865:   1 1 4 5 1 1
 Node 866:   1 1 4 5 1 1
 Node 867:   1 1 4 5 1 1
 Node 868:   1 1 4 5 1 1
 Node 869:   1 1 4 5 1 1
 Node 870:   1 1 4 5 1 1
 Node 871:   1 1 4 5 1 1
 Node 872:   1 1 4 5 1 1
 Node 873:   1 1 4 5 1 1
 Node 874:   1 1 4 5 1 1
 Node 875:   1 1 4 5 1 1
 Node 876:   1 1 4 5 1 1
 Node 877:   1 1 4 5 1 1
 Node 878:   1 1 4 5 1 1
 Node 879:   1 1 4 5 1 1
 Node 880:   1 1 4 5 1 1
 Node 881:   1 1 4 5 1 1
 Node 882:   1 1 4 5 1 1
 Node 883:   1 1 4 5 1 1
 Node 884:   1 1 4 5 1 1
 Node 885:   1 1 4 5 1 1
 Node 886:   1 1 4 5 1 1
 Node 887:   1 1 4 5 1 1
 Node 888:   1 1 4 5 1 1
 Node 889:   1 1 4 5 1 1
 Node 890:   1 1 4 5 1 1
 Node 891:   1 1 4 5 1 1
 Node 892:   1 1 4 5 1 1
 Node 893:   1 1 4 5 1 1
 Node 894:   1 1 4 5 1 1
 Node 895:   0 1 4 5 1 1
 Node 896:   1 0 3 4 1 1
 Node 897:   1 1 3 4 1 1
 Node 898:   1 1 3 4 1 1
 Node 899:   1 1 3 4 1 1
 Node 900:   1 1 3 4 1 1
 Node 901:   1 1 3 4 1 1
 Node 902:   1 1 3 4 1 1
 Node 903:   1 1 3 4 1 1
 Node 904:   1 1 3 4 1 1
 Node 905:   1 1 3 4 1 1
 Node 906:   1 1 3 4 1 1
 Node 907:   1 1 3 4 1 1
 Node 908:   1 1 3 4 1 1
 Node 909:   1 1 3 4 1 1
 Node 910:   1 1 3 4 1 1
 Node 911:   1 1 3 4 1 1
 Node 912:   1 1 3 4 1 1
 Node 913:   1 1 3 4 1 1
 Node 914:   1 1 3 4 1 1
 Node 915:   1 1 3 4 1 1
 Node 916:   1 1 3 4 1 1
 Node 917:   1 1 3 4 1 1
 Node 918:   1 1 3 4 1 1
 Node 919:   1 1 3 4 1 1
 Node 920:   1 1 3 4 1 1
 Node 921:   1 1 3 4 1 1
 Node 922:   1 1 3 4 1 1
 Node 923:   1 1 3 4 1 1
 Node 924:   1 1 3 4 1 1
 Node 925:   1 1 3 4 1 1
 Node 926:   1 1 3 4 1 1
 Node 927:   0 1 3 4 1 1
 Node 928:   1 0 2 3 1 1
 Node 929:   1 1 2 3 1 1
 Node 930:   1 1 2 3 1 1
 Node 931:   1 1 2 3 1 1
 Node 932:   1 1 2 3 1 1
 Node 933:   1 1 2 3 1 1
 Node 934:   1 1 2 3 1 1
 Node 935:   1 1 2 3 1 1
 Node 936:   1 1 2 3 1 1
 Node 937:   1 1 2 3 1 1
 Node 938:   1 1 2 3 1 1
 Node 939:   1 1 2 3 1 1
 Node 940:   1 1 2 3 1 1
 Node 941:   1 1 2 3 1 1
 Node 942:   1 1 2 3 1 1
 Node 943:   1 1 2 3 1 1
 Node 944:   1 1 2 3 1 1
 Node 945:   1 1 2 3 1 1
 Node 946:   1 1 2 3 1 1
 Node 947:   1 1 2 3 1 1
 Node 948:   1 1 2 3 1 1
 Node 949:   1 1 2 3 1 1
 Node 950:   1 1 2 3 1 1
 Node 951:   1 1 2 3 1 1
 Node 952:   1 1 2 3 1 1
 Node 953:   1 1 2 3 1 1
 Node 954:   1 1 2 3 1 1
 Node 955:   1 1 2 3 1 1
 Node 956:   1 1 2 3 1 1
 Node 957:   1 1 2 3 1 1
 Node 958:   1 1 2 3 1 1
 Node 959:   0 1 2 3 1 1
 Node 960:   1 0 1 2 1 1
 Node 961:   1 1 1 2 1 1
 Node 962:   1 1 1 2 1 1
 Node 963:   1 1 1 2 1 1
 Node 964:   1 1 1 2 1 1
 Node 965:   1 1 1 2 1 1
 Node 966:   1 1 1 2 1 1
 Node 967:   1 1 1 2 1 1
 Node 968:   1 1 1 2 1 1
 Node 969:   1 1 1 2 1 1
 Node 970:   1 1 1 2 1 1
 Node 971:   1 1 1 2 1 1
 Node 972:   1 1 1 2 1 1
 Node 973:   1 1 1 2 1 1
 Node 974:   1 1 1 2 1 1
 Node 975:   1 1 1 2 1 1
 Node 976:   1 1 1 2 1 1
 Node 977:   1 1 1 2 1 1
 Node 978:   1 1 1 2 1 1
 Node 979:   1 1 1 2 1 1
 Node 980:   1 1 1 2 1 1
 Node 981:   1 1 1 2 1 1
 Node 982:   1 1 1 2 1 1
 Node 983:   1 1 1 2 1 1
 Node 984:   1 1 1 2 1 1
 Node 985:   1 1 1 2 1 1
 Node 986:   1 1 1 2 1 1
 Node 987:   1 1 1 2 1 1
 Node 988:   1 1 1 2 1 1
 Node 989:   1 1 1 2 1 1
 Node 990:   1 1 1 2 1 1
 Node 991:   0 1 1 2 1 1
 Node 992:   1 0 0 1 1 1
 Node 993:   1 1 0 1 1 1
 Node 994:   1 1 0 1 1 1
 Node 995:   1 1 0 1 1 1
 Node 996:   1 1 0 1 1 1
 Node 997:   1 1 0 1 1 1
 Node 998:   1 1 0 1 1 1
 Node 999:   1 1 0 1 1 1
 Node 1000:   1 1 0 1 1 1
 Node 1001:   1 1 0 1 1 1
 Node 1002:   1 1 0 1 1 1
 Node 1003:   1 1 0 1 1 1
 Node 1004:   1 1 0 1 1 1
 Node 1005:   1 1 0 1 1 1
 Node 1006:   1 1 0 1 1 1
 Node 1007:   1 1 0 1 1 1
 Node 1008:   1 1 0 1 1 1
 Node 1009:   1 1 0 1 1 1
 Node 1010:   1 1 0 1 1 1
 Node 1011:   1 1 0 1 1 1
 Node 1012:   1 1 0 1 1 1
 Node 1013:   1 1 0 1 1 1
 Node 1014:   1 1 0 1 1 1
 Node 1015:   1 1 0 1 1 1
 Node 1016:   1 1 0 1 1 1
 Node 1017:   1 1 0 1 1 1
 Node 1018:   1 1 0 1 1 1
 Node 1019:   1 1 0 1 1 1
 Node 1020:   1 1 0 1 1 1
 Node 1021:   1 1 0 1 1 1
 Node 1022:   1 1 0 1 1 1
 Node 1023:   0 1 0 1 1 1

(Maximum) Crossing Paths: 16
The number of paths on this application : 1024 (all-to-all cases: 1047552)
The average hops : 18.935547
ID size(without ID modification)16
(Maximum) number of slots: 16
