ID Allocation Policy is 0(low port first) / 1(Crossing Paths based method): 1
Address method is 0(destination_based) / 1(path_based): 1
 dst_based renewable label = 31
 path_based renewable label = 31


 (east, west, south, north, from host0,... east(vch2), south(vch2), west(vch2), north(vch2), from host(vch2)0,.. to host(vch2)0,..
 Node  0:   0 0 1 0 0 0 0 1 0 0 1 1
 Node  1:   0 1 1 0 1 1 0 0 0 0 0 0
 Node  2:   0 1 1 0 0 0 0 0 0 0 1 1
 Node  3:   0 1 1 0 1 1 0 0 0 0 0 0
 Node  4:   0 1 1 0 0 0 0 0 0 0 1 1
 Node  5:   0 1 1 0 1 1 0 0 0 0 0 0
 Node  6:   0 1 1 0 0 0 0 0 0 0 1 1
 Node  7:   0 1 1 0 1 1 0 0 0 0 0 0
 Node  8:   0 1 1 0 0 0 0 0 0 0 1 1
 Node  9:   0 1 1 0 1 1 0 0 0 0 0 0
 Node 10:   0 1 1 0 0 0 0 0 0 0 1 1
 Node 11:   0 1 1 0 1 1 0 0 0 0 0 0
 Node 12:   0 1 1 0 0 0 0 0 0 0 1 1
 Node 13:   0 1 1 0 1 1 0 0 0 0 0 0
 Node 14:   0 1 1 0 0 0 0 0 0 0 1 1
 Node 15:   0 1 1 0 1 1 0 0 0 0 0 0
 Node 16:   0 1 1 0 0 0 0 0 0 0 1 1
 Node 17:   0 1 2 0 1 1 0 0 0 0 0 0
 Node 18:   0 2 1 0 0 0 0 0 0 0 1 1
 Node 19:   0 2 1 0 1 1 0 0 0 0 0 0
 Node 20:   0 2 1 0 0 0 0 0 0 0 1 1
 Node 21:   0 2 1 0 1 1 0 0 0 0 0 0
 Node 22:   0 2 1 0 0 0 0 0 0 0 1 1
 Node 23:   0 2 1 0 1 1 0 0 0 0 0 0
 Node 24:   0 2 1 0 0 0 0 0 0 0 1 1
 Node 25:   0 2 1 0 1 1 0 0 0 0 0 0
 Node 26:   0 2 1 0 0 0 0 0 0 0 1 1
 Node 27:   0 2 1 0 1 1 0 0 0 0 0 0
 Node 28:   0 2 1 0 0 0 0 0 0 0 1 1
 Node 29:   0 2 1 0 1 1 0 0 0 0 0 0
 Node 30:   0 2 1 0 0 0 0 0 0 0 1 1
 Node 31:   0 2 0 0 1 1 0 0 0 0 0 0
 Node 32:   0 0 2 1 0 0 0 1 0 0 1 1
 Node 33:   0 1 2 1 1 1 0 0 0 0 0 0
 Node 34:   0 1 2 1 0 0 0 0 0 0 1 1
 Node 35:   0 1 2 1 1 1 0 0 0 0 0 0
 Node 36:   0 1 2 1 0 0 0 0 0 0 1 1
 Node 37:   0 1 2 1 1 1 0 0 0 0 0 0
 Node 38:   0 1 2 1 0 0 0 0 0 0 1 1
 Node 39:   0 1 2 1 1 1 0 0 0 0 0 0
 Node 40:   0 1 2 1 0 0 0 0 0 0 1 1
 Node 41:   0 1 2 1 1 1 0 0 0 0 0 0
 Node 42:   0 1 2 1 0 0 0 0 0 0 1 1
 Node 43:   0 1 2 1 1 1 0 0 0 0 0 0
 Node 44:   0 1 2 1 0 0 0 0 0 0 1 1
 Node 45:   0 1 2 1 1 1 0 0 0 0 0 0
 Node 46:   0 1 2 1 0 0 0 0 0 0 1 1
 Node 47:   0 1 2 1 1 1 0 0 0 0 0 0
 Node 48:   0 1 2 1 0 0 0 0 0 0 1 1
 Node 49:   0 1 4 1 1 1 0 0 0 0 0 0
 Node 50:   0 2 2 1 0 0 0 0 0 0 1 1
 Node 51:   0 2 2 1 1 1 0 0 0 0 0 0
 Node 52:   0 2 2 1 0 0 0 0 0 0 1 1
 Node 53:   0 2 2 1 1 1 0 0 0 0 0 0
 Node 54:   0 2 2 1 0 0 0 0 0 0 1 1
 Node 55:   0 2 2 1 1 1 0 0 0 0 0 0
 Node 56:   0 2 2 1 0 0 0 0 0 0 1 1
 Node 57:   0 2 2 1 1 1 0 0 0 0 0 0
 Node 58:   0 2 2 1 0 0 0 0 0 0 1 1
 Node 59:   0 2 2 1 1 1 0 0 0 0 0 0
 Node 60:   0 2 2 1 0 0 0 0 0 0 1 1
 Node 61:   0 2 2 1 1 1 0 0 0 0 0 0
 Node 62:   0 2 2 1 0 0 0 0 0 0 1 1
 Node 63:   0 2 0 0 1 1 0 0 0 0 0 0
 Node 64:   0 0 3 2 0 0 0 1 0 0 1 1
 Node 65:   0 1 3 2 1 1 0 0 0 0 0 0
 Node 66:   0 1 3 2 0 0 0 0 0 0 1 1
 Node 67:   0 1 3 2 1 1 0 0 0 0 0 0
 Node 68:   0 1 3 2 0 0 0 0 0 0 1 1
 Node 69:   0 1 3 2 1 1 0 0 0 0 0 0
 Node 70:   0 1 3 2 0 0 0 0 0 0 1 1
 Node 71:   0 1 3 2 1 1 0 0 0 0 0 0
 Node 72:   0 1 3 2 0 0 0 0 0 0 1 1
 Node 73:   0 1 3 2 1 1 0 0 0 0 0 0
 Node 74:   0 1 3 2 0 0 0 0 0 0 1 1
 Node 75:   0 1 3 2 1 1 0 0 0 0 0 0
 Node 76:   0 1 3 2 0 0 0 0 0 0 1 1
 Node 77:   0 1 3 2 1 1 0 0 0 0 0 0
 Node 78:   0 1 3 2 0 0 0 0 0 0 1 1
 Node 79:   0 1 3 2 1 1 0 0 0 0 0 0
 Node 80:   0 1 3 2 0 0 0 0 0 0 1 1
 Node 81:   0 1 6 2 1 1 0 0 0 0 0 0
 Node 82:   0 2 3 2 0 0 0 0 0 0 1 1
 Node 83:   0 2 3 2 1 1 0 0 0 0 0 0
 Node 84:   0 2 3 2 0 0 0 0 0 0 1 1
 Node 85:   0 2 3 2 1 1 0 0 0 0 0 0
 Node 86:   0 2 3 2 0 0 0 0 0 0 1 1
 Node 87:   0 2 3 2 1 1 0 0 0 0 0 0
 Node 88:   0 2 3 2 0 0 0 0 0 0 1 1
 Node 89:   0 2 3 2 1 1 0 0 0 0 0 0
 Node 90:   0 2 3 2 0 0 0 0 0 0 1 1
 Node 91:   0 2 3 2 1 1 0 0 0 0 0 0
 Node 92:   0 2 3 2 0 0 0 0 0 0 1 1
 Node 93:   0 2 3 2 1 1 0 0 0 0 0 0
 Node 94:   0 2 3 2 0 0 0 0 0 0 1 1
 Node 95:   0 2 0 0 1 1 0 0 0 0 0 0
 Node 96:   0 0 4 3 0 0 0 1 0 0 1 1
 Node 97:   0 1 4 3 1 1 0 0 0 0 0 0
 Node 98:   0 1 4 3 0 0 0 0 0 0 1 1
 Node 99:   0 1 4 3 1 1 0 0 0 0 0 0
 Node 100:   0 1 4 3 0 0 0 0 0 0 1 1
 Node 101:   0 1 4 3 1 1 0 0 0 0 0 0
 Node 102:   0 1 4 3 0 0 0 0 0 0 1 1
 Node 103:   0 1 4 3 1 1 0 0 0 0 0 0
 Node 104:   0 1 4 3 0 0 0 0 0 0 1 1
 Node 105:   0 1 4 3 1 1 0 0 0 0 0 0
 Node 106:   0 1 4 3 0 0 0 0 0 0 1 1
 Node 107:   0 1 4 3 1 1 0 0 0 0 0 0
 Node 108:   0 1 4 3 0 0 0 0 0 0 1 1
 Node 109:   0 1 4 3 1 1 0 0 0 0 0 0
 Node 110:   0 1 4 3 0 0 0 0 0 0 1 1
 Node 111:   0 1 4 3 1 1 0 0 0 0 0 0
 Node 112:   0 1 4 3 0 0 0 0 0 0 1 1
 Node 113:   0 1 8 3 1 1 0 0 0 0 0 0
 Node 114:   0 2 4 3 0 0 0 0 0 0 1 1
 Node 115:   0 2 4 3 1 1 0 0 0 0 0 0
 Node 116:   0 2 4 3 0 0 0 0 0 0 1 1
 Node 117:   0 2 4 3 1 1 0 0 0 0 0 0
 Node 118:   0 2 4 3 0 0 0 0 0 0 1 1
 Node 119:   0 2 4 3 1 1 0 0 0 0 0 0
 Node 120:   0 2 4 3 0 0 0 0 0 0 1 1
 Node 121:   0 2 4 3 1 1 0 0 0 0 0 0
 Node 122:   0 2 4 3 0 0 0 0 0 0 1 1
 Node 123:   0 2 4 3 1 1 0 0 0 0 0 0
 Node 124:   0 2 4 3 0 0 0 0 0 0 1 1
 Node 125:   0 2 4 3 1 1 0 0 0 0 0 0
 Node 126:   0 2 4 3 0 0 0 0 0 0 1 1
 Node 127:   0 2 0 0 1 1 0 0 0 0 0 0
 Node 128:   0 0 5 4 0 0 0 1 0 0 1 1
 Node 129:   0 1 5 4 1 1 0 0 0 0 0 0
 Node 130:   0 1 5 4 0 0 0 0 0 0 1 1
 Node 131:   0 1 5 4 1 1 0 0 0 0 0 0
 Node 132:   0 1 5 4 0 0 0 0 0 0 1 1
 Node 133:   0 1 5 4 1 1 0 0 0 0 0 0
 Node 134:   0 1 5 4 0 0 0 0 0 0 1 1
 Node 135:   0 1 5 4 1 1 0 0 0 0 0 0
 Node 136:   0 1 5 4 0 0 0 0 0 0 1 1
 Node 137:   0 1 5 4 1 1 0 0 0 0 0 0
 Node 138:   0 1 5 4 0 0 0 0 0 0 1 1
 Node 139:   0 1 5 4 1 1 0 0 0 0 0 0
 Node 140:   0 1 5 4 0 0 0 0 0 0 1 1
 Node 141:   0 1 5 4 1 1 0 0 0 0 0 0
 Node 142:   0 1 5 4 0 0 0 0 0 0 1 1
 Node 143:   0 1 5 4 1 1 0 0 0 0 0 0
 Node 144:   0 1 5 4 0 0 0 0 0 0 1 1
 Node 145:   0 1 10 4 1 1 0 0 0 0 0 0
 Node 146:   0 2 5 4 0 0 0 0 0 0 1 1
 Node 147:   0 2 5 4 1 1 0 0 0 0 0 0
 Node 148:   0 2 5 4 0 0 0 0 0 0 1 1
 Node 149:   0 2 5 4 1 1 0 0 0 0 0 0
 Node 150:   0 2 5 4 0 0 0 0 0 0 1 1
 Node 151:   0 2 5 4 1 1 0 0 0 0 0 0
 Node 152:   0 2 5 4 0 0 0 0 0 0 1 1
 Node 153:   0 2 5 4 1 1 0 0 0 0 0 0
 Node 154:   0 2 5 4 0 0 0 0 0 0 1 1
 Node 155:   0 2 5 4 1 1 0 0 0 0 0 0
 Node 156:   0 2 5 4 0 0 0 0 0 0 1 1
 Node 157:   0 2 5 4 1 1 0 0 0 0 0 0
 Node 158:   0 2 5 4 0 0 0 0 0 0 1 1
 Node 159:   0 2 0 0 1 1 0 0 0 0 0 0
 Node 160:   0 0 6 5 0 0 0 1 0 0 1 1
 Node 161:   0 1 6 5 1 1 0 0 0 0 0 0
 Node 162:   0 1 6 5 0 0 0 0 0 0 1 1
 Node 163:   0 1 6 5 1 1 0 0 0 0 0 0
 Node 164:   0 1 6 5 0 0 0 0 0 0 1 1
 Node 165:   0 1 6 5 1 1 0 0 0 0 0 0
 Node 166:   0 1 6 5 0 0 0 0 0 0 1 1
 Node 167:   0 1 6 5 1 1 0 0 0 0 0 0
 Node 168:   0 1 6 5 0 0 0 0 0 0 1 1
 Node 169:   0 1 6 5 1 1 0 0 0 0 0 0
 Node 170:   0 1 6 5 0 0 0 0 0 0 1 1
 Node 171:   0 1 6 5 1 1 0 0 0 0 0 0
 Node 172:   0 1 6 5 0 0 0 0 0 0 1 1
 Node 173:   0 1 6 5 1 1 0 0 0 0 0 0
 Node 174:   0 1 6 5 0 0 0 0 0 0 1 1
 Node 175:   0 1 6 5 1 1 0 0 0 0 0 0
 Node 176:   0 1 6 5 0 0 0 0 0 0 1 1
 Node 177:   0 1 12 5 1 1 0 0 0 0 0 0
 Node 178:   0 2 6 5 0 0 0 0 0 0 1 1
 Node 179:   0 2 6 5 1 1 0 0 0 0 0 0
 Node 180:   0 2 6 5 0 0 0 0 0 0 1 1
 Node 181:   0 2 6 5 1 1 0 0 0 0 0 0
 Node 182:   0 2 6 5 0 0 0 0 0 0 1 1
 Node 183:   0 2 6 5 1 1 0 0 0 0 0 0
 Node 184:   0 2 6 5 0 0 0 0 0 0 1 1
 Node 185:   0 2 6 5 1 1 0 0 0 0 0 0
 Node 186:   0 2 6 5 0 0 0 0 0 0 1 1
 Node 187:   0 2 6 5 1 1 0 0 0 0 0 0
 Node 188:   0 2 6 5 0 0 0 0 0 0 1 1
 Node 189:   0 2 6 5 1 1 0 0 0 0 0 0
 Node 190:   0 2 6 5 0 0 0 0 0 0 1 1
 Node 191:   0 2 0 0 1 1 0 0 0 0 0 0
 Node 192:   0 0 7 6 0 0 0 1 0 0 1 1
 Node 193:   0 1 7 6 1 1 0 0 0 0 0 0
 Node 194:   0 1 7 6 0 0 0 0 0 0 1 1
 Node 195:   0 1 7 6 1 1 0 0 0 0 0 0
 Node 196:   0 1 7 6 0 0 0 0 0 0 1 1
 Node 197:   0 1 7 6 1 1 0 0 0 0 0 0
 Node 198:   0 1 7 6 0 0 0 0 0 0 1 1
 Node 199:   0 1 7 6 1 1 0 0 0 0 0 0
 Node 200:   0 1 7 6 0 0 0 0 0 0 1 1
 Node 201:   0 1 7 6 1 1 0 0 0 0 0 0
 Node 202:   0 1 7 6 0 0 0 0 0 0 1 1
 Node 203:   0 1 7 6 1 1 0 0 0 0 0 0
 Node 204:   0 1 7 6 0 0 0 0 0 0 1 1
 Node 205:   0 1 7 6 1 1 0 0 0 0 0 0
 Node 206:   0 1 7 6 0 0 0 0 0 0 1 1
 Node 207:   0 1 7 6 1 1 0 0 0 0 0 0
 Node 208:   0 1 7 6 0 0 0 0 0 0 1 1
 Node 209:   0 1 14 6 1 1 0 0 0 0 0 0
 Node 210:   0 2 7 6 0 0 0 0 0 0 1 1
 Node 211:   0 2 7 6 1 1 0 0 0 0 0 0
 Node 212:   0 2 7 6 0 0 0 0 0 0 1 1
 Node 213:   0 2 7 6 1 1 0 0 0 0 0 0
 Node 214:   0 2 7 6 0 0 0 0 0 0 1 1
 Node 215:   0 2 7 6 1 1 0 0 0 0 0 0
 Node 216:   0 2 7 6 0 0 0 0 0 0 1 1
 Node 217:   0 2 7 6 1 1 0 0 0 0 0 0
 Node 218:   0 2 7 6 0 0 0 0 0 0 1 1
 Node 219:   0 2 7 6 1 1 0 0 0 0 0 0
 Node 220:   0 2 7 6 0 0 0 0 0 0 1 1
 Node 221:   0 2 7 6 1 1 0 0 0 0 0 0
 Node 222:   0 2 7 6 0 0 0 0 0 0 1 1
 Node 223:   0 2 0 0 1 1 0 0 0 0 0 0
 Node 224:   0 0 8 7 0 0 0 1 0 0 1 1
 Node 225:   0 1 8 7 1 1 0 0 0 0 0 0
 Node 226:   0 1 8 7 0 0 0 0 0 0 1 1
 Node 227:   0 1 8 7 1 1 0 0 0 0 0 0
 Node 228:   0 1 8 7 0 0 0 0 0 0 1 1
 Node 229:   0 1 8 7 1 1 0 0 0 0 0 0
 Node 230:   0 1 8 7 0 0 0 0 0 0 1 1
 Node 231:   0 1 8 7 1 1 0 0 0 0 0 0
 Node 232:   0 1 8 7 0 0 0 0 0 0 1 1
 Node 233:   0 1 8 7 1 1 0 0 0 0 0 0
 Node 234:   0 1 8 7 0 0 0 0 0 0 1 1
 Node 235:   0 1 8 7 1 1 0 0 0 0 0 0
 Node 236:   0 1 8 7 0 0 0 0 0 0 1 1
 Node 237:   0 1 8 7 1 1 0 0 0 0 0 0
 Node 238:   0 1 8 7 0 0 0 0 0 0 1 1
 Node 239:   0 1 8 7 1 1 0 0 0 0 0 0
 Node 240:   0 1 8 7 0 0 0 0 0 0 1 1
 Node 241:   0 1 16 7 1 1 0 0 0 0 0 0
 Node 242:   0 2 8 7 0 0 0 0 0 0 1 1
 Node 243:   0 2 8 7 1 1 0 0 0 0 0 0
 Node 244:   0 2 8 7 0 0 0 0 0 0 1 1
 Node 245:   0 2 8 7 1 1 0 0 0 0 0 0
 Node 246:   0 2 8 7 0 0 0 0 0 0 1 1
 Node 247:   0 2 8 7 1 1 0 0 0 0 0 0
 Node 248:   0 2 8 7 0 0 0 0 0 0 1 1
 Node 249:   0 2 8 7 1 1 0 0 0 0 0 0
 Node 250:   0 2 8 7 0 0 0 0 0 0 1 1
 Node 251:   0 2 8 7 1 1 0 0 0 0 0 0
 Node 252:   0 2 8 7 0 0 0 0 0 0 1 1
 Node 253:   0 2 8 7 1 1 0 0 0 0 0 0
 Node 254:   0 2 8 7 0 0 0 0 0 0 1 1
 Node 255:   0 2 0 0 1 1 0 0 0 0 0 0
 Node 256:   0 0 9 8 0 0 0 1 0 0 1 1
 Node 257:   0 1 9 8 1 1 0 0 0 0 0 0
 Node 258:   0 1 9 8 0 0 0 0 0 0 1 1
 Node 259:   0 1 9 8 1 1 0 0 0 0 0 0
 Node 260:   0 1 9 8 0 0 0 0 0 0 1 1
 Node 261:   0 1 9 8 1 1 0 0 0 0 0 0
 Node 262:   0 1 9 8 0 0 0 0 0 0 1 1
 Node 263:   0 1 9 8 1 1 0 0 0 0 0 0
 Node 264:   0 1 9 8 0 0 0 0 0 0 1 1
 Node 265:   0 1 9 8 1 1 0 0 0 0 0 0
 Node 266:   0 1 9 8 0 0 0 0 0 0 1 1
 Node 267:   0 1 9 8 1 1 0 0 0 0 0 0
 Node 268:   0 1 9 8 0 0 0 0 0 0 1 1
 Node 269:   0 1 9 8 1 1 0 0 0 0 0 0
 Node 270:   0 1 9 8 0 0 0 0 0 0 1 1
 Node 271:   0 1 9 8 1 1 0 0 0 0 0 0
 Node 272:   0 1 9 8 0 0 0 0 0 0 1 1
 Node 273:   0 1 18 8 1 1 0 0 0 0 0 0
 Node 274:   0 2 9 8 0 0 0 0 0 0 1 1
 Node 275:   0 2 9 8 1 1 0 0 0 0 0 0
 Node 276:   0 2 9 8 0 0 0 0 0 0 1 1
 Node 277:   0 2 9 8 1 1 0 0 0 0 0 0
 Node 278:   0 2 9 8 0 0 0 0 0 0 1 1
 Node 279:   0 2 9 8 1 1 0 0 0 0 0 0
 Node 280:   0 2 9 8 0 0 0 0 0 0 1 1
 Node 281:   0 2 9 8 1 1 0 0 0 0 0 0
 Node 282:   0 2 9 8 0 0 0 0 0 0 1 1
 Node 283:   0 2 9 8 1 1 0 0 0 0 0 0
 Node 284:   0 2 9 8 0 0 0 0 0 0 1 1
 Node 285:   0 2 9 8 1 1 0 0 0 0 0 0
 Node 286:   0 2 9 8 0 0 0 0 0 0 1 1
 Node 287:   0 2 0 0 1 1 0 0 0 0 0 0
 Node 288:   0 0 10 9 0 0 0 1 0 0 1 1
 Node 289:   0 1 10 9 1 1 0 0 0 0 0 0
 Node 290:   0 1 10 9 0 0 0 0 0 0 1 1
 Node 291:   0 1 10 9 1 1 0 0 0 0 0 0
 Node 292:   0 1 10 9 0 0 0 0 0 0 1 1
 Node 293:   0 1 10 9 1 1 0 0 0 0 0 0
 Node 294:   0 1 10 9 0 0 0 0 0 0 1 1
 Node 295:   0 1 10 9 1 1 0 0 0 0 0 0
 Node 296:   0 1 10 9 0 0 0 0 0 0 1 1
 Node 297:   0 1 10 9 1 1 0 0 0 0 0 0
 Node 298:   0 1 10 9 0 0 0 0 0 0 1 1
 Node 299:   0 1 10 9 1 1 0 0 0 0 0 0
 Node 300:   0 1 10 9 0 0 0 0 0 0 1 1
 Node 301:   0 1 10 9 1 1 0 0 0 0 0 0
 Node 302:   0 1 10 9 0 0 0 0 0 0 1 1
 Node 303:   0 1 10 9 1 1 0 0 0 0 0 0
 Node 304:   0 1 10 9 0 0 0 0 0 0 1 1
 Node 305:   0 1 20 9 1 1 0 0 0 0 0 0
 Node 306:   0 2 10 9 0 0 0 0 0 0 1 1
 Node 307:   0 2 10 9 1 1 0 0 0 0 0 0
 Node 308:   0 2 10 9 0 0 0 0 0 0 1 1
 Node 309:   0 2 10 9 1 1 0 0 0 0 0 0
 Node 310:   0 2 10 9 0 0 0 0 0 0 1 1
 Node 311:   0 2 10 9 1 1 0 0 0 0 0 0
 Node 312:   0 2 10 9 0 0 0 0 0 0 1 1
 Node 313:   0 2 10 9 1 1 0 0 0 0 0 0
 Node 314:   0 2 10 9 0 0 0 0 0 0 1 1
 Node 315:   0 2 10 9 1 1 0 0 0 0 0 0
 Node 316:   0 2 10 9 0 0 0 0 0 0 1 1
 Node 317:   0 2 10 9 1 1 0 0 0 0 0 0
 Node 318:   0 2 10 9 0 0 0 0 0 0 1 1
 Node 319:   0 2 0 0 1 1 0 0 0 0 0 0
 Node 320:   0 0 11 10 0 0 0 1 0 0 1 1
 Node 321:   0 1 11 10 1 1 0 0 0 0 0 0
 Node 322:   0 1 11 10 0 0 0 0 0 0 1 1
 Node 323:   0 1 11 10 1 1 0 0 0 0 0 0
 Node 324:   0 1 11 10 0 0 0 0 0 0 1 1
 Node 325:   0 1 11 10 1 1 0 0 0 0 0 0
 Node 326:   0 1 11 10 0 0 0 0 0 0 1 1
 Node 327:   0 1 11 10 1 1 0 0 0 0 0 0
 Node 328:   0 1 11 10 0 0 0 0 0 0 1 1
 Node 329:   0 1 11 10 1 1 0 0 0 0 0 0
 Node 330:   0 1 11 10 0 0 0 0 0 0 1 1
 Node 331:   0 1 11 10 1 1 0 0 0 0 0 0
 Node 332:   0 1 11 10 0 0 0 0 0 0 1 1
 Node 333:   0 1 11 10 1 1 0 0 0 0 0 0
 Node 334:   0 1 11 10 0 0 0 0 0 0 1 1
 Node 335:   0 1 11 10 1 1 0 0 0 0 0 0
 Node 336:   0 1 11 10 0 0 0 0 0 0 1 1
 Node 337:   0 1 22 10 1 1 0 0 0 0 0 0
 Node 338:   0 2 11 10 0 0 0 0 0 0 1 1
 Node 339:   0 2 11 10 1 1 0 0 0 0 0 0
 Node 340:   0 2 11 10 0 0 0 0 0 0 1 1
 Node 341:   0 2 11 10 1 1 0 0 0 0 0 0
 Node 342:   0 2 11 10 0 0 0 0 0 0 1 1
 Node 343:   0 2 11 10 1 1 0 0 0 0 0 0
 Node 344:   0 2 11 10 0 0 0 0 0 0 1 1
 Node 345:   0 2 11 10 1 1 0 0 0 0 0 0
 Node 346:   0 2 11 10 0 0 0 0 0 0 1 1
 Node 347:   0 2 11 10 1 1 0 0 0 0 0 0
 Node 348:   0 2 11 10 0 0 0 0 0 0 1 1
 Node 349:   0 2 11 10 1 1 0 0 0 0 0 0
 Node 350:   0 2 11 10 0 0 0 0 0 0 1 1
 Node 351:   0 2 0 0 1 1 0 0 0 0 0 0
 Node 352:   0 0 12 11 0 0 0 1 0 0 1 1
 Node 353:   0 1 12 11 1 1 0 0 0 0 0 0
 Node 354:   0 1 12 11 0 0 0 0 0 0 1 1
 Node 355:   0 1 12 11 1 1 0 0 0 0 0 0
 Node 356:   0 1 12 11 0 0 0 0 0 0 1 1
 Node 357:   0 1 12 11 1 1 0 0 0 0 0 0
 Node 358:   0 1 12 11 0 0 0 0 0 0 1 1
 Node 359:   0 1 12 11 1 1 0 0 0 0 0 0
 Node 360:   0 1 12 11 0 0 0 0 0 0 1 1
 Node 361:   0 1 12 11 1 1 0 0 0 0 0 0
 Node 362:   0 1 12 11 0 0 0 0 0 0 1 1
 Node 363:   0 1 12 11 1 1 0 0 0 0 0 0
 Node 364:   0 1 12 11 0 0 0 0 0 0 1 1
 Node 365:   0 1 12 11 1 1 0 0 0 0 0 0
 Node 366:   0 1 12 11 0 0 0 0 0 0 1 1
 Node 367:   0 1 12 11 1 1 0 0 0 0 0 0
 Node 368:   0 1 12 11 0 0 0 0 0 0 1 1
 Node 369:   0 1 24 11 1 1 0 0 0 0 0 0
 Node 370:   0 2 12 11 0 0 0 0 0 0 1 1
 Node 371:   0 2 12 11 1 1 0 0 0 0 0 0
 Node 372:   0 2 12 11 0 0 0 0 0 0 1 1
 Node 373:   0 2 12 11 1 1 0 0 0 0 0 0
 Node 374:   0 2 12 11 0 0 0 0 0 0 1 1
 Node 375:   0 2 12 11 1 1 0 0 0 0 0 0
 Node 376:   0 2 12 11 0 0 0 0 0 0 1 1
 Node 377:   0 2 12 11 1 1 0 0 0 0 0 0
 Node 378:   0 2 12 11 0 0 0 0 0 0 1 1
 Node 379:   0 2 12 11 1 1 0 0 0 0 0 0
 Node 380:   0 2 12 11 0 0 0 0 0 0 1 1
 Node 381:   0 2 12 11 1 1 0 0 0 0 0 0
 Node 382:   0 2 12 11 0 0 0 0 0 0 1 1
 Node 383:   0 2 0 0 1 1 0 0 0 0 0 0
 Node 384:   0 0 13 12 0 0 0 1 0 0 1 1
 Node 385:   0 1 13 12 1 1 0 0 0 0 0 0
 Node 386:   0 1 13 12 0 0 0 0 0 0 1 1
 Node 387:   0 1 13 12 1 1 0 0 0 0 0 0
 Node 388:   0 1 13 12 0 0 0 0 0 0 1 1
 Node 389:   0 1 13 12 1 1 0 0 0 0 0 0
 Node 390:   0 1 13 12 0 0 0 0 0 0 1 1
 Node 391:   0 1 13 12 1 1 0 0 0 0 0 0
 Node 392:   0 1 13 12 0 0 0 0 0 0 1 1
 Node 393:   0 1 13 12 1 1 0 0 0 0 0 0
 Node 394:   0 1 13 12 0 0 0 0 0 0 1 1
 Node 395:   0 1 13 12 1 1 0 0 0 0 0 0
 Node 396:   0 1 13 12 0 0 0 0 0 0 1 1
 Node 397:   0 1 13 12 1 1 0 0 0 0 0 0
 Node 398:   0 1 13 12 0 0 0 0 0 0 1 1
 Node 399:   0 1 13 12 1 1 0 0 0 0 0 0
 Node 400:   0 1 13 12 0 0 0 0 0 0 1 1
 Node 401:   0 1 26 12 1 1 0 0 0 0 0 0
 Node 402:   0 2 13 12 0 0 0 0 0 0 1 1
 Node 403:   0 2 13 12 1 1 0 0 0 0 0 0
 Node 404:   0 2 13 12 0 0 0 0 0 0 1 1
 Node 405:   0 2 13 12 1 1 0 0 0 0 0 0
 Node 406:   0 2 13 12 0 0 0 0 0 0 1 1
 Node 407:   0 2 13 12 1 1 0 0 0 0 0 0
 Node 408:   0 2 13 12 0 0 0 0 0 0 1 1
 Node 409:   0 2 13 12 1 1 0 0 0 0 0 0
 Node 410:   0 2 13 12 0 0 0 0 0 0 1 1
 Node 411:   0 2 13 12 1 1 0 0 0 0 0 0
 Node 412:   0 2 13 12 0 0 0 0 0 0 1 1
 Node 413:   0 2 13 12 1 1 0 0 0 0 0 0
 Node 414:   0 2 13 12 0 0 0 0 0 0 1 1
 Node 415:   0 2 0 0 1 1 0 0 0 0 0 0
 Node 416:   0 0 14 13 0 0 0 1 0 0 1 1
 Node 417:   0 1 14 13 1 1 0 0 0 0 0 0
 Node 418:   0 1 14 13 0 0 0 0 0 0 1 1
 Node 419:   0 1 14 13 1 1 0 0 0 0 0 0
 Node 420:   0 1 14 13 0 0 0 0 0 0 1 1
 Node 421:   0 1 14 13 1 1 0 0 0 0 0 0
 Node 422:   0 1 14 13 0 0 0 0 0 0 1 1
 Node 423:   0 1 14 13 1 1 0 0 0 0 0 0
 Node 424:   0 1 14 13 0 0 0 0 0 0 1 1
 Node 425:   0 1 14 13 1 1 0 0 0 0 0 0
 Node 426:   0 1 14 13 0 0 0 0 0 0 1 1
 Node 427:   0 1 14 13 1 1 0 0 0 0 0 0
 Node 428:   0 1 14 13 0 0 0 0 0 0 1 1
 Node 429:   0 1 14 13 1 1 0 0 0 0 0 0
 Node 430:   0 1 14 13 0 0 0 0 0 0 1 1
 Node 431:   0 1 14 13 1 1 0 0 0 0 0 0
 Node 432:   0 1 14 13 0 0 0 0 0 0 1 1
 Node 433:   0 1 28 13 1 1 0 0 0 0 0 0
 Node 434:   0 2 14 13 0 0 0 0 0 0 1 1
 Node 435:   0 2 14 13 1 1 0 0 0 0 0 0
 Node 436:   0 2 14 13 0 0 0 0 0 0 1 1
 Node 437:   0 2 14 13 1 1 0 0 0 0 0 0
 Node 438:   0 2 14 13 0 0 0 0 0 0 1 1
 Node 439:   0 2 14 13 1 1 0 0 0 0 0 0
 Node 440:   0 2 14 13 0 0 0 0 0 0 1 1
 Node 441:   0 2 14 13 1 1 0 0 0 0 0 0
 Node 442:   0 2 14 13 0 0 0 0 0 0 1 1
 Node 443:   0 2 14 13 1 1 0 0 0 0 0 0
 Node 444:   0 2 14 13 0 0 0 0 0 0 1 1
 Node 445:   0 2 14 13 1 1 0 0 0 0 0 0
 Node 446:   0 2 14 13 0 0 0 0 0 0 1 1
 Node 447:   0 2 0 0 1 1 0 0 0 0 0 0
 Node 448:   0 0 15 14 0 0 0 1 0 0 1 1
 Node 449:   0 1 15 14 1 1 0 0 0 0 0 0
 Node 450:   0 1 15 14 0 0 0 0 0 0 1 1
 Node 451:   0 1 15 14 1 1 0 0 0 0 0 0
 Node 452:   0 1 15 14 0 0 0 0 0 0 1 1
 Node 453:   0 1 15 14 1 1 0 0 0 0 0 0
 Node 454:   0 1 15 14 0 0 0 0 0 0 1 1
 Node 455:   0 1 15 14 1 1 0 0 0 0 0 0
 Node 456:   0 1 15 14 0 0 0 0 0 0 1 1
 Node 457:   0 1 15 14 1 1 0 0 0 0 0 0
 Node 458:   0 1 15 14 0 0 0 0 0 0 1 1
 Node 459:   0 1 15 14 1 1 0 0 0 0 0 0
 Node 460:   0 1 15 14 0 0 0 0 0 0 1 1
 Node 461:   0 1 15 14 1 1 0 0 0 0 0 0
 Node 462:   0 1 15 14 0 0 0 0 0 0 1 1
 Node 463:   0 1 15 14 1 1 0 0 0 0 0 0
 Node 464:   0 1 15 14 0 0 0 0 0 0 1 1
 Node 465:   0 1 30 14 1 1 0 0 0 0 0 0
 Node 466:   0 2 15 14 0 0 0 0 0 0 1 1
 Node 467:   0 2 15 14 1 1 0 0 0 0 0 0
 Node 468:   0 2 15 14 0 0 0 0 0 0 1 1
 Node 469:   0 2 15 14 1 1 0 0 0 0 0 0
 Node 470:   0 2 15 14 0 0 0 0 0 0 1 1
 Node 471:   0 2 15 14 1 1 0 0 0 0 0 0
 Node 472:   0 2 15 14 0 0 0 0 0 0 1 1
 Node 473:   0 2 15 14 1 1 0 0 0 0 0 0
 Node 474:   0 2 15 14 0 0 0 0 0 0 1 1
 Node 475:   0 2 15 14 1 1 0 0 0 0 0 0
 Node 476:   0 2 15 14 0 0 0 0 0 0 1 1
 Node 477:   0 2 15 14 1 1 0 0 0 0 0 0
 Node 478:   0 2 15 14 0 0 0 0 0 0 1 1
 Node 479:   0 2 0 0 1 1 0 0 0 0 0 0
 Node 480:   0 0 16 15 0 0 0 1 0 0 1 1
 Node 481:   0 1 16 15 1 1 0 0 0 0 0 0
 Node 482:   0 1 16 15 0 0 0 0 0 0 1 1
 Node 483:   0 1 16 15 1 1 0 0 0 0 0 0
 Node 484:   0 1 16 15 0 0 0 0 0 0 1 1
 Node 485:   0 1 16 15 1 1 0 0 0 0 0 0
 Node 486:   0 1 16 15 0 0 0 0 0 0 1 1
 Node 487:   0 1 16 15 1 1 0 0 0 0 0 0
 Node 488:   0 1 16 15 0 0 0 0 0 0 1 1
 Node 489:   0 1 16 15 1 1 0 0 0 0 0 0
 Node 490:   0 1 16 15 0 0 0 0 0 0 1 1
 Node 491:   0 1 16 15 1 1 0 0 0 0 0 0
 Node 492:   0 1 16 15 0 0 0 0 0 0 1 1
 Node 493:   0 1 16 15 1 1 0 0 0 0 0 0
 Node 494:   0 1 16 15 0 0 0 0 0 0 1 1
 Node 495:   0 1 16 15 1 1 0 0 0 0 0 0
 Node 496:   0 1 16 15 0 0 0 0 0 0 1 1
 Node 497:   0 1 31 15 1 1 0 0 0 0 0 0
 Node 498:   0 2 16 15 0 0 0 0 0 0 1 1
 Node 499:   0 2 16 15 1 1 0 0 0 0 0 0
 Node 500:   0 2 16 15 0 0 0 0 0 0 1 1
 Node 501:   0 2 16 15 1 1 0 0 0 0 0 0
 Node 502:   0 2 16 15 0 0 0 0 0 0 1 1
 Node 503:   0 2 16 15 1 1 0 0 0 0 0 0
 Node 504:   0 2 16 15 0 0 0 0 0 0 1 1
 Node 505:   0 2 16 15 1 1 0 0 0 0 0 0
 Node 506:   0 2 16 15 0 0 0 0 0 0 1 1
 Node 507:   0 2 16 15 1 1 0 0 0 0 0 0
 Node 508:   0 2 16 15 0 0 0 0 0 0 1 1
 Node 509:   0 2 16 15 1 1 0 0 0 0 0 0
 Node 510:   0 2 16 15 0 0 0 0 0 0 1 1
 Node 511:   0 2 0 0 1 1 0 0 0 0 0 0
 Node 512:   0 0 15 16 0 0 0 1 0 0 1 1
 Node 513:   0 1 15 16 1 1 0 0 0 0 0 0
 Node 514:   0 1 15 16 0 0 0 0 0 0 1 1
 Node 515:   0 1 15 16 1 1 0 0 0 0 0 0
 Node 516:   0 1 15 16 0 0 0 0 0 0 1 1
 Node 517:   0 1 15 16 1 1 0 0 0 0 0 0
 Node 518:   0 1 15 16 0 0 0 0 0 0 1 1
 Node 519:   0 1 15 16 1 1 0 0 0 0 0 0
 Node 520:   0 1 15 16 0 0 0 0 0 0 1 1
 Node 521:   0 1 15 16 1 1 0 0 0 0 0 0
 Node 522:   0 1 15 16 0 0 0 0 0 0 1 1
 Node 523:   0 1 15 16 1 1 0 0 0 0 0 0
 Node 524:   0 1 15 16 0 0 0 0 0 0 1 1
 Node 525:   0 1 15 16 1 1 0 0 0 0 0 0
 Node 526:   0 1 15 16 0 0 0 0 0 0 1 1
 Node 527:   0 1 15 16 1 1 0 0 0 0 0 0
 Node 528:   0 1 15 16 0 0 0 0 0 0 1 1
 Node 529:   0 1 30 16 1 1 0 0 0 0 0 0
 Node 530:   0 2 15 16 0 0 0 0 0 0 1 1
 Node 531:   0 2 15 16 1 1 0 0 0 0 0 0
 Node 532:   0 2 15 16 0 0 0 0 0 0 1 1
 Node 533:   0 2 15 16 1 1 0 0 0 0 0 0
 Node 534:   0 2 15 16 0 0 0 0 0 0 1 1
 Node 535:   0 2 15 16 1 1 0 0 0 0 0 0
 Node 536:   0 2 15 16 0 0 0 0 0 0 1 1
 Node 537:   0 2 15 16 1 1 0 0 0 0 0 0
 Node 538:   0 2 15 16 0 0 0 0 0 0 1 1
 Node 539:   0 2 15 16 1 1 0 0 0 0 0 0
 Node 540:   0 2 15 16 0 0 0 0 0 0 1 1
 Node 541:   0 2 15 16 1 1 0 0 0 0 0 0
 Node 542:   0 2 15 16 0 0 0 0 0 0 1 1
 Node 543:   0 2 0 0 1 1 0 0 0 0 0 0
 Node 544:   0 0 14 15 0 0 0 1 0 0 1 1
 Node 545:   0 1 14 15 1 1 0 0 0 0 0 0
 Node 546:   0 1 14 15 0 0 0 0 0 0 1 1
 Node 547:   0 1 14 15 1 1 0 0 0 0 0 0
 Node 548:   0 1 14 15 0 0 0 0 0 0 1 1
 Node 549:   0 1 14 15 1 1 0 0 0 0 0 0
 Node 550:   0 1 14 15 0 0 0 0 0 0 1 1
 Node 551:   0 1 14 15 1 1 0 0 0 0 0 0
 Node 552:   0 1 14 15 0 0 0 0 0 0 1 1
 Node 553:   0 1 14 15 1 1 0 0 0 0 0 0
 Node 554:   0 1 14 15 0 0 0 0 0 0 1 1
 Node 555:   0 1 14 15 1 1 0 0 0 0 0 0
 Node 556:   0 1 14 15 0 0 0 0 0 0 1 1
 Node 557:   0 1 14 15 1 1 0 0 0 0 0 0
 Node 558:   0 1 14 15 0 0 0 0 0 0 1 1
 Node 559:   0 1 14 15 1 1 0 0 0 0 0 0
 Node 560:   0 1 14 15 0 0 0 0 0 0 1 1
 Node 561:   0 1 28 15 1 1 0 0 1 0 0 0
 Node 562:   0 2 14 15 0 0 0 0 0 0 1 1
 Node 563:   0 2 14 15 1 1 0 0 0 0 0 0
 Node 564:   0 2 14 15 0 0 0 0 0 0 1 1
 Node 565:   0 2 14 15 1 1 0 0 0 0 0 0
 Node 566:   0 2 14 15 0 0 0 0 0 0 1 1
 Node 567:   0 2 14 15 1 1 0 0 0 0 0 0
 Node 568:   0 2 14 15 0 0 0 0 0 0 1 1
 Node 569:   0 2 14 15 1 1 0 0 0 0 0 0
 Node 570:   0 2 14 15 0 0 0 0 0 0 1 1
 Node 571:   0 2 14 15 1 1 0 0 0 0 0 0
 Node 572:   0 2 14 15 0 0 0 0 0 0 1 1
 Node 573:   0 2 14 15 1 1 0 0 0 0 0 0
 Node 574:   0 2 14 15 0 0 0 0 0 0 1 1
 Node 575:   0 2 0 0 1 1 0 0 0 0 0 0
 Node 576:   0 0 13 14 0 0 0 1 0 0 1 1
 Node 577:   0 1 13 14 1 1 0 0 0 0 0 0
 Node 578:   0 1 13 14 0 0 0 0 0 0 1 1
 Node 579:   0 1 13 14 1 1 0 0 0 0 0 0
 Node 580:   0 1 13 14 0 0 0 0 0 0 1 1
 Node 581:   0 1 13 14 1 1 0 0 0 0 0 0
 Node 582:   0 1 13 14 0 0 0 0 0 0 1 1
 Node 583:   0 1 13 14 1 1 0 0 0 0 0 0
 Node 584:   0 1 13 14 0 0 0 0 0 0 1 1
 Node 585:   0 1 13 14 1 1 0 0 0 0 0 0
 Node 586:   0 1 13 14 0 0 0 0 0 0 1 1
 Node 587:   0 1 13 14 1 1 0 0 0 0 0 0
 Node 588:   0 1 13 14 0 0 0 0 0 0 1 1
 Node 589:   0 1 13 14 1 1 0 0 0 0 0 0
 Node 590:   0 1 13 14 0 0 0 0 0 0 1 1
 Node 591:   0 1 13 14 1 1 0 0 0 0 0 0
 Node 592:   0 1 13 14 0 0 0 0 0 0 1 1
 Node 593:   0 1 26 14 1 1 0 0 1 0 0 0
 Node 594:   0 2 13 14 0 0 0 0 0 0 1 1
 Node 595:   0 2 13 14 1 1 0 0 0 0 0 0
 Node 596:   0 2 13 14 0 0 0 0 0 0 1 1
 Node 597:   0 2 13 14 1 1 0 0 0 0 0 0
 Node 598:   0 2 13 14 0 0 0 0 0 0 1 1
 Node 599:   0 2 13 14 1 1 0 0 0 0 0 0
 Node 600:   0 2 13 14 0 0 0 0 0 0 1 1
 Node 601:   0 2 13 14 1 1 0 0 0 0 0 0
 Node 602:   0 2 13 14 0 0 0 0 0 0 1 1
 Node 603:   0 2 13 14 1 1 0 0 0 0 0 0
 Node 604:   0 2 13 14 0 0 0 0 0 0 1 1
 Node 605:   0 2 13 14 1 1 0 0 0 0 0 0
 Node 606:   0 2 13 14 0 0 0 0 0 0 1 1
 Node 607:   0 2 0 0 1 1 0 0 0 0 0 0
 Node 608:   0 0 12 13 0 0 0 1 0 0 1 1
 Node 609:   0 1 12 13 1 1 0 0 0 0 0 0
 Node 610:   0 1 12 13 0 0 0 0 0 0 1 1
 Node 611:   0 1 12 13 1 1 0 0 0 0 0 0
 Node 612:   0 1 12 13 0 0 0 0 0 0 1 1
 Node 613:   0 1 12 13 1 1 0 0 0 0 0 0
 Node 614:   0 1 12 13 0 0 0 0 0 0 1 1
 Node 615:   0 1 12 13 1 1 0 0 0 0 0 0
 Node 616:   0 1 12 13 0 0 0 0 0 0 1 1
 Node 617:   0 1 12 13 1 1 0 0 0 0 0 0
 Node 618:   0 1 12 13 0 0 0 0 0 0 1 1
 Node 619:   0 1 12 13 1 1 0 0 0 0 0 0
 Node 620:   0 1 12 13 0 0 0 0 0 0 1 1
 Node 621:   0 1 12 13 1 1 0 0 0 0 0 0
 Node 622:   0 1 12 13 0 0 0 0 0 0 1 1
 Node 623:   0 1 12 13 1 1 0 0 0 0 0 0
 Node 624:   0 1 12 13 0 0 0 0 0 0 1 1
 Node 625:   0 1 24 13 1 1 0 0 1 0 0 0
 Node 626:   0 2 12 13 0 0 0 0 0 0 1 1
 Node 627:   0 2 12 13 1 1 0 0 0 0 0 0
 Node 628:   0 2 12 13 0 0 0 0 0 0 1 1
 Node 629:   0 2 12 13 1 1 0 0 0 0 0 0
 Node 630:   0 2 12 13 0 0 0 0 0 0 1 1
 Node 631:   0 2 12 13 1 1 0 0 0 0 0 0
 Node 632:   0 2 12 13 0 0 0 0 0 0 1 1
 Node 633:   0 2 12 13 1 1 0 0 0 0 0 0
 Node 634:   0 2 12 13 0 0 0 0 0 0 1 1
 Node 635:   0 2 12 13 1 1 0 0 0 0 0 0
 Node 636:   0 2 12 13 0 0 0 0 0 0 1 1
 Node 637:   0 2 12 13 1 1 0 0 0 0 0 0
 Node 638:   0 2 12 13 0 0 0 0 0 0 1 1
 Node 639:   0 2 0 0 1 1 0 0 0 0 0 0
 Node 640:   0 0 11 12 0 0 0 1 0 0 1 1
 Node 641:   0 1 11 12 1 1 0 0 0 0 0 0
 Node 642:   0 1 11 12 0 0 0 0 0 0 1 1
 Node 643:   0 1 11 12 1 1 0 0 0 0 0 0
 Node 644:   0 1 11 12 0 0 0 0 0 0 1 1
 Node 645:   0 1 11 12 1 1 0 0 0 0 0 0
 Node 646:   0 1 11 12 0 0 0 0 0 0 1 1
 Node 647:   0 1 11 12 1 1 0 0 0 0 0 0
 Node 648:   0 1 11 12 0 0 0 0 0 0 1 1
 Node 649:   0 1 11 12 1 1 0 0 0 0 0 0
 Node 650:   0 1 11 12 0 0 0 0 0 0 1 1
 Node 651:   0 1 11 12 1 1 0 0 0 0 0 0
 Node 652:   0 1 11 12 0 0 0 0 0 0 1 1
 Node 653:   0 1 11 12 1 1 0 0 0 0 0 0
 Node 654:   0 1 11 12 0 0 0 0 0 0 1 1
 Node 655:   0 1 11 12 1 1 0 0 0 0 0 0
 Node 656:   0 1 11 12 0 0 0 0 0 0 1 1
 Node 657:   0 1 22 12 1 1 0 0 1 0 0 0
 Node 658:   0 2 11 12 0 0 0 0 0 0 1 1
 Node 659:   0 2 11 12 1 1 0 0 0 0 0 0
 Node 660:   0 2 11 12 0 0 0 0 0 0 1 1
 Node 661:   0 2 11 12 1 1 0 0 0 0 0 0
 Node 662:   0 2 11 12 0 0 0 0 0 0 1 1
 Node 663:   0 2 11 12 1 1 0 0 0 0 0 0
 Node 664:   0 2 11 12 0 0 0 0 0 0 1 1
 Node 665:   0 2 11 12 1 1 0 0 0 0 0 0
 Node 666:   0 2 11 12 0 0 0 0 0 0 1 1
 Node 667:   0 2 11 12 1 1 0 0 0 0 0 0
 Node 668:   0 2 11 12 0 0 0 0 0 0 1 1
 Node 669:   0 2 11 12 1 1 0 0 0 0 0 0
 Node 670:   0 2 11 12 0 0 0 0 0 0 1 1
 Node 671:   0 2 0 0 1 1 0 0 0 0 0 0
 Node 672:   0 0 10 11 0 0 0 1 0 0 1 1
 Node 673:   0 1 10 11 1 1 0 0 0 0 0 0
 Node 674:   0 1 10 11 0 0 0 0 0 0 1 1
 Node 675:   0 1 10 11 1 1 0 0 0 0 0 0
 Node 676:   0 1 10 11 0 0 0 0 0 0 1 1
 Node 677:   0 1 10 11 1 1 0 0 0 0 0 0
 Node 678:   0 1 10 11 0 0 0 0 0 0 1 1
 Node 679:   0 1 10 11 1 1 0 0 0 0 0 0
 Node 680:   0 1 10 11 0 0 0 0 0 0 1 1
 Node 681:   0 1 10 11 1 1 0 0 0 0 0 0
 Node 682:   0 1 10 11 0 0 0 0 0 0 1 1
 Node 683:   0 1 10 11 1 1 0 0 0 0 0 0
 Node 684:   0 1 10 11 0 0 0 0 0 0 1 1
 Node 685:   0 1 10 11 1 1 0 0 0 0 0 0
 Node 686:   0 1 10 11 0 0 0 0 0 0 1 1
 Node 687:   0 1 10 11 1 1 0 0 0 0 0 0
 Node 688:   0 1 10 11 0 0 0 0 0 0 1 1
 Node 689:   0 1 20 11 1 1 0 0 1 0 0 0
 Node 690:   0 2 10 11 0 0 0 0 0 0 1 1
 Node 691:   0 2 10 11 1 1 0 0 0 0 0 0
 Node 692:   0 2 10 11 0 0 0 0 0 0 1 1
 Node 693:   0 2 10 11 1 1 0 0 0 0 0 0
 Node 694:   0 2 10 11 0 0 0 0 0 0 1 1
 Node 695:   0 2 10 11 1 1 0 0 0 0 0 0
 Node 696:   0 2 10 11 0 0 0 0 0 0 1 1
 Node 697:   0 2 10 11 1 1 0 0 0 0 0 0
 Node 698:   0 2 10 11 0 0 0 0 0 0 1 1
 Node 699:   0 2 10 11 1 1 0 0 0 0 0 0
 Node 700:   0 2 10 11 0 0 0 0 0 0 1 1
 Node 701:   0 2 10 11 1 1 0 0 0 0 0 0
 Node 702:   0 2 10 11 0 0 0 0 0 0 1 1
 Node 703:   0 2 0 0 1 1 0 0 0 0 0 0
 Node 704:   0 0 9 10 0 0 0 1 0 0 1 1
 Node 705:   0 1 9 10 1 1 0 0 0 0 0 0
 Node 706:   0 1 9 10 0 0 0 0 0 0 1 1
 Node 707:   0 1 9 10 1 1 0 0 0 0 0 0
 Node 708:   0 1 9 10 0 0 0 0 0 0 1 1
 Node 709:   0 1 9 10 1 1 0 0 0 0 0 0
 Node 710:   0 1 9 10 0 0 0 0 0 0 1 1
 Node 711:   0 1 9 10 1 1 0 0 0 0 0 0
 Node 712:   0 1 9 10 0 0 0 0 0 0 1 1
 Node 713:   0 1 9 10 1 1 0 0 0 0 0 0
 Node 714:   0 1 9 10 0 0 0 0 0 0 1 1
 Node 715:   0 1 9 10 1 1 0 0 0 0 0 0
 Node 716:   0 1 9 10 0 0 0 0 0 0 1 1
 Node 717:   0 1 9 10 1 1 0 0 0 0 0 0
 Node 718:   0 1 9 10 0 0 0 0 0 0 1 1
 Node 719:   0 1 9 10 1 1 0 0 0 0 0 0
 Node 720:   0 1 9 10 0 0 0 0 0 0 1 1
 Node 721:   0 1 18 10 1 1 0 0 1 0 0 0
 Node 722:   0 2 9 10 0 0 0 0 0 0 1 1
 Node 723:   0 2 9 10 1 1 0 0 0 0 0 0
 Node 724:   0 2 9 10 0 0 0 0 0 0 1 1
 Node 725:   0 2 9 10 1 1 0 0 0 0 0 0
 Node 726:   0 2 9 10 0 0 0 0 0 0 1 1
 Node 727:   0 2 9 10 1 1 0 0 0 0 0 0
 Node 728:   0 2 9 10 0 0 0 0 0 0 1 1
 Node 729:   0 2 9 10 1 1 0 0 0 0 0 0
 Node 730:   0 2 9 10 0 0 0 0 0 0 1 1
 Node 731:   0 2 9 10 1 1 0 0 0 0 0 0
 Node 732:   0 2 9 10 0 0 0 0 0 0 1 1
 Node 733:   0 2 9 10 1 1 0 0 0 0 0 0
 Node 734:   0 2 9 10 0 0 0 0 0 0 1 1
 Node 735:   0 2 0 0 1 1 0 0 0 0 0 0
 Node 736:   0 0 8 9 0 0 0 1 0 0 1 1
 Node 737:   0 1 8 9 1 1 0 0 0 0 0 0
 Node 738:   0 1 8 9 0 0 0 0 0 0 1 1
 Node 739:   0 1 8 9 1 1 0 0 0 0 0 0
 Node 740:   0 1 8 9 0 0 0 0 0 0 1 1
 Node 741:   0 1 8 9 1 1 0 0 0 0 0 0
 Node 742:   0 1 8 9 0 0 0 0 0 0 1 1
 Node 743:   0 1 8 9 1 1 0 0 0 0 0 0
 Node 744:   0 1 8 9 0 0 0 0 0 0 1 1
 Node 745:   0 1 8 9 1 1 0 0 0 0 0 0
 Node 746:   0 1 8 9 0 0 0 0 0 0 1 1
 Node 747:   0 1 8 9 1 1 0 0 0 0 0 0
 Node 748:   0 1 8 9 0 0 0 0 0 0 1 1
 Node 749:   0 1 8 9 1 1 0 0 0 0 0 0
 Node 750:   0 1 8 9 0 0 0 0 0 0 1 1
 Node 751:   0 1 8 9 1 1 0 0 0 0 0 0
 Node 752:   0 1 8 9 0 0 0 0 0 0 1 1
 Node 753:   0 1 16 9 1 1 0 0 1 0 0 0
 Node 754:   0 2 8 9 0 0 0 0 0 0 1 1
 Node 755:   0 2 8 9 1 1 0 0 0 0 0 0
 Node 756:   0 2 8 9 0 0 0 0 0 0 1 1
 Node 757:   0 2 8 9 1 1 0 0 0 0 0 0
 Node 758:   0 2 8 9 0 0 0 0 0 0 1 1
 Node 759:   0 2 8 9 1 1 0 0 0 0 0 0
 Node 760:   0 2 8 9 0 0 0 0 0 0 1 1
 Node 761:   0 2 8 9 1 1 0 0 0 0 0 0
 Node 762:   0 2 8 9 0 0 0 0 0 0 1 1
 Node 763:   0 2 8 9 1 1 0 0 0 0 0 0
 Node 764:   0 2 8 9 0 0 0 0 0 0 1 1
 Node 765:   0 2 8 9 1 1 0 0 0 0 0 0
 Node 766:   0 2 8 9 0 0 0 0 0 0 1 1
 Node 767:   0 2 0 0 1 1 0 0 0 0 0 0
 Node 768:   0 0 7 8 0 0 0 1 0 0 1 1
 Node 769:   0 1 7 8 1 1 0 0 0 0 0 0
 Node 770:   0 1 7 8 0 0 0 0 0 0 1 1
 Node 771:   0 1 7 8 1 1 0 0 0 0 0 0
 Node 772:   0 1 7 8 0 0 0 0 0 0 1 1
 Node 773:   0 1 7 8 1 1 0 0 0 0 0 0
 Node 774:   0 1 7 8 0 0 0 0 0 0 1 1
 Node 775:   0 1 7 8 1 1 0 0 0 0 0 0
 Node 776:   0 1 7 8 0 0 0 0 0 0 1 1
 Node 777:   0 1 7 8 1 1 0 0 0 0 0 0
 Node 778:   0 1 7 8 0 0 0 0 0 0 1 1
 Node 779:   0 1 7 8 1 1 0 0 0 0 0 0
 Node 780:   0 1 7 8 0 0 0 0 0 0 1 1
 Node 781:   0 1 7 8 1 1 0 0 0 0 0 0
 Node 782:   0 1 7 8 0 0 0 0 0 0 1 1
 Node 783:   0 1 7 8 1 1 0 0 0 0 0 0
 Node 784:   0 1 7 8 0 0 0 0 0 0 1 1
 Node 785:   0 1 14 8 1 1 0 0 1 0 0 0
 Node 786:   0 2 7 8 0 0 0 0 0 0 1 1
 Node 787:   0 2 7 8 1 1 0 0 0 0 0 0
 Node 788:   0 2 7 8 0 0 0 0 0 0 1 1
 Node 789:   0 2 7 8 1 1 0 0 0 0 0 0
 Node 790:   0 2 7 8 0 0 0 0 0 0 1 1
 Node 791:   0 2 7 8 1 1 0 0 0 0 0 0
 Node 792:   0 2 7 8 0 0 0 0 0 0 1 1
 Node 793:   0 2 7 8 1 1 0 0 0 0 0 0
 Node 794:   0 2 7 8 0 0 0 0 0 0 1 1
 Node 795:   0 2 7 8 1 1 0 0 0 0 0 0
 Node 796:   0 2 7 8 0 0 0 0 0 0 1 1
 Node 797:   0 2 7 8 1 1 0 0 0 0 0 0
 Node 798:   0 2 7 8 0 0 0 0 0 0 1 1
 Node 799:   0 2 0 0 1 1 0 0 0 0 0 0
 Node 800:   0 0 6 7 0 0 0 1 0 0 1 1
 Node 801:   0 1 6 7 1 1 0 0 0 0 0 0
 Node 802:   0 1 6 7 0 0 0 0 0 0 1 1
 Node 803:   0 1 6 7 1 1 0 0 0 0 0 0
 Node 804:   0 1 6 7 0 0 0 0 0 0 1 1
 Node 805:   0 1 6 7 1 1 0 0 0 0 0 0
 Node 806:   0 1 6 7 0 0 0 0 0 0 1 1
 Node 807:   0 1 6 7 1 1 0 0 0 0 0 0
 Node 808:   0 1 6 7 0 0 0 0 0 0 1 1
 Node 809:   0 1 6 7 1 1 0 0 0 0 0 0
 Node 810:   0 1 6 7 0 0 0 0 0 0 1 1
 Node 811:   0 1 6 7 1 1 0 0 0 0 0 0
 Node 812:   0 1 6 7 0 0 0 0 0 0 1 1
 Node 813:   0 1 6 7 1 1 0 0 0 0 0 0
 Node 814:   0 1 6 7 0 0 0 0 0 0 1 1
 Node 815:   0 1 6 7 1 1 0 0 0 0 0 0
 Node 816:   0 1 6 7 0 0 0 0 0 0 1 1
 Node 817:   0 1 12 7 1 1 0 0 1 0 0 0
 Node 818:   0 2 6 7 0 0 0 0 0 0 1 1
 Node 819:   0 2 6 7 1 1 0 0 0 0 0 0
 Node 820:   0 2 6 7 0 0 0 0 0 0 1 1
 Node 821:   0 2 6 7 1 1 0 0 0 0 0 0
 Node 822:   0 2 6 7 0 0 0 0 0 0 1 1
 Node 823:   0 2 6 7 1 1 0 0 0 0 0 0
 Node 824:   0 2 6 7 0 0 0 0 0 0 1 1
 Node 825:   0 2 6 7 1 1 0 0 0 0 0 0
 Node 826:   0 2 6 7 0 0 0 0 0 0 1 1
 Node 827:   0 2 6 7 1 1 0 0 0 0 0 0
 Node 828:   0 2 6 7 0 0 0 0 0 0 1 1
 Node 829:   0 2 6 7 1 1 0 0 0 0 0 0
 Node 830:   0 2 6 7 0 0 0 0 0 0 1 1
 Node 831:   0 2 0 0 1 1 0 0 0 0 0 0
 Node 832:   0 0 5 6 0 0 0 1 0 0 1 1
 Node 833:   0 1 5 6 1 1 0 0 0 0 0 0
 Node 834:   0 1 5 6 0 0 0 0 0 0 1 1
 Node 835:   0 1 5 6 1 1 0 0 0 0 0 0
 Node 836:   0 1 5 6 0 0 0 0 0 0 1 1
 Node 837:   0 1 5 6 1 1 0 0 0 0 0 0
 Node 838:   0 1 5 6 0 0 0 0 0 0 1 1
 Node 839:   0 1 5 6 1 1 0 0 0 0 0 0
 Node 840:   0 1 5 6 0 0 0 0 0 0 1 1
 Node 841:   0 1 5 6 1 1 0 0 0 0 0 0
 Node 842:   0 1 5 6 0 0 0 0 0 0 1 1
 Node 843:   0 1 5 6 1 1 0 0 0 0 0 0
 Node 844:   0 1 5 6 0 0 0 0 0 0 1 1
 Node 845:   0 1 5 6 1 1 0 0 0 0 0 0
 Node 846:   0 1 5 6 0 0 0 0 0 0 1 1
 Node 847:   0 1 5 6 1 1 0 0 0 0 0 0
 Node 848:   0 1 5 6 0 0 0 0 0 0 1 1
 Node 849:   0 1 10 6 1 1 0 0 1 0 0 0
 Node 850:   0 2 5 6 0 0 0 0 0 0 1 1
 Node 851:   0 2 5 6 1 1 0 0 0 0 0 0
 Node 852:   0 2 5 6 0 0 0 0 0 0 1 1
 Node 853:   0 2 5 6 1 1 0 0 0 0 0 0
 Node 854:   0 2 5 6 0 0 0 0 0 0 1 1
 Node 855:   0 2 5 6 1 1 0 0 0 0 0 0
 Node 856:   0 2 5 6 0 0 0 0 0 0 1 1
 Node 857:   0 2 5 6 1 1 0 0 0 0 0 0
 Node 858:   0 2 5 6 0 0 0 0 0 0 1 1
 Node 859:   0 2 5 6 1 1 0 0 0 0 0 0
 Node 860:   0 2 5 6 0 0 0 0 0 0 1 1
 Node 861:   0 2 5 6 1 1 0 0 0 0 0 0
 Node 862:   0 2 5 6 0 0 0 0 0 0 1 1
 Node 863:   0 2 0 0 1 1 0 0 0 0 0 0
 Node 864:   0 0 4 5 0 0 0 1 0 0 1 1
 Node 865:   0 1 4 5 1 1 0 0 0 0 0 0
 Node 866:   0 1 4 5 0 0 0 0 0 0 1 1
 Node 867:   0 1 4 5 1 1 0 0 0 0 0 0
 Node 868:   0 1 4 5 0 0 0 0 0 0 1 1
 Node 869:   0 1 4 5 1 1 0 0 0 0 0 0
 Node 870:   0 1 4 5 0 0 0 0 0 0 1 1
 Node 871:   0 1 4 5 1 1 0 0 0 0 0 0
 Node 872:   0 1 4 5 0 0 0 0 0 0 1 1
 Node 873:   0 1 4 5 1 1 0 0 0 0 0 0
 Node 874:   0 1 4 5 0 0 0 0 0 0 1 1
 Node 875:   0 1 4 5 1 1 0 0 0 0 0 0
 Node 876:   0 1 4 5 0 0 0 0 0 0 1 1
 Node 877:   0 1 4 5 1 1 0 0 0 0 0 0
 Node 878:   0 1 4 5 0 0 0 0 0 0 1 1
 Node 879:   0 1 4 5 1 1 0 0 0 0 0 0
 Node 880:   0 1 4 5 0 0 0 0 0 0 1 1
 Node 881:   0 1 8 5 1 1 0 0 1 0 0 0
 Node 882:   0 2 4 5 0 0 0 0 0 0 1 1
 Node 883:   0 2 4 5 1 1 0 0 0 0 0 0
 Node 884:   0 2 4 5 0 0 0 0 0 0 1 1
 Node 885:   0 2 4 5 1 1 0 0 0 0 0 0
 Node 886:   0 2 4 5 0 0 0 0 0 0 1 1
 Node 887:   0 2 4 5 1 1 0 0 0 0 0 0
 Node 888:   0 2 4 5 0 0 0 0 0 0 1 1
 Node 889:   0 2 4 5 1 1 0 0 0 0 0 0
 Node 890:   0 2 4 5 0 0 0 0 0 0 1 1
 Node 891:   0 2 4 5 1 1 0 0 0 0 0 0
 Node 892:   0 2 4 5 0 0 0 0 0 0 1 1
 Node 893:   0 2 4 5 1 1 0 0 0 0 0 0
 Node 894:   0 2 4 5 0 0 0 0 0 0 1 1
 Node 895:   0 2 0 0 1 1 0 0 0 0 0 0
 Node 896:   0 0 3 4 0 0 0 1 0 0 1 1
 Node 897:   0 1 3 4 1 1 0 0 0 0 0 0
 Node 898:   0 1 3 4 0 0 0 0 0 0 1 1
 Node 899:   0 1 3 4 1 1 0 0 0 0 0 0
 Node 900:   0 1 3 4 0 0 0 0 0 0 1 1
 Node 901:   0 1 3 4 1 1 0 0 0 0 0 0
 Node 902:   0 1 3 4 0 0 0 0 0 0 1 1
 Node 903:   0 1 3 4 1 1 0 0 0 0 0 0
 Node 904:   0 1 3 4 0 0 0 0 0 0 1 1
 Node 905:   0 1 3 4 1 1 0 0 0 0 0 0
 Node 906:   0 1 3 4 0 0 0 0 0 0 1 1
 Node 907:   0 1 3 4 1 1 0 0 0 0 0 0
 Node 908:   0 1 3 4 0 0 0 0 0 0 1 1
 Node 909:   0 1 3 4 1 1 0 0 0 0 0 0
 Node 910:   0 1 3 4 0 0 0 0 0 0 1 1
 Node 911:   0 1 3 4 1 1 0 0 0 0 0 0
 Node 912:   0 1 3 4 0 0 0 0 0 0 1 1
 Node 913:   0 1 6 4 1 1 0 0 1 0 0 0
 Node 914:   0 2 3 4 0 0 0 0 0 0 1 1
 Node 915:   0 2 3 4 1 1 0 0 0 0 0 0
 Node 916:   0 2 3 4 0 0 0 0 0 0 1 1
 Node 917:   0 2 3 4 1 1 0 0 0 0 0 0
 Node 918:   0 2 3 4 0 0 0 0 0 0 1 1
 Node 919:   0 2 3 4 1 1 0 0 0 0 0 0
 Node 920:   0 2 3 4 0 0 0 0 0 0 1 1
 Node 921:   0 2 3 4 1 1 0 0 0 0 0 0
 Node 922:   0 2 3 4 0 0 0 0 0 0 1 1
 Node 923:   0 2 3 4 1 1 0 0 0 0 0 0
 Node 924:   0 2 3 4 0 0 0 0 0 0 1 1
 Node 925:   0 2 3 4 1 1 0 0 0 0 0 0
 Node 926:   0 2 3 4 0 0 0 0 0 0 1 1
 Node 927:   0 2 0 0 1 1 0 0 0 0 0 0
 Node 928:   0 0 2 3 0 0 0 1 0 0 1 1
 Node 929:   0 1 2 3 1 1 0 0 0 0 0 0
 Node 930:   0 1 2 3 0 0 0 0 0 0 1 1
 Node 931:   0 1 2 3 1 1 0 0 0 0 0 0
 Node 932:   0 1 2 3 0 0 0 0 0 0 1 1
 Node 933:   0 1 2 3 1 1 0 0 0 0 0 0
 Node 934:   0 1 2 3 0 0 0 0 0 0 1 1
 Node 935:   0 1 2 3 1 1 0 0 0 0 0 0
 Node 936:   0 1 2 3 0 0 0 0 0 0 1 1
 Node 937:   0 1 2 3 1 1 0 0 0 0 0 0
 Node 938:   0 1 2 3 0 0 0 0 0 0 1 1
 Node 939:   0 1 2 3 1 1 0 0 0 0 0 0
 Node 940:   0 1 2 3 0 0 0 0 0 0 1 1
 Node 941:   0 1 2 3 1 1 0 0 0 0 0 0
 Node 942:   0 1 2 3 0 0 0 0 0 0 1 1
 Node 943:   0 1 2 3 1 1 0 0 0 0 0 0
 Node 944:   0 1 2 3 0 0 0 0 0 0 1 1
 Node 945:   0 1 4 3 1 1 0 0 1 0 0 0
 Node 946:   0 2 2 3 0 0 0 0 0 0 1 1
 Node 947:   0 2 2 3 1 1 0 0 0 0 0 0
 Node 948:   0 2 2 3 0 0 0 0 0 0 1 1
 Node 949:   0 2 2 3 1 1 0 0 0 0 0 0
 Node 950:   0 2 2 3 0 0 0 0 0 0 1 1
 Node 951:   0 2 2 3 1 1 0 0 0 0 0 0
 Node 952:   0 2 2 3 0 0 0 0 0 0 1 1
 Node 953:   0 2 2 3 1 1 0 0 0 0 0 0
 Node 954:   0 2 2 3 0 0 0 0 0 0 1 1
 Node 955:   0 2 2 3 1 1 0 0 0 0 0 0
 Node 956:   0 2 2 3 0 0 0 0 0 0 1 1
 Node 957:   0 2 2 3 1 1 0 0 0 0 0 0
 Node 958:   0 2 2 3 0 0 0 0 0 0 1 1
 Node 959:   0 2 0 0 1 1 0 0 0 0 0 0
 Node 960:   0 0 1 2 0 0 0 1 0 0 1 1
 Node 961:   0 1 1 2 1 1 0 0 0 0 0 0
 Node 962:   0 1 1 2 0 0 0 0 0 0 1 1
 Node 963:   0 1 1 2 1 1 0 0 0 0 0 0
 Node 964:   0 1 1 2 0 0 0 0 0 0 1 1
 Node 965:   0 1 1 2 1 1 0 0 0 0 0 0
 Node 966:   0 1 1 2 0 0 0 0 0 0 1 1
 Node 967:   0 1 1 2 1 1 0 0 0 0 0 0
 Node 968:   0 1 1 2 0 0 0 0 0 0 1 1
 Node 969:   0 1 1 2 1 1 0 0 0 0 0 0
 Node 970:   0 1 1 2 0 0 0 0 0 0 1 1
 Node 971:   0 1 1 2 1 1 0 0 0 0 0 0
 Node 972:   0 1 1 2 0 0 0 0 0 0 1 1
 Node 973:   0 1 1 2 1 1 0 0 0 0 0 0
 Node 974:   0 1 1 2 0 0 0 0 0 0 1 1
 Node 975:   0 1 1 2 1 1 0 0 0 0 0 0
 Node 976:   0 1 1 2 0 0 0 0 0 0 1 1
 Node 977:   0 1 2 2 1 1 0 0 1 0 0 0
 Node 978:   0 2 1 2 0 0 0 0 0 0 1 1
 Node 979:   0 2 1 2 1 1 0 0 0 0 0 0
 Node 980:   0 2 1 2 0 0 0 0 0 0 1 1
 Node 981:   0 2 1 2 1 1 0 0 0 0 0 0
 Node 982:   0 2 1 2 0 0 0 0 0 0 1 1
 Node 983:   0 2 1 2 1 1 0 0 0 0 0 0
 Node 984:   0 2 1 2 0 0 0 0 0 0 1 1
 Node 985:   0 2 1 2 1 1 0 0 0 0 0 0
 Node 986:   0 2 1 2 0 0 0 0 0 0 1 1
 Node 987:   0 2 1 2 1 1 0 0 0 0 0 0
 Node 988:   0 2 1 2 0 0 0 0 0 0 1 1
 Node 989:   0 2 1 2 1 1 0 0 0 0 0 0
 Node 990:   0 2 1 2 0 0 0 0 0 0 1 1
 Node 991:   0 2 0 0 1 1 0 0 0 0 0 0
 Node 992:   0 0 0 1 0 0 0 1 0 0 1 1
 Node 993:   0 1 0 1 1 1 0 0 0 0 0 0
 Node 994:   0 1 0 1 0 0 0 0 0 0 1 1
 Node 995:   0 1 0 1 1 1 0 0 0 0 0 0
 Node 996:   0 1 0 1 0 0 0 0 0 0 1 1
 Node 997:   0 1 0 1 1 1 0 0 0 0 0 0
 Node 998:   0 1 0 1 0 0 0 0 0 0 1 1
 Node 999:   0 1 0 1 1 1 0 0 0 0 0 0
 Node 1000:   0 1 0 1 0 0 0 0 0 0 1 1
 Node 1001:   0 1 0 1 1 1 0 0 0 0 0 0
 Node 1002:   0 1 0 1 0 0 0 0 0 0 1 1
 Node 1003:   0 1 0 1 1 1 0 0 0 0 0 0
 Node 1004:   0 1 0 1 0 0 0 0 0 0 1 1
 Node 1005:   0 1 0 1 1 1 0 0 0 0 0 0
 Node 1006:   0 1 0 1 0 0 0 0 0 0 1 1
 Node 1007:   0 1 0 1 1 1 0 0 0 0 0 0
 Node 1008:   0 1 0 1 0 0 0 0 0 0 1 1
 Node 1009:   0 1 0 1 1 1 0 0 1 0 0 0
 Node 1010:   0 2 0 1 0 0 0 0 0 0 1 1
 Node 1011:   0 2 0 1 1 1 0 0 0 0 0 0
 Node 1012:   0 2 0 1 0 0 0 0 0 0 1 1
 Node 1013:   0 2 0 1 1 1 0 0 0 0 0 0
 Node 1014:   0 2 0 1 0 0 0 0 0 0 1 1
 Node 1015:   0 2 0 1 1 1 0 0 0 0 0 0
 Node 1016:   0 2 0 1 0 0 0 0 0 0 1 1
 Node 1017:   0 2 0 1 1 1 0 0 0 0 0 0
 Node 1018:   0 2 0 1 0 0 0 0 0 0 1 1
 Node 1019:   0 2 0 1 1 1 0 0 0 0 0 0
 Node 1020:   0 2 0 1 0 0 0 0 0 0 1 1
 Node 1021:   0 2 0 1 1 1 0 0 0 0 0 0
 Node 1022:   0 2 0 1 0 0 0 0 0 0 1 1
 Node 1023:   0 2 0 0 1 1 0 0 0 0 0 0

(Maximum) Crossing Paths: 31
The number of paths on this application : 1024 (all-to-all cases: 1047552)
The average hops : 18.201172
ID size(without ID modification)31
total_slots: 17614
avg_slots: 4.300293
unused_total_slots: 109362
unused_avg_slots: 26.699707

