ID Allocation Policy is 0(low port first) / 1(Crossing Paths based method): 1
Address method is 0(destination_based) / 1(path_based): 1
 dst_based renewable label = 11
 path_based renewable label = 12


 (east, west, south, north, from host0,... east(vch2), south(vch2), west(vch2), north(vch2), from host(vch2)0,.. to host(vch2)0,..
 Node  0:   3 0 0 0 0 0 0 3 0 3 1 0
 Node  1:   4 0 1 0 0 0 0 2 0 2 1 0
 Node  2:   4 1 2 0 1 0 0 2 0 2 0 0
 Node  3:   5 1 2 0 0 0 0 1 0 2 1 1
 Node  4:   4 1 3 0 0 0 0 2 0 0 1 0
 Node  5:   3 1 3 0 0 0 0 1 0 4 1 0
 Node  6:   4 1 3 0 0 0 0 0 0 3 1 0
 Node  7:   4 1 4 0 1 1 0 2 0 2 0 0
 Node  8:   5 1 3 0 0 0 0 2 0 1 1 0
 Node  9:   5 2 0 0 1 1 0 2 0 2 0 0
 Node 10:   4 2 3 0 1 0 0 1 0 0 0 0
 Node 11:   5 2 4 0 1 0 0 0 0 5 0 0
 Node 12:   5 3 1 0 1 0 0 0 0 4 0 1
 Node 13:   4 4 4 0 1 0 0 0 0 1 0 0
 Node 14:   3 4 2 0 1 1 0 0 0 3 0 0
 Node 15:   4 4 2 0 0 0 0 0 0 1 1 1
 Node 16:   4 4 3 0 1 1 0 0 0 3 0 0
 Node 17:   4 5 2 0 0 3 0 0 0 4 1 0
 Node 18:   5 4 0 0 1 0 0 0 0 4 0 1
 Node 19:   5 5 5 0 0 0 0 0 0 3 1 0
 Node 20:   5 6 3 0 1 0 0 0 0 2 0 0
 Node 21:   5 6 2 0 0 0 0 0 0 1 1 0
 Node 22:   6 6 2 0 1 1 0 0 0 0 0 0
 Node 23:   6 6 1 0 1 0 0 0 0 1 0 0
 Node 24:   3 5 0 0 0 1 0 0 0 5 1 1
 Node 25:   2 5 3 0 0 1 0 0 0 1 1 0
 Node 26:   2 4 3 0 1 0 1 0 0 0 0 1
 Node 27:   1 4 5 0 1 1 1 0 0 1 0 0
 Node 28:   1 3 1 0 1 0 1 0 0 0 0 1
 Node 29:   1 2 4 0 0 0 2 0 0 3 1 1
 Node 30:   1 2 4 0 0 1 2 0 0 1 1 1
 Node 31:   0 1 1 0 1 0 3 0 0 4 0 0
 Node 32:   2 0 0 0 0 1 0 4 0 3 1 1
 Node 33:   2 0 2 0 1 0 0 3 0 1 0 0
 Node 34:   2 1 2 0 1 0 0 2 0 2 0 1
 Node 35:   1 2 2 1 1 3 0 1 0 2 0 1
 Node 36:   1 3 3 0 0 1 0 0 0 0 1 0
 Node 37:   1 2 2 0 0 0 0 0 0 3 1 2
 Node 38:   2 2 2 0 1 0 0 0 0 3 0 0
 Node 39:   3 3 3 0 0 1 0 1 0 1 1 0
 Node 40:   3 4 3 0 1 0 0 1 0 1 0 0
 Node 41:   4 4 0 0 0 0 0 0 0 4 1 1
 Node 42:   4 4 4 0 1 0 0 0 0 0 0 0
 Node 43:   5 4 3 0 0 1 0 0 0 5 1 0
 Node 44:   5 5 0 1 0 0 0 0 0 2 1 1
 Node 45:   6 4 4 0 0 1 0 0 0 0 1 0
 Node 46:   6 4 2 0 1 0 0 0 0 1 0 2
 Node 47:   7 3 3 1 1 2 0 0 0 1 0 0
 Node 48:   6 5 2 1 1 1 0 0 0 3 0 0
 Node 49:   5 5 2 0 1 0 0 0 0 4 0 0
 Node 50:   4 4 1 1 0 1 0 0 0 4 1 1
 Node 51:   3 4 7 0 1 1 0 0 0 2 0 2
 Node 52:   3 7 3 0 0 2 0 0 0 1 1 0
 Node 53:   2 6 1 0 0 0 0 0 0 2 1 0
 Node 54:   2 5 3 0 0 1 0 0 0 0 1 2
 Node 55:   1 5 1 0 0 1 0 0 0 1 1 1
 Node 56:   2 4 0 1 0 0 0 0 0 1 1 0
 Node 57:   2 4 3 1 0 0 0 0 0 1 1 1
 Node 58:   2 3 2 0 0 0 1 0 0 0 1 0
 Node 59:   1 3 5 0 0 0 1 0 0 1 1 0
 Node 60:   2 2 1 1 0 1 1 0 0 0 1 0
 Node 61:   2 4 3 0 1 0 1 0 0 3 0 0
 Node 62:   1 3 6 2 1 0 2 0 0 1 0 0
 Node 63:   0 4 2 0 1 1 3 0 0 2 0 0
 Node 64:   0 0 0 1 0 0 0 1 0 3 1 2
 Node 65:   1 0 2 1 0 0 0 0 0 1 1 0
 Node 66:   1 0 2 0 0 1 0 1 0 4 1 2
 Node 67:   2 0 2 1 1 1 0 0 0 0 0 0
 Node 68:   3 0 2 0 0 1 0 0 0 0 1 0
 Node 69:   3 0 3 1 0 1 0 0 0 2 1 0
 Node 70:   3 1 2 0 1 2 0 0 0 2 0 1
 Node 71:   3 3 3 0 0 1 0 0 0 1 1 0
 Node 72:   3 3 4 1 0 1 0 1 0 1 1 2
 Node 73:   4 4 0 1 0 0 0 0 0 5 1 1
 Node 74:   4 4 4 0 1 1 0 0 0 0 0 0
 Node 75:   2 4 4 0 0 0 0 0 0 4 1 0
 Node 76:   2 4 1 2 1 0 0 0 0 2 0 2
 Node 77:   2 4 5 0 1 4 0 0 0 1 0 0
 Node 78:   2 5 3 1 1 0 0 0 0 2 0 2
 Node 79:   3 6 3 1 1 2 0 0 0 0 0 0
 Node 80:   2 6 4 1 1 0 0 0 0 1 0 0
 Node 81:   2 6 4 0 0 1 0 0 0 4 1 0
 Node 82:   2 8 1 3 1 0 0 0 0 4 0 0
 Node 83:   2 8 5 0 0 1 0 0 0 0 1 1
 Node 84:   3 7 3 2 1 1 0 0 0 2 0 0
 Node 85:   4 7 1 1 1 0 0 0 0 1 0 0
 Node 86:   4 7 3 0 1 1 0 0 0 0 0 1
 Node 87:   5 6 2 0 1 0 0 0 0 1 0 1
 Node 88:   2 7 2 1 0 1 0 0 0 1 1 0
 Node 89:   2 6 3 1 1 0 0 0 0 1 0 2
 Node 90:   1 5 2 0 0 0 0 0 0 1 1 0
 Node 91:   2 4 4 0 1 1 0 0 0 0 0 1
 Node 92:   1 4 2 0 0 0 0 0 0 0 1 0
 Node 93:   1 3 2 0 1 1 0 0 0 3 0 1
 Node 94:   0 2 5 2 0 0 0 0 0 2 1 0
 Node 95:   0 1 1 0 1 0 0 0 0 3 0 0
 Node 96:   1 0 0 1 0 2 0 2 0 3 1 1
 Node 97:   2 1 2 1 0 1 0 1 0 0 1 0
 Node 98:   3 1 2 0 1 0 0 1 0 4 0 0
 Node 99:   3 3 1 2 1 1 0 1 0 1 0 0
 Node 100:   3 2 1 0 0 0 0 1 0 0 1 1
 Node 101:   3 2 3 2 1 3 0 0 0 1 0 0
 Node 102:   4 2 3 0 1 1 0 0 0 0 0 0
 Node 103:   4 3 3 0 1 0 0 1 0 0 0 3
 Node 104:   4 2 5 3 1 1 0 1 0 1 0 1
 Node 105:   4 2 0 1 1 0 0 1 0 5 0 0
 Node 106:   5 3 4 1 1 1 0 0 0 0 0 0
 Node 107:   5 4 6 0 1 0 0 0 0 3 0 0
 Node 108:   5 7 1 3 0 0 0 0 0 2 1 0
 Node 109:   4 7 6 1 1 0 0 0 0 1 0 0
 Node 110:   5 6 3 2 1 1 0 0 0 1 0 2
 Node 111:   5 8 3 2 0 1 0 0 0 1 1 2
 Node 112:   4 7 5 1 0 0 0 0 0 2 1 1
 Node 113:   3 6 4 1 0 0 0 0 0 4 1 1
 Node 114:   2 6 2 3 0 0 0 0 0 3 1 0
 Node 115:   2 6 5 1 1 0 0 0 0 0 0 0
 Node 116:   2 5 3 3 1 2 0 0 0 2 0 0
 Node 117:   3 5 2 1 0 1 0 0 0 1 1 0
 Node 118:   1 6 3 0 0 1 0 0 0 1 1 0
 Node 119:   2 5 3 0 0 0 0 0 0 1 1 0
 Node 120:   2 6 2 1 1 0 0 0 0 0 0 0
 Node 121:   2 5 3 3 1 2 1 0 0 1 0 0
 Node 122:   2 5 3 0 1 0 1 0 0 0 0 2
 Node 123:   1 5 4 2 1 0 1 0 0 0 0 0
 Node 124:   1 5 2 1 0 0 1 0 0 0 1 0
 Node 125:   0 4 2 1 1 1 1 0 0 3 0 0
 Node 126:   0 3 5 2 0 2 1 0 0 2 1 1
 Node 127:   0 2 1 1 0 0 2 0 0 2 1 0
 Node 128:   3 0 0 1 1 0 0 0 0 1 0 0
 Node 129:   3 0 2 1 0 2 0 1 0 0 1 0
 Node 130:   4 0 2 0 1 1 0 1 0 2 0 0
 Node 131:   4 1 3 2 1 1 0 1 0 1 0 1
 Node 132:   5 3 2 0 0 0 0 0 0 0 1 1
 Node 133:   5 4 4 4 0 1 0 0 0 0 1 0
 Node 134:   6 4 3 1 0 0 0 0 0 0 1 1
 Node 135:   7 4 2 2 1 0 0 0 0 0 0 3
 Node 136:   5 4 5 3 1 2 0 0 0 3 0 0
 Node 137:   4 4 0 1 1 0 0 1 0 4 0 2
 Node 138:   4 5 4 1 0 0 0 0 0 1 1 0
 Node 139:   4 4 6 0 0 0 0 0 0 1 1 1
 Node 140:   4 3 1 3 1 0 0 0 0 1 0 0
 Node 141:   5 2 6 1 1 0 0 0 0 1 0 1
 Node 142:   6 2 3 2 0 0 0 0 0 0 1 0
 Node 143:   5 3 3 5 0 0 0 0 0 1 1 0
 Node 144:   4 3 4 2 1 2 0 0 0 3 0 1
 Node 145:   4 2 5 1 0 0 0 0 0 2 1 0
 Node 146:   5 2 3 3 0 0 0 0 0 3 1 0
 Node 147:   5 4 5 1 0 3 0 0 0 0 1 1
 Node 148:   4 4 4 4 0 0 0 0 0 1 1 1
 Node 149:   4 3 1 2 1 0 0 0 0 1 0 0
 Node 150:   4 2 4 0 1 0 1 0 0 0 0 0
 Node 151:   3 3 4 0 0 0 1 0 0 1 1 1
 Node 152:   2 3 3 1 0 0 2 0 0 0 1 0
 Node 153:   1 3 4 4 1 0 2 0 0 1 0 0
 Node 154:   1 3 4 1 0 2 2 0 0 0 1 0
 Node 155:   1 3 4 1 1 0 2 0 0 0 0 0
 Node 156:   1 2 2 2 0 0 3 0 0 0 1 0
 Node 157:   1 2 3 1 1 0 2 0 0 2 0 2
 Node 158:   1 2 3 3 0 2 2 0 0 2 1 1
 Node 159:   0 1 1 1 1 0 2 0 0 2 0 0
 Node 160:   1 0 2 0 1 0 0 2 0 1 0 0
 Node 161:   1 2 3 0 1 0 0 2 0 1 0 0
 Node 162:   2 2 2 1 1 0 0 2 0 1 0 0
 Node 163:   1 2 4 3 0 0 0 2 0 1 1 0
 Node 164:   0 4 3 0 0 2 0 1 0 0 1 1
 Node 165:   1 3 5 5 1 0 0 1 0 0 0 2
 Node 166:   1 4 4 1 1 0 0 1 0 0 0 1
 Node 167:   1 5 2 2 1 0 0 0 0 0 0 0
 Node 168:   1 4 5 3 0 0 0 0 0 1 1 0
 Node 169:   2 3 0 3 0 1 0 0 0 2 1 1
 Node 170:   2 3 4 1 1 0 0 0 0 2 0 0
 Node 171:   3 2 6 1 0 0 0 0 0 2 1 0
 Node 172:   4 2 3 3 0 0 0 0 0 1 1 0
 Node 173:   4 4 6 2 1 0 0 0 0 1 0 0
 Node 174:   4 4 2 1 0 0 0 0 0 1 1 0
 Node 175:   4 4 3 4 0 0 0 0 0 1 1 0
 Node 176:   4 3 3 4 1 0 0 0 0 2 0 2
 Node 177:   3 3 6 1 0 0 0 0 0 2 1 1
 Node 178:   3 3 2 3 0 1 0 0 0 2 1 0
 Node 179:   3 2 7 1 0 1 0 0 0 0 1 2
 Node 180:   4 3 5 4 1 2 0 0 0 1 0 0
 Node 181:   5 4 1 2 0 0 0 0 0 1 1 1
 Node 182:   5 4 4 0 0 0 0 0 0 0 1 0
 Node 183:   3 3 7 0 0 0 1 0 0 0 1 1
 Node 184:   3 4 5 1 1 2 1 0 0 2 0 1
 Node 185:   2 6 3 3 1 0 1 0 0 1 0 0
 Node 186:   2 5 4 3 0 0 1 0 0 0 1 0
 Node 187:   1 4 6 1 1 0 0 0 0 0 0 0
 Node 188:   0 3 3 3 1 1 0 0 0 0 0 1
 Node 189:   0 2 3 2 1 0 0 0 0 1 0 0
 Node 190:   0 1 4 5 0 0 1 0 0 2 1 0
 Node 191:   0 2 1 1 0 1 1 0 0 1 1 0
 Node 192:   2 0 1 0 0 1 0 3 0 0 1 1
 Node 193:   2 1 3 0 1 1 0 2 0 2 0 0
 Node 194:   2 1 2 1 1 2 0 2 0 1 0 1
 Node 195:   3 1 4 1 0 0 0 1 0 1 1 0
 Node 196:   3 1 4 2 0 0 0 1 0 0 1 0
 Node 197:   2 2 6 6 1 0 0 0 0 0 0 0
 Node 198:   1 2 4 1 0 0 0 0 0 0 1 0
 Node 199:   1 1 2 2 1 0 0 0 0 0 0 0
 Node 200:   2 0 6 3 0 0 0 0 0 1 1 0
 Node 201:   3 3 0 4 1 0 0 0 0 2 0 0
 Node 202:   3 5 4 1 1 0 0 0 0 2 0 1
 Node 203:   3 5 6 1 1 0 0 0 0 3 0 0
 Node 204:   2 6 3 3 0 0 0 0 0 2 1 0
 Node 205:   2 5 6 2 1 0 0 0 0 0 0 0
 Node 206:   2 4 4 1 1 1 0 0 0 0 0 0
 Node 207:   2 5 3 4 0 0 0 0 0 1 1 0
 Node 208:   3 5 2 5 1 1 0 0 0 1 0 1
 Node 209:   2 5 7 1 0 0 0 0 0 1 1 0
 Node 210:   1 5 2 3 1 0 0 0 0 2 0 2
 Node 211:   2 6 7 4 0 0 0 0 0 0 1 0
 Node 212:   3 6 4 5 0 0 0 0 0 1 1 2
 Node 213:   2 6 1 3 0 0 1 0 0 1 1 0
 Node 214:   1 6 5 0 0 0 1 0 0 0 1 0
 Node 215:   1 5 9 0 1 0 0 0 0 0 0 1
 Node 216:   1 5 5 2 0 0 0 0 0 2 1 1
 Node 217:   1 4 3 4 1 0 0 0 0 0 0 1
 Node 218:   1 3 2 3 0 1 0 0 0 0 1 1
 Node 219:   0 2 5 1 1 1 1 0 0 0 0 0
 Node 220:   0 3 3 4 0 1 1 0 0 0 1 0
 Node 221:   0 2 3 2 1 0 1 0 0 1 0 1
 Node 222:   0 1 3 5 0 2 1 0 0 2 1 1
 Node 223:   0 1 3 0 0 0 2 0 0 1 1 0
 Node 224:   2 0 3 1 1 2 0 2 0 0 0 0
 Node 225:   2 1 3 0 0 0 0 2 0 2 1 1
 Node 226:   2 1 2 2 1 1 0 2 0 1 0 0
 Node 227:   3 2 4 1 1 0 0 1 0 1 0 0
 Node 228:   3 3 3 3 0 2 0 1 0 0 1 0
 Node 229:   2 3 6 5 1 0 0 0 0 0 0 0
 Node 230:   3 2 4 2 1 0 0 0 0 0 0 0
 Node 231:   4 2 2 2 0 0 0 0 0 0 1 0
 Node 232:   5 2 6 2 1 1 0 0 0 0 0 0
 Node 233:   3 2 4 4 1 0 0 1 0 0 0 1
 Node 234:   2 4 6 1 1 1 0 1 0 2 0 1
 Node 235:   3 4 4 1 1 1 0 1 0 1 0 2
 Node 236:   2 4 4 3 0 1 0 1 0 1 1 0
 Node 237:   2 4 4 2 1 2 0 0 0 1 0 0
 Node 238:   2 3 4 2 0 0 0 0 0 0 1 0
 Node 239:   2 2 3 4 0 1 0 0 0 0 1 0
 Node 240:   2 1 3 6 0 0 0 0 0 1 1 0
 Node 241:   3 1 5 1 0 2 0 0 0 0 1 1
 Node 242:   2 1 2 2 0 1 0 0 0 1 1 0
 Node 243:   3 0 6 4 1 0 0 0 0 0 0 1
 Node 244:   3 0 3 6 0 0 1 0 0 1 1 0
 Node 245:   3 0 2 3 1 0 1 0 0 0 0 0
 Node 246:   3 0 5 0 0 0 2 0 0 0 1 0
 Node 247:   3 0 8 1 1 1 2 0 0 0 0 1
 Node 248:   2 0 4 2 0 1 2 0 0 2 1 0
 Node 249:   2 0 2 6 1 1 3 0 0 1 0 2
 Node 250:   1 0 3 4 0 0 4 0 0 0 1 0
 Node 251:   0 0 8 0 0 2 4 0 0 0 1 0
 Node 252:   1 1 3 5 0 1 3 0 0 0 1 1
 Node 253:   1 2 3 3 0 2 2 0 0 1 1 1
 Node 254:   1 2 3 5 0 1 3 0 0 1 1 0
 Node 255:   0 2 4 0 0 0 2 0 0 1 1 0
 Node 256:   3 0 3 3 1 0 0 1 0 0 0 0
 Node 257:   3 0 4 0 0 0 0 1 0 1 1 1
 Node 258:   2 1 4 3 1 0 0 1 0 2 0 0
 Node 259:   1 3 5 1 0 1 0 1 0 1 1 0
 Node 260:   2 4 5 3 0 0 0 1 0 0 1 0
 Node 261:   1 4 5 4 0 0 0 3 0 0 1 1
 Node 262:   1 5 4 2 1 1 0 2 0 0 0 0
 Node 263:   2 5 1 2 0 0 0 1 0 0 1 0
 Node 264:   3 5 6 2 1 0 0 1 0 0 0 0
 Node 265:   3 5 3 3 1 2 0 1 0 0 0 1
 Node 266:   3 5 6 2 1 1 0 0 0 2 0 2
 Node 267:   3 5 4 2 1 0 0 1 0 1 0 0
 Node 268:   3 4 4 3 1 0 0 1 0 1 0 0
 Node 269:   3 4 5 3 1 0 0 0 0 1 0 0
 Node 270:   3 6 4 2 1 1 0 0 0 0 0 0
 Node 271:   3 6 3 4 0 0 0 0 0 0 1 0
 Node 272:   3 6 3 6 0 0 0 0 0 1 1 0
 Node 273:   4 6 4 2 1 0 0 0 0 0 0 0
 Node 274:   3 6 2 2 0 0 0 0 0 1 1 0
 Node 275:   2 5 8 4 1 0 0 0 0 0 0 0
 Node 276:   1 5 2 6 0 3 0 0 0 1 1 1
 Node 277:   1 4 2 4 1 0 1 0 0 0 0 1
 Node 278:   1 4 4 0 0 1 1 0 0 0 1 0
 Node 279:   1 3 8 2 0 1 2 0 0 0 1 1
 Node 280:   1 3 4 3 0 0 3 0 0 1 1 0
 Node 281:   1 3 2 6 0 1 3 0 0 1 1 0
 Node 282:   2 2 3 4 1 0 2 0 0 0 0 0
 Node 283:   3 2 7 0 1 0 2 0 0 0 0 3
 Node 284:   3 2 3 4 0 0 3 0 0 0 1 0
 Node 285:   3 2 2 3 1 1 3 0 0 0 0 0
 Node 286:   0 2 4 6 1 0 3 0 0 1 0 0
 Node 287:   0 1 5 0 0 2 3 0 0 0 1 2
 Node 288:   2 0 3 2 0 0 0 1 0 0 1 0
 Node 289:   3 0 4 0 1 0 0 0 0 0 0 1
 Node 290:   4 0 5 3 0 0 0 0 0 0 1 1
 Node 291:   4 2 5 1 1 0 0 0 0 0 0 2
 Node 292:   5 2 6 3 1 0 0 0 0 1 0 1
 Node 293:   5 4 3 2 1 1 0 0 0 0 0 2
 Node 294:   5 4 5 3 0 2 0 0 0 0 1 0
 Node 295:   5 4 3 2 1 1 0 0 0 0 0 0
 Node 296:   6 5 6 2 1 3 0 0 0 0 0 1
 Node 297:   7 7 4 5 1 1 0 0 0 0 0 2
 Node 298:   5 8 8 2 1 1 0 0 0 1 0 1
 Node 299:   4 9 4 2 1 1 0 0 0 1 0 1
 Node 300:   3 11 4 3 1 0 0 0 0 1 0 1
 Node 301:   3 11 6 3 0 0 0 0 0 0 1 0
 Node 302:   3 11 4 2 0 0 0 0 0 0 1 1
 Node 303:   3 10 2 3 1 0 0 0 0 0 0 1
 Node 304:   2 9 4 6 0 0 0 0 0 0 1 1
 Node 305:   2 8 4 2 1 0 0 0 0 0 0 0
 Node 306:   1 7 3 2 0 0 0 0 0 0 1 0
 Node 307:   2 6 9 4 1 0 0 0 0 0 0 0
 Node 308:   2 8 1 8 1 0 0 0 0 0 0 0
 Node 309:   2 7 1 5 1 0 0 0 0 0 0 2
 Node 310:   2 7 4 0 0 0 0 0 0 0 1 1
 Node 311:   2 6 7 4 1 1 0 0 0 0 0 0
 Node 312:   1 5 5 3 0 0 0 0 0 1 1 3
 Node 313:   1 5 2 7 1 0 0 0 0 2 0 0
 Node 314:   0 4 3 3 0 0 1 0 0 0 1 0
 Node 315:   0 4 6 1 0 1 1 0 0 1 1 0
 Node 316:   0 3 3 4 0 0 1 0 0 0 1 0
 Node 317:   0 2 2 2 0 1 2 0 0 0 1 0
 Node 318:   0 3 3 5 1 0 2 0 0 0 0 0
 Node 319:   0 2 5 3 0 2 2 0 0 0 1 0
 Node 320:   2 0 3 2 0 0 0 1 0 0 1 0
 Node 321:   3 0 4 1 1 0 0 1 0 0 0 0
 Node 322:   3 0 6 4 0 0 0 1 0 0 1 0
 Node 323:   3 1 5 0 0 1 0 0 0 0 1 0
 Node 324:   3 1 6 5 1 0 0 0 0 0 0 1
 Node 325:   4 1 3 1 0 2 0 0 0 0 1 0
 Node 326:   5 2 6 3 1 0 0 0 0 0 0 0
 Node 327:   5 3 4 2 1 0 0 0 0 0 0 1
 Node 328:   5 4 6 4 1 0 0 0 0 0 0 0
 Node 329:   5 3 5 9 0 0 0 0 0 0 1 0
 Node 330:   5 4 7 3 0 2 0 0 0 0 1 0
 Node 331:   5 3 6 2 1 1 0 0 0 0 0 2
 Node 332:   4 4 6 3 0 0 0 0 0 0 1 1
 Node 333:   3 5 7 3 0 0 0 0 0 0 1 0
 Node 334:   4 4 4 3 1 1 0 0 0 0 0 0
 Node 335:   5 4 5 3 1 0 0 0 0 0 0 1
 Node 336:   4 7 5 7 0 0 0 0 0 1 1 1
 Node 337:   4 7 3 2 0 0 0 0 0 0 1 1
 Node 338:   4 6 4 2 0 0 0 0 0 0 1 1
 Node 339:   3 6 7 3 0 0 0 0 0 0 1 1
 Node 340:   2 5 0 8 0 0 0 0 0 0 1 0
 Node 341:   2 4 0 5 1 2 0 0 0 0 0 0
 Node 342:   2 6 3 1 0 2 0 0 0 0 1 1
 Node 343:   2 6 7 4 1 0 0 0 0 1 0 1
 Node 344:   2 6 6 4 0 0 1 0 0 1 1 0
 Node 345:   1 7 1 8 0 0 0 0 0 2 1 0
 Node 346:   1 6 3 3 1 0 0 0 0 1 0 0
 Node 347:   1 5 4 1 0 2 0 0 0 1 1 0
 Node 348:   1 4 2 4 0 0 0 0 0 0 1 1
 Node 349:   0 3 2 2 0 0 1 0 0 0 1 1
 Node 350:   0 3 2 6 1 1 1 0 0 0 0 3
 Node 351:   0 2 5 3 0 0 1 0 0 0 1 0
 Node 352:   1 0 3 2 0 0 0 2 0 1 1 0
 Node 353:   1 0 4 1 0 0 0 2 0 0 1 0
 Node 354:   2 0 5 6 1 0 0 1 0 0 0 1
 Node 355:   2 1 5 1 1 0 0 1 0 0 0 1
 Node 356:   2 1 5 5 1 0 0 0 0 0 0 2
 Node 357:   3 0 3 1 1 0 0 0 0 0 0 1
 Node 358:   4 1 6 3 1 0 0 1 0 0 0 0
 Node 359:   5 1 4 1 0 1 0 1 0 0 1 0
 Node 360:   6 1 8 4 1 0 0 1 0 0 0 0
 Node 361:   6 3 4 8 0 0 0 1 0 0 1 2
 Node 362:   6 3 6 5 1 0 0 0 0 0 0 1
 Node 363:   7 2 4 3 0 1 0 0 0 0 1 1
 Node 364:   7 3 7 3 1 1 0 0 0 0 0 0
 Node 365:   8 3 6 3 0 0 0 0 0 0 1 1
 Node 366:   8 3 4 4 0 0 0 0 0 0 1 0
 Node 367:   7 3 5 4 0 1 0 0 0 0 1 1
 Node 368:   7 3 5 7 1 0 0 0 0 1 0 1
 Node 369:   7 5 3 2 1 0 0 0 0 0 0 0
 Node 370:   5 4 5 3 1 0 0 0 0 0 0 0
 Node 371:   4 3 6 2 1 0 0 0 0 1 0 1
 Node 372:   4 3 0 7 0 0 0 0 0 0 1 0
 Node 373:   3 4 1 2 0 0 0 0 0 0 1 0
 Node 374:   4 3 3 1 0 0 0 0 0 0 1 2
 Node 375:   4 3 7 4 0 0 0 0 0 2 1 1
 Node 376:   4 4 6 4 0 1 0 0 0 1 1 0
 Node 377:   2 4 2 9 0 0 1 0 0 0 1 0
 Node 378:   2 4 3 3 1 1 2 0 0 1 0 2
 Node 379:   2 4 5 3 0 1 1 0 0 1 1 1
 Node 380:   2 5 2 4 1 0 1 0 0 0 0 1
 Node 381:   1 4 1 1 1 0 2 0 0 0 0 0
 Node 382:   0 4 1 6 1 1 1 0 0 0 0 0
 Node 383:   0 3 4 3 0 1 1 0 0 0 1 0
 Node 384:   3 0 3 1 0 1 0 1 0 1 1 1
 Node 385:   4 0 5 1 1 1 0 1 0 0 0 0
 Node 386:   5 2 3 5 0 1 0 1 0 0 1 1
 Node 387:   5 3 7 1 0 0 0 1 0 0 1 0
 Node 388:   5 4 4 6 0 2 0 1 0 0 1 0
 Node 389:   6 4 3 2 0 0 0 1 0 0 1 0
 Node 390:   7 4 5 3 0 1 0 1 0 0 1 0
 Node 391:   7 5 3 1 0 1 0 1 0 1 1 0
 Node 392:   7 5 8 4 0 0 0 1 0 0 1 1
 Node 393:   7 6 4 9 0 0 0 0 0 0 1 1
 Node 394:   7 6 6 6 0 0 0 0 0 0 1 1
 Node 395:   8 6 5 2 0 0 0 0 0 0 1 0
 Node 396:   8 7 6 4 1 0 0 0 0 0 0 1
 Node 397:   7 6 6 3 1 0 0 0 0 1 0 1
 Node 398:   7 6 3 3 1 0 0 0 0 0 0 1
 Node 399:   6 5 5 4 0 2 0 0 0 0 1 0
 Node 400:   5 4 6 6 0 0 0 0 0 0 1 1
 Node 401:   4 4 4 2 0 0 0 0 0 0 1 0
 Node 402:   4 3 5 2 1 2 0 0 0 0 0 0
 Node 403:   2 2 6 2 1 1 0 0 0 0 0 1
 Node 404:   3 1 1 5 0 0 0 0 0 0 1 1
 Node 405:   3 2 1 2 1 0 1 0 0 0 0 1
 Node 406:   3 2 3 2 1 0 2 0 0 0 0 0
 Node 407:   1 2 7 4 1 0 3 0 0 1 0 0
 Node 408:   1 2 5 4 1 1 1 0 0 0 0 2
 Node 409:   1 1 2 9 1 0 2 0 0 0 0 1
 Node 410:   2 1 3 6 1 0 0 0 0 1 0 1
 Node 411:   3 1 5 4 1 0 0 0 0 0 0 0
 Node 412:   2 2 2 4 1 0 1 0 0 0 0 1
 Node 413:   2 2 1 0 0 1 2 0 0 1 1 0
 Node 414:   0 2 2 4 1 1 3 0 0 0 0 0
 Node 415:   0 2 3 3 1 1 3 0 0 0 0 3
 Node 416:   1 0 3 1 0 1 0 3 0 0 1 0
 Node 417:   1 0 5 2 0 2 0 2 0 0 1 0
 Node 418:   2 0 3 5 0 1 0 1 0 0 1 0
 Node 419:   3 0 7 1 0 1 0 2 0 0 1 0
 Node 420:   3 1 4 6 0 0 0 2 0 0 1 0
 Node 421:   4 2 3 2 0 1 0 1 0 0 1 2
 Node 422:   5 2 5 3 1 0 0 2 0 0 0 1
 Node 423:   4 2 4 0 1 1 0 2 0 1 0 0
 Node 424:   4 3 8 4 0 0 0 1 0 0 1 0
 Node 425:   3 3 2 9 1 1 0 0 0 0 0 2
 Node 426:   3 3 8 6 1 0 0 1 0 0 0 0
 Node 427:   4 4 5 3 1 0 0 1 0 0 0 0
 Node 428:   3 4 7 4 0 0 0 1 0 0 1 2
 Node 429:   4 4 5 3 1 0 0 0 0 0 0 3
 Node 430:   4 4 2 3 0 0 0 0 0 0 1 0
 Node 431:   4 3 4 5 0 0 0 0 0 0 1 0
 Node 432:   5 2 5 6 1 0 0 0 0 0 0 2
 Node 433:   5 3 4 3 0 0 0 0 0 0 1 0
 Node 434:   5 4 5 3 0 1 0 0 0 0 1 2
 Node 435:   5 5 5 2 1 0 1 0 0 0 0 1
 Node 436:   3 5 1 6 1 0 1 0 0 0 0 0
 Node 437:   3 4 1 2 1 1 1 0 0 0 0 0
 Node 438:   3 3 3 2 0 0 0 0 0 0 1 2
 Node 439:   3 2 5 3 0 0 0 0 0 0 1 1
 Node 440:   4 3 3 3 0 1 0 0 0 0 1 1
 Node 441:   4 3 2 10 0 0 0 0 0 0 1 0
 Node 442:   3 4 2 6 1 0 1 0 0 0 0 1
 Node 443:   0 4 5 3 0 0 1 0 0 0 1 1
 Node 444:   1 3 2 3 0 0 0 0 0 0 1 0
 Node 445:   1 3 1 0 0 2 0 0 0 1 1 0
 Node 446:   1 3 2 4 1 0 0 0 0 0 0 1
 Node 447:   0 2 4 4 1 1 1 0 0 1 0 0
 Node 448:   4 0 3 2 1 1 0 1 0 0 0 1
 Node 449:   5 0 4 2 1 2 0 1 0 0 0 0
 Node 450:   4 0 3 4 0 0 0 2 0 0 1 1
 Node 451:   4 0 6 1 0 1 0 1 0 0 1 2
 Node 452:   5 1 5 6 1 0 0 0 0 0 0 2
 Node 453:   5 2 3 4 0 0 0 0 0 0 1 0
 Node 454:   3 3 5 4 0 0 0 0 0 0 1 1
 Node 455:   3 2 3 0 0 0 0 0 0 0 1 0
 Node 456:   3 1 7 4 1 0 0 0 0 0 0 1
 Node 457:   3 0 2 7 1 2 0 0 0 0 0 0
 Node 458:   3 2 8 6 0 0 0 0 0 0 1 0
 Node 459:   3 2 6 3 1 0 0 0 0 0 0 0
 Node 460:   4 2 6 5 0 1 0 0 0 0 1 1
 Node 461:   3 2 7 5 0 0 0 0 0 0 1 2
 Node 462:   4 2 2 3 1 0 0 0 0 0 0 0
 Node 463:   5 2 3 5 0 1 0 0 0 0 1 0
 Node 464:   6 2 5 6 1 0 0 0 0 0 0 0
 Node 465:   5 2 2 1 0 1 0 0 0 0 1 1
 Node 466:   5 1 2 4 1 2 0 0 0 0 0 3
 Node 467:   6 1 4 2 1 1 0 0 0 0 0 1
 Node 468:   3 1 3 4 0 0 0 0 0 0 1 0
 Node 469:   4 0 1 2 1 0 0 0 0 0 0 2
 Node 470:   5 0 3 3 1 0 0 0 0 0 0 0
 Node 471:   5 0 4 1 0 2 1 0 0 0 1 0
 Node 472:   3 0 5 3 0 0 1 0 0 0 1 0
 Node 473:   1 0 3 8 0 0 1 0 0 0 1 2
 Node 474:   2 0 2 5 1 0 1 0 0 0 0 0
 Node 475:   2 0 5 1 1 0 1 0 0 0 0 1
 Node 476:   3 0 2 2 0 0 1 0 0 0 1 0
 Node 477:   2 0 2 1 0 2 2 0 0 0 1 0
 Node 478:   0 0 4 4 0 1 3 0 0 0 1 0
 Node 479:   0 0 4 6 0 0 3 0 0 0 1 0
 Node 480:   2 0 3 4 1 0 0 1 0 0 0 0
 Node 481:   3 0 3 1 1 1 0 1 0 0 0 0
 Node 482:   4 0 3 4 0 0 0 1 0 0 1 1
 Node 483:   4 0 6 1 0 0 0 1 0 0 1 0
 Node 484:   5 0 4 7 1 1 0 0 0 0 0 1
 Node 485:   6 0 3 2 1 0 0 0 0 0 0 0
 Node 486:   6 0 3 3 1 0 0 0 0 0 0 2
 Node 487:   7 0 3 1 1 1 0 0 0 0 0 1
 Node 488:   7 0 7 4 1 1 0 0 0 0 0 0
 Node 489:   8 1 4 6 0 0 0 0 0 0 1 0
 Node 490:   9 4 8 6 0 2 0 0 0 0 1 0
 Node 491:   9 5 7 3 0 0 0 0 0 0 1 1
 Node 492:   8 6 6 6 1 0 0 0 0 0 0 0
 Node 493:   9 6 7 6 1 0 0 0 0 0 0 0
 Node 494:   8 6 3 3 0 0 0 0 0 0 1 0
 Node 495:   8 5 2 5 0 1 0 0 0 0 1 0
 Node 496:   8 5 5 6 0 0 0 0 0 0 1 1
 Node 497:   8 5 3 0 1 3 0 0 0 0 0 0
 Node 498:   4 5 4 5 1 2 0 0 0 0 0 0
 Node 499:   3 4 3 3 0 1 0 0 0 0 1 3
 Node 500:   4 3 2 3 1 1 0 0 0 0 0 0
 Node 501:   5 3 2 3 1 0 0 0 0 0 0 0
 Node 502:   5 4 3 3 0 0 0 0 0 0 1 0
 Node 503:   4 4 4 2 1 2 0 0 0 0 0 0
 Node 504:   4 3 4 2 0 1 0 0 0 0 1 1
 Node 505:   4 3 3 8 0 0 0 0 0 0 1 0
 Node 506:   2 4 2 5 1 0 0 0 0 0 0 1
 Node 507:   1 4 7 2 0 0 0 0 0 0 1 0
 Node 508:   1 4 1 2 0 1 0 0 0 0 1 2
 Node 509:   0 3 2 3 1 0 0 0 0 0 0 1
 Node 510:   0 2 4 5 1 1 1 0 0 0 0 0
 Node 511:   0 2 3 4 0 1 1 0 0 0 1 0
 Node 512:   2 0 3 4 0 0 0 3 0 0 1 0
 Node 513:   1 0 5 1 0 0 0 2 0 0 1 0
 Node 514:   2 1 3 4 0 2 0 1 0 0 1 0
 Node 515:   2 1 5 1 1 1 0 2 0 0 0 0
 Node 516:   3 1 4 8 0 1 0 1 0 0 1 0
 Node 517:   3 1 3 2 1 0 0 2 0 0 0 0
 Node 518:   4 1 3 3 1 0 0 1 0 0 0 0
 Node 519:   3 1 3 2 1 2 0 1 0 0 0 0
 Node 520:   2 1 8 3 1 0 0 0 0 0 0 2
 Node 521:   3 3 4 5 1 0 0 0 0 0 0 0
 Node 522:   4 4 8 7 1 0 0 0 0 0 0 0
 Node 523:   4 4 6 3 0 0 0 0 0 0 1 2
 Node 524:   3 4 7 4 1 1 0 0 0 0 0 0
 Node 525:   2 5 7 6 1 0 0 1 0 0 0 0
 Node 526:   2 7 3 3 1 1 0 0 0 0 0 0
 Node 527:   2 7 2 4 0 1 0 0 0 0 1 0
 Node 528:   2 7 5 6 1 1 0 0 0 0 0 0
 Node 529:   2 8 3 3 1 0 0 0 0 0 0 0
 Node 530:   2 7 4 5 1 0 0 0 0 0 0 0
 Node 531:   3 6 3 4 1 1 0 0 0 0 0 0
 Node 532:   3 6 3 4 0 0 1 0 0 0 1 0
 Node 533:   3 7 3 3 0 0 0 0 0 0 1 2
 Node 534:   2 7 3 2 0 0 0 0 0 0 1 1
 Node 535:   2 6 4 2 1 0 0 0 0 0 0 0
 Node 536:   1 5 5 3 0 1 0 0 0 0 1 0
 Node 537:   1 4 3 6 1 1 0 0 0 0 0 0
 Node 538:   1 4 3 3 0 0 0 0 0 0 1 1
 Node 539:   1 4 6 3 0 0 1 0 0 0 1 2
 Node 540:   1 4 1 2 0 0 1 0 0 0 1 0
 Node 541:   1 4 2 4 1 1 1 0 0 0 0 0
 Node 542:   0 3 3 6 1 1 2 0 0 0 0 0
 Node 543:   0 3 3 5 1 0 2 0 0 0 0 0
 Node 544:   4 0 3 5 1 0 0 2 0 0 0 0
 Node 545:   3 1 6 1 0 0 0 3 0 0 1 0
 Node 546:   3 1 3 5 0 1 0 2 0 0 1 1
 Node 547:   4 2 4 1 1 0 0 1 0 0 0 1
 Node 548:   3 3 4 8 1 1 0 1 0 0 0 0
 Node 549:   3 3 3 3 0 1 0 0 0 0 1 0
 Node 550:   2 3 3 3 1 0 0 0 0 0 0 1
 Node 551:   2 2 4 2 0 1 0 0 0 0 1 1
 Node 552:   1 3 8 1 0 0 0 0 0 0 1 0
 Node 553:   2 2 2 4 1 1 0 0 0 0 0 1
 Node 554:   3 2 5 7 1 1 0 0 0 0 0 2
 Node 555:   4 3 6 3 1 1 0 0 0 0 0 0
 Node 556:   4 3 5 2 1 2 0 0 0 0 0 0
 Node 557:   4 3 7 3 0 2 0 0 0 0 1 0
 Node 558:   4 3 3 3 0 0 0 0 0 0 1 0
 Node 559:   4 3 2 4 1 2 0 0 0 0 0 0
 Node 560:   3 2 5 5 1 1 0 0 0 0 0 0
 Node 561:   4 1 3 3 0 0 0 0 1 0 1 0
 Node 562:   5 2 3 5 1 2 0 0 0 0 0 0
 Node 563:   6 3 3 6 0 0 0 0 0 0 1 0
 Node 564:   6 3 3 4 1 0 0 0 0 0 0 0
 Node 565:   6 3 3 4 1 1 0 0 0 0 0 0
 Node 566:   5 3 3 2 0 0 1 0 1 0 1 1
 Node 567:   4 4 4 2 1 0 1 0 0 0 0 0
 Node 568:   4 3 4 3 0 1 2 0 0 0 1 0
 Node 569:   4 3 3 6 0 0 3 0 0 0 1 0
 Node 570:   2 4 2 5 1 0 3 0 0 0 0 1
 Node 571:   2 3 6 4 0 0 1 0 0 0 1 1
 Node 572:   2 3 1 1 1 0 2 0 0 0 0 0
 Node 573:   1 3 1 4 0 1 2 0 0 0 1 1
 Node 574:   1 3 3 5 0 0 2 0 0 0 1 1
 Node 575:   0 2 4 4 0 0 3 0 0 0 1 0
 Node 576:   2 0 3 3 0 0 0 1 0 0 1 1
 Node 577:   2 0 6 2 1 1 0 2 0 0 0 1
 Node 578:   2 1 3 5 1 1 0 2 0 0 0 0
 Node 579:   3 1 4 1 1 0 0 1 0 0 0 0
 Node 580:   4 1 4 8 1 0 0 1 0 0 0 0
 Node 581:   5 1 2 3 1 0 0 1 0 0 0 2
 Node 582:   5 1 2 3 1 1 0 1 0 0 0 3
 Node 583:   6 2 3 2 0 0 0 0 0 0 1 1
 Node 584:   6 2 8 0 0 1 0 1 0 0 1 0
 Node 585:   6 3 2 4 0 0 0 1 0 0 1 0
 Node 586:   6 3 6 6 0 0 0 1 0 0 1 0
 Node 587:   5 4 6 3 1 1 0 1 1 0 0 1
 Node 588:   4 5 5 2 1 0 0 1 0 0 0 0
 Node 589:   4 5 6 4 1 0 0 0 0 0 0 2
 Node 590:   4 4 2 2 0 1 0 0 0 0 1 0
 Node 591:   4 3 2 6 1 0 0 0 0 0 0 0
 Node 592:   5 3 5 5 1 0 0 0 0 0 0 2
 Node 593:   6 4 2 3 1 1 0 0 0 0 0 1
 Node 594:   6 5 3 5 0 1 0 0 0 0 1 0
 Node 595:   6 5 3 6 0 0 0 0 1 0 1 1
 Node 596:   4 7 3 4 1 0 0 0 0 0 0 1
 Node 597:   4 6 3 4 0 0 0 0 0 0 1 1
 Node 598:   4 5 3 2 1 0 0 0 0 0 0 0
 Node 599:   5 4 2 1 1 1 0 0 0 0 0 2
 Node 600:   4 4 4 3 0 2 0 0 0 0 1 0
 Node 601:   3 3 3 5 0 0 0 0 1 0 1 0
 Node 602:   3 2 2 3 1 0 1 0 0 0 0 1
 Node 603:   3 2 5 1 1 0 1 0 0 0 0 1
 Node 604:   1 1 1 1 0 1 1 0 2 0 1 0
 Node 605:   1 0 1 3 0 0 2 0 0 0 1 0
 Node 606:   1 0 3 5 0 2 2 0 0 0 1 0
 Node 607:   0 1 6 5 0 0 2 0 0 0 1 0
 Node 608:   3 0 3 2 0 0 0 1 0 0 1 0
 Node 609:   3 0 5 2 0 0 0 1 0 0 1 0
 Node 610:   4 0 3 6 1 0 0 1 0 0 0 0
 Node 611:   3 0 4 1 0 1 0 1 0 0 1 0
 Node 612:   4 0 4 8 1 0 0 0 0 0 0 1
 Node 613:   5 1 2 4 0 0 0 1 0 0 1 0
 Node 614:   6 2 1 3 0 0 0 1 0 0 1 2
 Node 615:   5 2 4 1 1 1 0 1 0 0 0 0
 Node 616:   6 3 9 0 1 0 0 0 0 0 0 0
 Node 617:   5 3 3 3 0 0 0 1 0 0 1 0
 Node 618:   4 3 6 5 1 0 0 1 0 0 0 2
 Node 619:   3 3 5 3 0 2 0 0 1 0 1 0
 Node 620:   4 2 4 1 0 0 0 0 0 0 1 1
 Node 621:   5 2 5 4 1 0 0 0 0 0 0 1
 Node 622:   3 2 4 2 1 0 0 0 0 0 0 1
 Node 623:   4 2 3 5 1 1 0 0 0 0 0 0
 Node 624:   4 3 5 6 1 0 0 0 0 0 0 0
 Node 625:   4 3 2 3 0 2 0 0 0 0 1 2
 Node 626:   4 5 3 5 0 0 0 0 0 0 1 0
 Node 627:   3 4 3 5 1 0 0 0 0 0 0 1
 Node 628:   3 3 3 3 0 0 0 0 0 0 1 0
 Node 629:   4 2 3 4 0 0 0 0 0 0 1 1
 Node 630:   4 2 3 2 0 0 0 0 0 0 1 2
 Node 631:   4 2 2 2 0 0 0 0 0 0 1 0
 Node 632:   4 2 3 6 1 3 0 0 0 0 0 0
 Node 633:   4 2 4 5 1 0 0 0 1 0 0 1
 Node 634:   4 4 2 3 0 1 0 0 0 0 1 0
 Node 635:   3 3 4 2 0 1 0 0 0 0 1 0
 Node 636:   3 2 2 2 1 0 0 0 1 0 0 0
 Node 637:   3 2 0 3 0 2 1 0 0 0 1 0
 Node 638:   1 2 3 5 0 0 2 0 0 0 1 0
 Node 639:   0 2 7 5 0 0 2 0 0 0 1 2
 Node 640:   1 0 3 2 1 0 0 2 0 0 0 0
 Node 641:   2 0 6 1 1 0 0 1 0 0 0 1
 Node 642:   3 0 3 6 0 0 0 2 0 0 1 0
 Node 643:   4 2 2 1 1 1 0 2 0 0 0 1
 Node 644:   4 2 4 7 0 1 0 2 0 0 1 0
 Node 645:   5 4 3 3 0 0 0 1 0 0 1 0
 Node 646:   5 5 1 3 1 0 0 1 0 0 0 0
 Node 647:   6 4 3 0 1 0 0 1 0 0 0 1
 Node 648:   6 4 10 1 0 0 0 1 0 0 1 1
 Node 649:   6 5 2 2 1 1 0 0 0 0 0 1
 Node 650:   6 4 5 6 1 1 0 0 0 0 0 0
 Node 651:   6 3 5 3 0 0 0 0 0 0 1 0
 Node 652:   5 2 4 1 1 0 0 0 1 0 0 0
 Node 653:   4 2 5 4 1 0 0 0 0 0 0 0
 Node 654:   3 2 4 1 0 0 0 0 1 0 1 1
 Node 655:   4 3 4 6 0 2 0 0 0 0 1 0
 Node 656:   4 5 5 5 1 0 0 0 0 0 0 0
 Node 657:   4 4 3 4 1 0 0 0 1 0 0 0
 Node 658:   5 6 3 5 0 0 0 0 0 0 1 1
 Node 659:   6 6 5 5 0 0 0 0 0 0 1 0
 Node 660:   5 8 3 3 1 3 0 0 0 0 0 1
 Node 661:   5 7 3 5 0 1 0 0 0 0 1 0
 Node 662:   6 6 3 3 1 1 0 0 0 0 0 0
 Node 663:   6 6 1 2 0 1 0 0 1 0 1 1
 Node 664:   5 6 4 6 0 0 0 0 0 0 1 0
 Node 665:   4 6 4 4 0 0 0 0 1 0 1 1
 Node 666:   4 5 2 3 0 0 0 0 0 0 1 1
 Node 667:   4 4 5 1 0 0 0 0 0 0 1 0
 Node 668:   5 4 1 2 0 0 0 0 0 0 1 0
 Node 669:   4 4 0 5 0 0 0 0 0 0 1 0
 Node 670:   3 3 3 3 0 0 0 0 0 0 1 1
 Node 671:   0 2 6 6 1 1 1 0 0 0 0 0
 Node 672:   5 0 4 2 1 0 0 1 0 0 0 1
 Node 673:   4 1 7 4 1 1 0 1 0 0 0 0
 Node 674:   4 1 4 4 1 0 0 0 2 0 0 1
 Node 675:   4 3 1 2 1 0 0 2 0 0 0 1
 Node 676:   4 2 3 6 1 0 0 2 0 0 0 0
 Node 677:   4 3 2 4 0 0 0 1 1 0 1 1
 Node 678:   5 4 1 3 1 0 0 1 0 0 0 0
 Node 679:   4 4 3 0 1 0 0 1 1 0 0 1
 Node 680:   4 3 11 3 1 1 0 1 1 0 0 0
 Node 681:   4 6 2 2 0 0 0 0 0 0 1 0
 Node 682:   3 6 7 6 1 0 0 0 0 0 0 0
 Node 683:   3 6 6 3 1 0 0 0 0 0 0 0
 Node 684:   3 6 3 0 1 2 0 0 1 0 0 0
 Node 685:   3 6 4 3 0 1 0 0 0 0 1 0
 Node 686:   2 5 4 0 1 1 0 0 1 0 0 2
 Node 687:   2 4 4 7 1 1 0 0 0 0 0 0
 Node 688:   1 4 5 5 1 0 0 0 0 0 0 1
 Node 689:   1 5 2 3 0 1 0 0 0 0 1 1
 Node 690:   1 4 2 5 1 0 0 0 0 0 0 1
 Node 691:   1 3 5 5 0 0 0 0 0 0 1 0
 Node 692:   2 4 3 5 0 0 0 0 0 0 1 0
 Node 693:   2 5 3 5 1 0 0 0 0 0 0 0
 Node 694:   2 4 2 3 0 2 0 0 0 0 1 0
 Node 695:   2 3 1 3 0 0 0 0 1 0 1 0
 Node 696:   3 2 3 5 1 0 0 0 0 0 0 1
 Node 697:   2 2 3 4 1 1 1 0 2 0 0 0
 Node 698:   2 2 1 3 0 0 2 0 0 0 1 2
 Node 699:   2 2 4 2 1 0 2 0 0 0 0 0
 Node 700:   1 1 2 2 0 0 3 0 0 0 1 0
 Node 701:   0 2 0 4 1 2 4 0 0 0 0 0
 Node 702:   0 2 4 3 0 1 4 0 0 0 1 0
 Node 703:   0 2 5 4 1 0 4 0 0 0 0 0
 Node 704:   1 0 2 3 1 0 0 2 0 0 0 1
 Node 705:   2 0 6 4 0 3 0 2 0 0 1 0
 Node 706:   2 0 3 3 1 2 0 2 2 0 0 0
 Node 707:   2 0 1 3 0 0 0 2 0 0 1 1
 Node 708:   3 0 2 5 1 1 0 1 1 0 0 0
 Node 709:   3 0 2 4 1 1 0 3 1 0 0 0
 Node 710:   2 1 1 4 0 0 0 2 1 0 1 0
 Node 711:   1 1 2 1 1 1 0 3 1 0 0 0
 Node 712:   1 1 12 2 1 2 0 2 1 0 0 0
 Node 713:   0 2 2 1 1 1 0 1 0 0 0 0
 Node 714:   1 2 7 6 0 0 0 0 1 0 1 0
 Node 715:   2 4 6 3 1 1 0 0 0 0 0 1
 Node 716:   3 5 3 0 1 0 0 0 1 0 0 1
 Node 717:   4 5 4 3 1 0 0 0 0 0 0 0
 Node 718:   4 5 4 3 1 0 0 0 0 0 0 1
 Node 719:   4 4 4 7 1 0 0 0 1 0 0 0
 Node 720:   2 4 7 3 1 1 0 0 0 0 0 1
 Node 721:   2 3 2 3 1 1 1 0 0 0 0 0
 Node 722:   3 3 2 5 1 0 0 0 1 0 0 0
 Node 723:   3 3 4 3 0 0 0 0 0 0 1 1
 Node 724:   2 2 3 4 1 1 0 0 0 0 0 0
 Node 725:   2 1 3 5 0 0 0 0 0 0 1 1
 Node 726:   3 1 3 3 1 1 0 0 1 0 0 0
 Node 727:   3 4 2 3 0 1 0 0 1 0 1 0
 Node 728:   3 4 4 6 0 0 0 0 0 0 1 0
 Node 729:   3 4 3 4 0 0 0 0 1 0 1 0
 Node 730:   2 4 2 3 1 0 0 0 0 0 0 0
 Node 731:   2 4 3 2 1 0 0 0 0 0 0 1
 Node 732:   2 3 3 1 1 0 0 0 0 0 0 0
 Node 733:   1 3 0 3 1 0 0 0 0 0 0 0
 Node 734:   0 2 4 4 0 0 1 0 1 0 1 0
 Node 735:   0 3 4 4 1 0 0 0 1 0 0 1
 Node 736:   3 0 2 3 0 1 0 1 0 0 1 1
 Node 737:   4 0 6 4 1 0 0 1 0 0 0 0
 Node 738:   3 1 4 3 1 0 0 1 3 0 0 0
 Node 739:   3 1 1 4 1 0 0 1 1 0 0 0
 Node 740:   2 2 2 4 1 0 0 1 1 0 0 0
 Node 741:   3 2 2 4 1 0 0 0 1 0 0 1
 Node 742:   4 2 1 2 0 0 0 0 1 0 1 0
 Node 743:   4 2 2 1 0 1 0 1 0 0 1 0
 Node 744:   4 1 12 4 0 0 0 1 1 0 1 0
 Node 745:   4 2 2 0 1 0 0 1 0 0 0 0
 Node 746:   4 2 6 5 1 0 0 0 1 0 0 3
 Node 747:   4 4 5 2 1 2 0 0 0 0 0 0
 Node 748:   5 3 3 0 1 0 0 0 0 0 0 0
 Node 749:   5 3 2 3 0 1 0 0 0 0 1 1
 Node 750:   5 2 3 3 0 1 0 0 1 0 1 0
 Node 751:   5 2 4 7 1 1 0 0 1 0 0 0
 Node 752:   6 2 6 4 1 0 0 0 0 0 0 1
 Node 753:   6 3 1 3 1 0 0 0 0 0 0 2
 Node 754:   4 2 1 6 0 0 1 0 1 0 1 3
 Node 755:   2 2 6 6 1 0 0 0 1 0 0 0
 Node 756:   2 1 2 4 1 0 1 0 0 0 0 1
 Node 757:   2 1 3 5 0 1 1 0 0 0 1 1
 Node 758:   2 1 4 3 1 2 1 0 1 0 0 0
 Node 759:   2 2 2 4 1 0 1 0 0 0 0 1
 Node 760:   1 1 3 6 1 1 2 0 0 0 0 0
 Node 761:   1 1 2 3 0 1 3 0 0 0 1 0
 Node 762:   1 1 1 2 1 1 3 0 1 0 0 0
 Node 763:   1 1 3 2 1 0 3 0 0 0 0 0
 Node 764:   2 1 2 1 0 1 1 0 1 0 1 3
 Node 765:   2 1 0 2 0 0 2 0 0 0 1 0
 Node 766:   2 1 2 3 0 2 2 0 1 0 1 0
 Node 767:   0 1 5 5 1 0 2 0 2 0 0 0
 Node 768:   1 0 1 5 0 0 0 4 1 0 1 0
 Node 769:   1 2 5 3 0 1 0 3 0 0 1 1
 Node 770:   2 2 2 3 1 1 0 2 1 0 0 0
 Node 771:   2 2 1 3 1 0 0 2 2 0 0 1
 Node 772:   2 2 2 4 0 0 0 2 1 0 1 0
 Node 773:   2 2 1 5 0 0 0 1 1 0 1 0
 Node 774:   3 3 1 3 0 0 0 0 1 0 1 2
 Node 775:   4 3 2 2 0 0 0 0 0 0 1 1
 Node 776:   2 3 8 3 0 2 0 0 1 0 1 1
 Node 777:   2 2 2 0 1 0 0 1 0 0 0 0
 Node 778:   3 2 5 4 1 0 0 0 1 0 0 1
 Node 779:   4 3 4 2 1 0 0 0 0 0 0 1
 Node 780:   4 3 3 1 1 0 0 0 0 0 0 0
 Node 781:   4 2 2 3 1 0 0 0 0 0 0 1
 Node 782:   5 2 3 4 1 0 0 0 2 0 0 0
 Node 783:   6 3 4 7 1 0 0 0 1 0 0 0
 Node 784:   6 3 6 3 1 0 0 0 0 0 0 1
 Node 785:   7 3 0 3 1 0 0 0 0 0 0 2
 Node 786:   5 4 2 5 0 0 0 0 1 0 1 0
 Node 787:   4 4 5 6 1 2 1 0 1 0 0 0
 Node 788:   3 5 3 4 1 1 1 0 0 0 0 0
 Node 789:   4 5 3 5 1 0 1 0 1 0 0 0
 Node 790:   3 7 4 4 0 0 0 0 2 0 1 0
 Node 791:   3 6 2 4 1 0 0 0 0 0 0 0
 Node 792:   2 5 3 6 1 0 0 0 1 0 0 1
 Node 793:   2 4 2 3 0 1 0 0 0 0 1 0
 Node 794:   1 4 2 2 0 1 1 0 1 0 1 0
 Node 795:   2 4 2 1 0 1 1 0 0 0 1 2
 Node 796:   2 5 1 2 0 1 2 0 1 0 1 1
 Node 797:   1 5 0 3 1 1 1 0 2 0 0 0
 Node 798:   0 4 2 3 0 1 1 0 1 0 1 0
 Node 799:   0 3 5 5 1 0 1 0 3 0 0 0
 Node 800:   2 0 1 4 1 0 0 4 0 0 0 0
 Node 801:   1 0 4 4 0 1 0 3 0 0 1 1
 Node 802:   2 0 2 4 0 2 0 2 2 0 1 0
 Node 803:   2 1 2 3 1 0 0 3 3 0 0 1
 Node 804:   1 2 2 4 1 0 0 3 1 0 0 1
 Node 805:   1 2 0 6 0 0 0 3 0 0 1 0
 Node 806:   1 3 1 3 0 0 0 2 1 0 1 0
 Node 807:   2 3 2 2 1 0 0 1 0 0 0 0
 Node 808:   3 3 6 0 1 2 0 1 1 0 0 2
 Node 809:   2 3 1 0 1 3 0 1 1 0 0 0
 Node 810:   3 4 4 3 0 0 0 0 0 0 1 1
 Node 811:   4 4 4 2 1 0 0 0 1 0 0 3
 Node 812:   4 6 3 1 0 1 0 0 0 0 1 1
 Node 813:   5 5 2 3 0 1 0 0 0 0 1 0
 Node 814:   4 5 2 4 1 1 0 0 2 0 0 2
 Node 815:   3 4 4 8 0 0 0 0 1 0 1 1
 Node 816:   3 4 5 3 0 0 0 0 0 0 1 1
 Node 817:   3 3 0 3 0 1 0 0 1 0 1 0
 Node 818:   3 3 2 3 0 1 0 0 1 0 1 0
 Node 819:   4 2 4 5 0 2 0 0 1 0 1 0
 Node 820:   3 2 3 3 0 0 0 0 1 0 1 0
 Node 821:   2 1 3 4 0 0 0 0 0 0 1 0
 Node 822:   2 0 5 3 0 0 0 0 2 0 1 0
 Node 823:   1 0 2 4 1 1 1 0 1 0 0 0
 Node 824:   1 1 3 6 0 1 2 0 2 0 1 1
 Node 825:   2 3 2 2 0 0 1 0 0 0 1 0
 Node 826:   3 3 2 3 1 0 0 0 1 0 0 1
 Node 827:   3 3 2 3 0 0 1 0 0 0 1 0
 Node 828:   2 3 1 3 1 0 1 0 2 0 0 1
 Node 829:   1 3 1 3 0 0 1 0 3 0 1 1
 Node 830:   1 3 2 2 1 0 2 0 1 0 0 0
 Node 831:   0 3 5 4 0 0 2 0 2 0 1 1
 Node 832:   3 0 1 5 0 0 0 0 0 0 1 0
 Node 833:   4 1 4 3 0 0 0 0 0 0 1 0
 Node 834:   4 3 2 3 0 0 0 0 2 0 1 0
 Node 835:   5 2 3 3 1 1 0 0 3 0 0 0
 Node 836:   4 3 1 2 0 0 0 2 1 0 1 2
 Node 837:   2 3 1 5 0 0 0 1 0 0 1 2
 Node 838:   2 3 1 3 0 1 0 0 0 0 1 2
 Node 839:   2 3 2 2 0 0 0 0 1 0 1 0
 Node 840:   2 4 5 1 0 1 0 0 1 0 1 0
 Node 841:   3 3 1 1 1 0 0 0 1 0 0 0
 Node 842:   3 3 4 3 1 1 0 0 0 0 0 0
 Node 843:   4 2 4 3 0 1 0 0 1 0 1 0
 Node 844:   4 3 2 1 1 1 0 0 0 0 0 0
 Node 845:   5 2 1 3 0 1 0 0 1 0 1 1
 Node 846:   6 4 1 4 1 1 0 0 2 0 0 0
 Node 847:   5 5 3 7 0 2 0 0 1 0 1 2
 Node 848:   5 7 3 3 0 1 0 0 0 0 1 2
 Node 849:   6 6 0 3 1 0 0 0 1 0 0 1
 Node 850:   4 6 3 4 1 0 0 0 2 0 0 0
 Node 851:   4 6 4 5 0 2 0 0 0 0 1 1
 Node 852:   4 5 3 3 1 1 1 0 0 0 0 0
 Node 853:   4 5 2 4 0 0 2 0 0 0 1 0
 Node 854:   4 5 4 3 0 1 2 0 2 0 1 0
 Node 855:   4 4 1 4 1 0 3 0 1 0 0 1
 Node 856:   3 4 4 6 0 0 1 0 4 0 1 1
 Node 857:   4 3 1 2 0 0 0 0 0 0 1 1
 Node 858:   4 3 2 3 0 1 1 0 0 0 1 0
 Node 859:   2 3 2 3 0 1 1 0 1 0 1 0
 Node 860:   2 2 1 2 0 0 1 0 2 0 1 0
 Node 861:   1 1 2 3 1 0 0 0 3 0 0 1
 Node 862:   0 0 2 3 1 1 1 0 1 0 0 0
 Node 863:   0 0 5 3 0 0 2 0 1 0 1 2
 Node 864:   2 0 1 4 0 1 0 1 0 0 1 0
 Node 865:   3 0 4 2 1 1 0 0 0 0 0 0
 Node 866:   4 0 2 3 0 0 0 0 3 0 1 0
 Node 867:   5 0 2 2 0 2 0 1 3 0 1 0
 Node 868:   5 0 1 2 1 0 0 1 1 0 0 1
 Node 869:   5 0 1 5 0 0 0 0 0 0 1 0
 Node 870:   5 0 1 6 1 0 0 0 1 0 0 0
 Node 871:   6 1 4 1 0 0 0 0 2 0 1 0
 Node 872:   6 4 1 1 0 2 0 0 2 0 1 2
 Node 873:   5 4 1 1 1 0 0 0 2 0 0 1
 Node 874:   5 3 2 4 1 0 0 0 0 0 0 1
 Node 875:   5 4 3 3 0 0 0 0 1 0 1 1
 Node 876:   5 3 2 2 0 1 0 1 0 0 1 1
 Node 877:   5 3 1 2 1 0 0 1 1 0 0 0
 Node 878:   6 4 1 4 0 1 0 0 1 0 1 0
 Node 879:   6 4 3 4 1 0 0 0 2 0 0 0
 Node 880:   5 6 2 4 1 1 0 0 0 0 0 0
 Node 881:   6 5 0 3 0 0 0 0 1 0 1 0
 Node 882:   6 7 3 4 0 0 0 0 1 0 1 0
 Node 883:   4 7 3 7 0 1 0 0 3 0 1 0
 Node 884:   3 7 3 4 0 0 0 0 0 0 1 1
 Node 885:   2 6 1 4 0 2 1 0 0 0 1 0
 Node 886:   2 6 4 3 0 0 1 0 1 0 1 0
 Node 887:   1 5 0 4 1 1 1 0 2 0 0 0
 Node 888:   2 4 4 6 1 1 1 0 3 0 0 1
 Node 889:   3 4 1 1 1 0 0 0 1 0 0 0
 Node 890:   2 4 1 3 0 0 0 0 1 0 1 1
 Node 891:   1 3 1 2 0 0 0 0 2 0 1 0
 Node 892:   0 2 1 2 0 0 1 0 1 0 1 0
 Node 893:   0 2 1 2 0 0 1 0 4 0 1 1
 Node 894:   0 2 1 2 1 0 2 0 0 0 0 0
 Node 895:   0 2 5 5 0 0 2 0 0 0 1 1
 Node 896:   2 0 0 4 0 0 0 4 0 0 1 1
 Node 897:   3 0 3 3 1 1 0 3 0 0 0 1
 Node 898:   2 0 1 3 0 2 0 3 3 0 1 0
 Node 899:   2 0 2 2 1 0 0 2 4 0 0 0
 Node 900:   1 1 0 2 0 1 0 1 2 0 1 0
 Node 901:   2 2 0 4 0 0 0 0 0 0 1 1
 Node 902:   3 2 1 5 0 0 0 0 1 0 1 0
 Node 903:   4 2 4 1 1 1 0 1 3 0 0 0
 Node 904:   4 3 1 1 0 0 0 1 1 0 1 0
 Node 905:   5 2 0 2 1 2 0 1 2 0 0 2
 Node 906:   5 2 2 2 1 0 0 1 0 0 0 0
 Node 907:   6 2 2 2 0 0 0 0 2 0 1 2
 Node 908:   6 2 2 2 0 0 0 1 1 0 1 0
 Node 909:   6 3 0 1 0 2 0 0 2 0 1 0
 Node 910:   6 3 0 4 1 1 0 0 2 0 0 1
 Node 911:   5 3 4 3 1 0 0 0 2 0 0 0
 Node 912:   5 3 2 3 0 1 0 0 0 0 1 0
 Node 913:   5 3 0 2 0 0 0 0 2 0 1 0
 Node 914:   5 3 2 3 0 2 0 0 1 0 1 1
 Node 915:   6 2 2 7 0 1 0 0 3 0 1 3
 Node 916:   6 5 1 4 0 0 0 0 0 0 1 4
 Node 917:   6 4 1 3 0 0 0 0 0 0 1 1
 Node 918:   6 4 4 3 0 0 0 0 1 0 1 0
 Node 919:   6 3 0 5 1 0 0 0 2 0 0 1
 Node 920:   4 4 4 7 0 0 0 0 3 0 1 2
 Node 921:   3 3 1 1 1 1 1 0 1 0 0 1
 Node 922:   2 3 1 3 0 0 2 0 1 0 1 0
 Node 923:   2 3 0 2 1 0 3 0 2 0 0 1
 Node 924:   2 4 1 1 1 0 2 0 2 0 0 0
 Node 925:   1 4 2 2 0 1 1 0 5 0 1 0
 Node 926:   1 4 1 2 1 0 2 0 0 0 0 0
 Node 927:   0 5 4 5 1 1 2 0 0 0 0 0
 Node 928:   2 0 1 4 1 0 0 3 0 0 0 0
 Node 929:   1 1 3 3 1 1 0 2 0 0 0 0
 Node 930:   1 1 1 4 1 0 0 1 4 0 0 1
 Node 931:   1 3 2 2 1 0 0 0 3 0 0 1
 Node 932:   1 2 0 1 1 0 0 1 2 0 0 1
 Node 933:   1 2 0 4 0 1 0 1 1 0 1 0
 Node 934:   2 3 1 5 0 0 0 0 2 0 1 0
 Node 935:   3 4 3 2 1 0 0 1 3 0 0 1
 Node 936:   3 4 0 1 1 1 0 1 1 0 0 0
 Node 937:   4 4 0 3 0 1 0 0 2 0 1 0
 Node 938:   4 4 1 2 0 2 0 0 0 0 1 0
 Node 939:   3 3 2 2 1 0 0 0 3 0 0 0
 Node 940:   3 2 2 2 1 2 0 0 1 0 0 0
 Node 941:   4 1 0 1 1 1 0 0 3 0 0 0
 Node 942:   5 2 0 4 1 0 0 0 2 0 0 0
 Node 943:   5 2 2 2 1 2 0 0 2 0 0 0
 Node 944:   6 1 1 4 0 3 0 0 0 0 1 0
 Node 945:   7 1 0 2 1 1 0 0 1 0 0 0
 Node 946:   7 1 2 4 0 0 1 0 1 0 1 1
 Node 947:   7 1 2 5 0 0 0 0 3 0 1 1
 Node 948:   6 1 1 5 0 0 0 0 1 0 1 0
 Node 949:   6 2 1 2 1 0 0 0 1 0 0 0
 Node 950:   4 2 2 3 0 1 0 0 2 0 1 1
 Node 951:   3 2 0 3 1 1 1 0 1 0 0 0
 Node 952:   2 4 4 7 1 0 1 0 2 0 0 0
 Node 953:   2 4 1 0 1 0 1 0 1 0 0 0
 Node 954:   3 3 1 2 1 0 1 0 1 0 0 0
 Node 955:   2 3 0 1 0 0 1 0 3 0 1 0
 Node 956:   3 2 1 0 0 0 1 0 3 0 1 0
 Node 957:   3 3 1 2 0 0 2 0 5 0 1 1
 Node 958:   2 3 0 2 0 0 1 0 2 0 1 1
 Node 959:   0 3 3 5 0 1 2 0 1 0 1 0
 Node 960:   3 0 1 4 1 0 0 1 1 0 0 0
 Node 961:   4 1 2 2 1 0 0 1 2 0 0 0
 Node 962:   4 3 1 4 0 1 0 1 3 0 1 1
 Node 963:   3 4 3 3 1 0 0 1 3 0 0 0
 Node 964:   2 4 0 0 1 1 0 0 2 0 0 0
 Node 965:   2 3 0 4 0 2 0 0 2 0 1 1
 Node 966:   2 3 0 4 0 0 0 0 2 0 1 0
 Node 967:   2 3 2 2 0 1 0 0 4 0 1 0
 Node 968:   2 3 0 1 0 0 0 0 2 0 1 0
 Node 969:   3 3 0 3 1 0 0 0 1 0 0 0
 Node 970:   3 3 1 2 1 0 0 0 0 0 0 1
 Node 971:   4 2 1 2 1 3 0 0 4 0 0 0
 Node 972:   4 3 0 3 1 1 0 0 2 0 0 1
 Node 973:   4 3 0 1 0 0 0 0 3 0 1 0
 Node 974:   5 2 0 4 1 0 0 0 2 0 0 0
 Node 975:   5 3 2 2 0 0 0 0 2 0 1 0
 Node 976:   4 3 1 4 1 0 0 0 1 0 0 1
 Node 977:   5 3 0 2 0 1 0 0 1 0 1 0
 Node 978:   6 3 2 4 0 0 0 0 0 0 1 1
 Node 979:   4 3 0 3 1 1 0 0 5 0 0 2
 Node 980:   4 2 0 3 0 1 0 0 1 0 1 0
 Node 981:   4 2 0 2 1 0 1 0 1 0 0 1
 Node 982:   3 2 2 1 1 0 1 0 2 0 0 0
 Node 983:   2 2 0 1 1 0 2 0 1 0 0 1
 Node 984:   2 2 3 6 1 1 1 0 2 0 0 0
 Node 985:   2 1 0 0 0 1 1 0 1 0 1 1
 Node 986:   2 1 0 2 1 1 0 0 3 0 0 1
 Node 987:   3 1 0 1 1 1 0 0 3 0 0 0
 Node 988:   3 1 0 0 0 1 1 0 3 0 1 0
 Node 989:   3 1 0 3 0 0 1 0 4 0 1 1
 Node 990:   2 2 0 2 0 0 1 0 3 0 1 2
 Node 991:   0 1 2 5 0 1 2 0 2 0 1 1
 Node 992:   1 0 0 4 1 0 0 2 1 0 0 1
 Node 993:   2 1 0 2 1 1 0 2 1 0 0 0
 Node 994:   2 1 0 2 1 2 0 2 4 0 0 2
 Node 995:   1 2 0 3 0 2 0 2 1 0 1 0
 Node 996:   1 2 0 0 1 0 0 1 2 0 0 0
 Node 997:   1 1 0 5 1 0 0 1 3 0 0 1
 Node 998:   2 3 0 3 0 1 0 0 2 0 1 0
 Node 999:   3 3 0 2 1 1 0 0 4 0 0 2
 Node 1000:   4 4 0 1 1 0 0 0 2 0 0 1
 Node 1001:   5 4 0 3 1 0 0 0 0 0 0 0
 Node 1002:   3 5 0 2 0 1 0 0 2 0 1 0
 Node 1003:   3 5 0 5 1 1 0 1 4 0 0 1
 Node 1004:   3 5 0 4 0 0 0 0 1 0 1 0
 Node 1005:   4 4 0 1 1 0 0 0 4 0 0 0
 Node 1006:   3 5 0 3 0 0 0 0 3 0 1 0
 Node 1007:   4 4 0 1 0 0 0 0 2 0 1 2
 Node 1008:   4 5 0 3 1 1 0 0 1 0 0 0
 Node 1009:   4 4 0 3 0 0 0 0 2 0 1 0
 Node 1010:   4 4 0 4 0 0 0 0 0 0 1 2
 Node 1011:   5 3 0 3 0 0 0 0 4 0 1 0
 Node 1012:   3 4 0 2 0 1 0 0 3 0 1 0
 Node 1013:   1 3 0 2 1 0 0 0 2 0 0 0
 Node 1014:   1 2 0 0 0 1 0 0 2 0 1 1
 Node 1015:   2 1 0 1 0 2 0 0 1 0 1 2
 Node 1016:   3 2 0 5 1 2 0 0 2 0 0 1
 Node 1017:   3 2 0 1 1 1 1 0 2 0 0 0
 Node 1018:   2 3 0 3 0 0 1 0 3 0 1 1
 Node 1019:   1 4 0 1 1 1 2 0 4 0 0 0
 Node 1020:   1 4 0 0 1 0 2 0 1 0 0 0
 Node 1021:   1 3 0 2 0 0 2 0 4 0 1 0
 Node 1022:   1 3 0 2 0 0 1 0 4 0 1 2
 Node 1023:   0 3 0 5 0 1 1 0 2 0 1 1

(Maximum) Crossing Paths: 12
The number of paths on this application : 1024 (all-to-all cases: 1047552)
The average hops : 14.426758
ID size(without ID modification)12
total_slots: 13749
avg_slots: 3.356689
unused_total_slots: 35403
unused_avg_slots: 8.643311

