ID Allocation Policy is 0(low port first) / 1(Crossing Paths based method): 1
Address method is 0(destination_based) / 1(path_based): 1
 dst_based renewable label = 13
 path_based renewable label = 14


 (east, west, south, north, from host0,... east(vch2), south(vch2), west(vch2), north(vch2), from host(vch2)0,.. to host(vch2)0,..
 Node  0:   1 0 1 0 1 0
 Node  1:   2 1 1 0 1 0
 Node  2:   3 2 0 0 1 0
 Node  3:   4 2 1 0 1 1
 Node  4:   5 3 1 0 1 0
 Node  5:   5 4 1 0 1 0
 Node  6:   6 4 0 0 1 0
 Node  7:   7 4 0 0 1 1
 Node  8:   8 4 1 0 1 0
 Node  9:   9 5 0 0 1 1
 Node 10:   10 5 0 0 1 0
 Node 11:   11 5 1 0 1 0
 Node 12:   11 6 2 0 1 1
 Node 13:   10 7 2 0 1 0
 Node 14:   9 7 2 0 1 1
 Node 15:   10 7 0 0 1 1
 Node 16:   10 7 2 0 1 1
 Node 17:   9 8 0 0 1 3
 Node 18:   10 7 1 0 1 1
 Node 19:   10 8 2 0 1 0
 Node 20:   10 9 1 0 1 0
 Node 21:   10 9 1 0 1 0
 Node 22:   11 9 0 0 1 1
 Node 23:   10 9 1 0 1 0
 Node 24:   7 8 3 0 1 2
 Node 25:   5 7 2 0 1 1
 Node 26:   5 6 0 0 1 1
 Node 27:   4 5 1 0 1 1
 Node 28:   2 4 2 0 1 1
 Node 29:   2 3 0 0 1 1
 Node 30:   1 2 1 0 1 2
 Node 31:   0 1 1 0 1 0
 Node 32:   1 0 1 0 1 2
 Node 33:   2 0 3 0 1 0
 Node 34:   3 2 1 0 1 1
 Node 35:   4 3 2 1 1 4
 Node 36:   4 4 2 0 1 1
 Node 37:   4 4 2 0 1 2
 Node 38:   5 4 1 0 1 0
 Node 39:   6 5 1 1 1 1
 Node 40:   7 6 1 0 1 0
 Node 41:   8 6 0 1 1 1
 Node 42:   9 6 0 0 1 0
 Node 43:   10 6 2 0 1 1
 Node 44:   10 7 3 1 1 1
 Node 45:   11 7 2 0 1 1
 Node 46:   11 7 2 1 1 2
 Node 47:   12 6 2 1 1 2
 Node 48:   11 8 3 1 1 1
 Node 49:   10 8 1 2 1 0
 Node 50:   9 7 3 1 1 2
 Node 51:   8 7 5 0 1 3
 Node 52:   8 9 1 0 1 2
 Node 53:   7 8 2 0 1 0
 Node 54:   6 7 2 1 1 3
 Node 55:   5 7 2 0 1 2
 Node 56:   4 6 4 2 1 0
 Node 57:   4 6 2 1 1 1
 Node 58:   3 5 1 1 1 0
 Node 59:   2 4 2 1 1 0
 Node 60:   3 3 2 1 1 1
 Node 61:   2 3 1 1 1 0
 Node 62:   1 2 2 2 1 0
 Node 63:   0 1 2 0 1 1
 Node 64:   1 0 1 2 1 2
 Node 65:   2 0 3 0 1 0
 Node 66:   3 0 1 1 1 3
 Node 67:   4 0 2 5 1 1
 Node 68:   5 0 2 1 1 1
 Node 69:   5 0 4 2 1 1
 Node 70:   5 1 3 0 1 3
 Node 71:   5 3 2 2 1 1
 Node 72:   6 3 2 0 1 3
 Node 73:   7 4 0 2 1 1
 Node 74:   7 4 1 0 1 1
 Node 75:   5 4 5 1 1 0
 Node 76:   5 4 4 2 1 2
 Node 77:   5 4 4 1 1 4
 Node 78:   5 5 4 3 1 2
 Node 79:   6 6 2 3 1 2
 Node 80:   5 6 5 1 1 0
 Node 81:   4 6 5 2 1 1
 Node 82:   4 8 4 3 1 0
 Node 83:   3 8 6 2 1 2
 Node 84:   4 7 1 2 1 1
 Node 85:   5 7 2 0 1 0
 Node 86:   5 7 2 4 1 2
 Node 87:   6 6 3 2 1 1
 Node 88:   3 7 7 1 1 1
 Node 89:   2 6 3 2 1 2
 Node 90:   1 5 2 1 1 0
 Node 91:   2 4 2 1 1 2
 Node 92:   1 4 3 2 1 0
 Node 93:   1 3 1 1 1 2
 Node 94:   0 2 3 2 1 0
 Node 95:   0 1 2 1 1 0
 Node 96:   1 0 1 4 1 3
 Node 97:   2 1 3 0 1 1
 Node 98:   3 1 4 4 1 0
 Node 99:   3 4 3 6 1 1
 Node 100:   4 4 2 2 1 1
 Node 101:   4 4 5 3 1 3
 Node 102:   5 4 4 2 1 1
 Node 103:   5 5 2 3 1 3
 Node 104:   5 4 3 3 1 2
 Node 105:   6 4 1 3 1 0
 Node 106:   7 5 1 1 1 1
 Node 107:   8 6 8 1 1 0
 Node 108:   8 9 5 4 1 0
 Node 109:   7 9 5 5 1 0
 Node 110:   8 8 5 5 1 3
 Node 111:   8 10 2 5 1 3
 Node 112:   7 9 6 1 1 1
 Node 113:   6 8 7 3 1 1
 Node 114:   5 8 6 3 1 0
 Node 115:   5 8 6 4 1 0
 Node 116:   5 7 2 3 1 2
 Node 117:   6 7 2 0 1 1
 Node 118:   4 7 3 6 1 1
 Node 119:   5 6 4 3 1 0
 Node 120:   5 7 7 2 1 0
 Node 121:   5 6 3 4 1 2
 Node 122:   5 5 3 1 1 2
 Node 123:   3 5 4 3 1 0
 Node 124:   2 4 4 2 1 0
 Node 125:   0 3 2 3 1 1
 Node 126:   0 2 2 2 1 3
 Node 127:   0 1 2 1 1 0
 Node 128:   1 0 1 6 1 0
 Node 129:   2 0 3 1 1 2
 Node 130:   3 0 6 4 1 1
 Node 131:   4 3 6 7 1 2
 Node 132:   5 6 3 3 1 1
 Node 133:   5 7 6 6 1 1
 Node 134:   6 7 4 3 1 1
 Node 135:   7 7 2 6 1 3
 Node 136:   6 9 5 5 1 2
 Node 137:   6 9 3 3 1 2
 Node 138:   6 10 1 1 1 0
 Node 139:   6 9 8 1 1 1
 Node 140:   6 8 5 4 1 0
 Node 141:   7 7 5 5 1 1
 Node 142:   8 7 5 7 1 0
 Node 143:   7 8 3 8 1 0
 Node 144:   6 8 6 2 1 3
 Node 145:   6 7 8 4 1 0
 Node 146:   7 7 8 3 1 0
 Node 147:   7 9 6 4 1 4
 Node 148:   6 9 3 5 1 1
 Node 149:   6 8 2 1 1 0
 Node 150:   5 7 4 6 1 0
 Node 151:   4 7 6 3 1 1
 Node 152:   3 7 8 2 1 0
 Node 153:   2 6 4 6 1 0
 Node 154:   1 6 4 3 1 2
 Node 155:   1 5 4 3 1 0
 Node 156:   1 4 4 2 1 0
 Node 157:   1 3 2 3 1 2
 Node 158:   1 2 2 4 1 3
 Node 159:   0 1 3 1 1 0
 Node 160:   0 0 4 6 1 0
 Node 161:   0 2 4 3 1 0
 Node 162:   1 2 6 4 1 0
 Node 163:   2 2 8 9 1 0
 Node 164:   1 5 4 4 1 3
 Node 165:   2 4 7 7 1 2
 Node 166:   3 5 5 4 1 1
 Node 167:   3 6 2 7 1 0
 Node 168:   3 5 5 7 1 0
 Node 169:   4 4 3 5 1 2
 Node 170:   4 5 1 1 1 0
 Node 171:   5 4 8 2 1 0
 Node 172:   6 4 7 4 1 0
 Node 173:   6 6 6 6 1 0
 Node 174:   6 6 6 6 1 0
 Node 175:   6 6 3 7 1 0
 Node 176:   6 5 6 4 1 2
 Node 177:   5 5 10 4 1 1
 Node 178:   5 5 7 3 1 1
 Node 179:   5 4 8 7 1 3
 Node 180:   6 5 4 6 1 2
 Node 181:   7 6 2 1 1 1
 Node 182:   7 6 4 5 1 0
 Node 183:   4 5 9 4 1 1
 Node 184:   4 5 10 2 1 3
 Node 185:   3 7 5 5 1 0
 Node 186:   3 6 4 5 1 0
 Node 187:   2 5 5 3 1 0
 Node 188:   1 4 5 2 1 2
 Node 189:   1 3 2 5 1 0
 Node 190:   0 2 3 7 1 0
 Node 191:   0 1 3 1 1 1
 Node 192:   1 0 4 6 1 2
 Node 193:   2 2 4 3 1 1
 Node 194:   3 2 5 4 1 3
 Node 195:   4 2 9 8 1 0
 Node 196:   5 3 5 7 1 0
 Node 197:   4 4 8 9 1 0
 Node 198:   4 4 5 5 1 0
 Node 199:   4 3 2 7 1 0
 Node 200:   5 2 7 7 1 0
 Node 201:   6 5 5 6 1 0
 Node 202:   6 7 2 1 1 1
 Node 203:   6 7 10 2 1 0
 Node 204:   5 8 8 4 1 0
 Node 205:   5 7 7 6 1 0
 Node 206:   5 7 8 6 1 1
 Node 207:   5 8 4 7 1 0
 Node 208:   6 8 6 5 1 2
 Node 209:   4 8 13 5 1 0
 Node 210:   3 8 8 3 1 2
 Node 211:   4 9 8 10 1 0
 Node 212:   5 9 3 8 1 2
 Node 213:   4 9 3 2 1 0
 Node 214:   2 8 6 5 1 0
 Node 215:   2 7 10 4 1 1
 Node 216:   2 7 10 4 1 1
 Node 217:   1 6 6 5 1 1
 Node 218:   1 5 3 5 1 2
 Node 219:   0 4 6 3 1 1
 Node 220:   0 4 5 4 1 1
 Node 221:   0 3 2 5 1 1
 Node 222:   0 2 2 7 1 3
 Node 223:   0 1 3 2 1 0
 Node 224:   1 0 5 6 1 2
 Node 225:   2 1 6 4 1 1
 Node 226:   3 3 6 6 1 1
 Node 227:   4 4 11 8 1 0
 Node 228:   5 6 5 7 1 2
 Node 229:   5 6 9 8 1 0
 Node 230:   6 7 6 5 1 0
 Node 231:   7 9 2 7 1 0
 Node 232:   8 9 6 6 1 1
 Node 233:   7 9 9 6 1 1
 Node 234:   6 12 4 2 1 2
 Node 235:   7 12 9 2 1 3
 Node 236:   7 13 9 4 1 1
 Node 237:   7 13 6 6 1 2
 Node 238:   7 12 8 7 1 0
 Node 239:   7 11 4 7 1 1
 Node 240:   7 10 7 7 1 0
 Node 241:   8 10 12 5 1 3
 Node 242:   7 10 8 3 1 1
 Node 243:   8 9 8 10 1 1
 Node 244:   6 9 5 9 1 0
 Node 245:   6 8 4 2 1 0
 Node 246:   6 8 6 5 1 0
 Node 247:   6 7 8 5 1 2
 Node 248:   5 6 10 5 1 1
 Node 249:   5 5 4 6 1 3
 Node 250:   3 4 5 6 1 0
 Node 251:   2 3 7 3 1 2
 Node 252:   3 2 4 5 1 2
 Node 253:   2 2 2 6 1 3
 Node 254:   2 1 2 9 1 1
 Node 255:   0 0 5 2 1 0
 Node 256:   1 0 5 8 1 0
 Node 257:   2 1 8 5 1 1
 Node 258:   1 4 10 7 1 0
 Node 259:   2 6 11 8 1 1
 Node 260:   3 7 5 9 1 0
 Node 261:   3 7 9 7 1 1
 Node 262:   4 9 6 4 1 1
 Node 263:   5 9 2 7 1 0
 Node 264:   6 9 6 6 1 0
 Node 265:   7 9 8 6 1 3
 Node 266:   7 9 5 4 1 3
 Node 267:   7 10 10 3 1 0
 Node 268:   8 10 9 5 1 0
 Node 269:   8 10 9 7 1 0
 Node 270:   8 12 8 7 1 1
 Node 271:   8 12 4 8 1 0
 Node 272:   8 12 8 7 1 0
 Node 273:   9 12 12 7 1 0
 Node 274:   8 12 9 3 1 0
 Node 275:   7 11 9 11 1 0
 Node 276:   6 10 5 9 1 4
 Node 277:   6 9 4 2 1 1
 Node 278:   6 8 6 5 1 1
 Node 279:   6 7 8 5 1 2
 Node 280:   5 6 11 5 1 0
 Node 281:   4 5 5 7 1 1
 Node 282:   5 4 5 6 1 0
 Node 283:   6 4 6 5 1 3
 Node 284:   6 4 4 6 1 0
 Node 285:   6 3 2 8 1 1
 Node 286:   1 2 5 10 1 0
 Node 287:   0 1 6 1 1 4
 Node 288:   1 0 5 7 1 0
 Node 289:   2 0 8 5 1 1
 Node 290:   3 1 12 7 1 1
 Node 291:   4 3 10 8 1 2
 Node 292:   5 4 7 9 1 1
 Node 293:   5 6 7 5 1 3
 Node 294:   5 6 7 5 1 2
 Node 295:   6 6 3 7 1 1
 Node 296:   7 7 7 6 1 4
 Node 297:   8 9 9 8 1 3
 Node 298:   6 10 8 6 1 2
 Node 299:   5 11 12 3 1 2
 Node 300:   4 13 10 5 1 1
 Node 301:   4 13 10 7 1 0
 Node 302:   4 13 8 7 1 1
 Node 303:   4 12 3 7 1 1
 Node 304:   3 11 9 7 1 1
 Node 305:   3 10 12 7 1 0
 Node 306:   2 9 10 3 1 0
 Node 307:   3 8 10 11 1 0
 Node 308:   3 10 5 12 1 0
 Node 309:   3 9 4 3 1 2
 Node 310:   3 8 6 6 1 1
 Node 311:   3 7 8 7 1 1
 Node 312:   2 6 11 5 1 3
 Node 313:   2 6 5 8 1 0
 Node 314:   1 5 6 6 1 0
 Node 315:   0 4 5 7 1 1
 Node 316:   0 3 4 6 1 0
 Node 317:   0 2 2 9 1 1
 Node 318:   0 2 5 8 1 0
 Node 319:   0 1 6 5 1 2
 Node 320:   1 0 5 7 1 0
 Node 321:   2 0 8 5 1 0
 Node 322:   3 0 13 8 1 0
 Node 323:   4 1 10 8 1 1
 Node 324:   4 1 7 10 1 1
 Node 325:   5 1 7 5 1 2
 Node 326:   6 2 8 7 1 0
 Node 327:   6 3 6 8 1 1
 Node 328:   6 6 7 9 1 0
 Node 329:   6 5 10 11 1 0
 Node 330:   6 6 7 7 1 2
 Node 331:   6 5 13 3 1 3
 Node 332:   5 6 12 5 1 1
 Node 333:   4 7 11 7 1 0
 Node 334:   5 6 8 8 1 1
 Node 335:   6 6 6 7 1 1
 Node 336:   5 9 10 8 1 1
 Node 337:   5 9 11 7 1 1
 Node 338:   5 8 11 3 1 1
 Node 339:   4 8 9 10 1 1
 Node 340:   3 7 5 12 1 0
 Node 341:   3 6 3 5 1 2
 Node 342:   3 8 5 7 1 3
 Node 343:   3 8 8 8 1 1
 Node 344:   3 7 12 6 1 0
 Node 345:   2 7 6 8 1 0
 Node 346:   2 6 6 6 1 0
 Node 347:   2 5 3 6 1 2
 Node 348:   2 4 4 6 1 1
 Node 349:   0 3 2 9 1 1
 Node 350:   0 2 4 8 1 4
 Node 351:   0 1 6 7 1 0
 Node 352:   1 0 5 7 1 0
 Node 353:   2 0 8 5 1 0
 Node 354:   3 0 12 8 1 1
 Node 355:   4 1 10 9 1 1
 Node 356:   4 1 6 10 1 2
 Node 357:   5 0 8 6 1 1
 Node 358:   6 1 8 7 1 0
 Node 359:   7 2 6 8 1 1
 Node 360:   8 3 9 9 1 0
 Node 361:   9 5 9 10 1 2
 Node 362:   9 5 7 8 1 1
 Node 363:   10 5 11 5 1 2
 Node 364:   10 6 13 5 1 1
 Node 365:   11 6 10 7 1 1
 Node 366:   11 6 8 9 1 0
 Node 367:   10 6 6 8 1 2
 Node 368:   10 6 11 8 1 1
 Node 369:   10 8 11 7 1 0
 Node 370:   8 7 12 4 1 0
 Node 371:   7 6 10 9 1 1
 Node 372:   7 6 5 11 1 0
 Node 373:   6 7 4 3 1 0
 Node 374:   7 6 5 8 1 2
 Node 375:   6 6 10 9 1 1
 Node 376:   6 7 11 6 1 1
 Node 377:   4 6 7 8 1 0
 Node 378:   4 5 6 6 1 3
 Node 379:   4 4 4 6 1 2
 Node 380:   4 4 4 7 1 1
 Node 381:   2 3 3 8 1 0
 Node 382:   0 2 4 11 1 1
 Node 383:   0 1 5 7 1 1
 Node 384:   1 0 4 7 1 2
 Node 385:   2 0 9 5 1 1
 Node 386:   3 3 10 7 1 2
 Node 387:   4 5 11 10 1 0
 Node 388:   5 6 5 11 1 2
 Node 389:   6 9 8 7 1 0
 Node 390:   7 9 8 6 1 1
 Node 391:   7 10 5 8 1 1
 Node 392:   8 10 10 9 1 1
 Node 393:   9 12 9 11 1 1
 Node 394:   9 12 7 8 1 1
 Node 395:   10 12 12 4 1 0
 Node 396:   10 13 13 6 1 1
 Node 397:   9 13 11 7 1 1
 Node 398:   9 13 7 8 1 1
 Node 399:   8 12 6 8 1 2
 Node 400:   7 11 12 7 1 1
 Node 401:   6 11 12 7 1 0
 Node 402:   6 10 12 3 1 2
 Node 403:   4 9 10 9 1 2
 Node 404:   5 8 6 9 1 1
 Node 405:   5 9 4 3 1 1
 Node 406:   5 8 5 10 1 0
 Node 407:   3 7 11 9 1 0
 Node 408:   3 6 10 6 1 3
 Node 409:   3 5 7 7 1 1
 Node 410:   4 4 6 9 1 1
 Node 411:   4 4 4 8 1 0
 Node 412:   3 4 4 8 1 1
 Node 413:   2 3 4 7 1 1
 Node 414:   0 2 5 10 1 1
 Node 415:   0 1 4 7 1 4
 Node 416:   1 0 5 8 1 1
 Node 417:   2 1 8 4 1 2
 Node 418:   3 1 10 5 1 1
 Node 419:   4 1 11 10 1 1
 Node 420:   5 2 7 9 1 0
 Node 421:   6 4 7 7 1 3
 Node 422:   7 4 8 6 1 1
 Node 423:   7 4 7 7 1 1
 Node 424:   8 5 10 9 1 0
 Node 425:   7 6 7 12 1 3
 Node 426:   8 6 8 8 1 0
 Node 427:   9 7 12 4 1 0
 Node 428:   9 7 14 6 1 2
 Node 429:   10 7 10 7 1 3
 Node 430:   10 7 7 8 1 0
 Node 431:   10 6 6 9 1 0
 Node 432:   11 5 11 7 1 2
 Node 433:   11 6 12 7 1 0
 Node 434:   11 6 12 5 1 3
 Node 435:   10 7 10 9 1 1
 Node 436:   8 6 6 10 1 0
 Node 437:   8 5 4 4 1 1
 Node 438:   8 4 4 10 1 2
 Node 439:   8 3 10 8 1 1
 Node 440:   9 4 8 8 1 2
 Node 441:   9 4 7 8 1 0
 Node 442:   8 5 5 10 1 1
 Node 443:   3 4 6 7 1 1
 Node 444:   3 3 4 8 1 0
 Node 445:   3 3 4 8 1 2
 Node 446:   3 2 4 10 1 1
 Node 447:   0 1 5 10 1 1
 Node 448:   1 0 5 9 1 2
 Node 449:   2 0 7 5 1 2
 Node 450:   3 0 10 6 1 1
 Node 451:   4 0 9 10 1 3
 Node 452:   5 2 7 9 1 2
 Node 453:   6 4 7 9 1 0
 Node 454:   4 7 8 7 1 1
 Node 455:   4 6 8 8 1 0
 Node 456:   4 6 9 8 1 1
 Node 457:   5 5 7 11 1 2
 Node 458:   5 7 9 8 1 0
 Node 459:   5 7 13 4 1 0
 Node 460:   6 7 13 8 1 2
 Node 461:   5 7 12 9 1 2
 Node 462:   6 7 7 8 1 0
 Node 463:   7 7 5 9 1 1
 Node 464:   8 7 11 7 1 0
 Node 465:   7 7 10 6 1 2
 Node 466:   7 6 9 6 1 5
 Node 467:   8 6 9 9 1 2
 Node 468:   5 6 8 8 1 0
 Node 469:   4 5 4 5 1 2
 Node 470:   5 5 4 11 1 0
 Node 471:   5 5 9 6 1 2
 Node 472:   3 4 10 8 1 0
 Node 473:   1 4 8 6 1 2
 Node 474:   2 3 5 9 1 0
 Node 475:   2 3 5 5 1 1
 Node 476:   3 2 4 7 1 0
 Node 477:   2 2 5 10 1 2
 Node 478:   0 1 6 10 1 1
 Node 479:   0 0 5 9 1 0
 Node 480:   1 0 5 11 1 0
 Node 481:   2 1 6 6 1 1
 Node 482:   3 1 10 7 1 1
 Node 483:   4 1 9 9 1 0
 Node 484:   5 1 6 9 1 2
 Node 485:   6 1 7 6 1 0
 Node 486:   6 1 7 6 1 2
 Node 487:   7 1 8 8 1 2
 Node 488:   7 1 9 8 1 1
 Node 489:   8 2 9 11 1 0
 Node 490:   9 5 9 8 1 2
 Node 491:   9 6 14 4 1 1
 Node 492:   9 7 13 9 1 0
 Node 493:   10 7 12 11 1 0
 Node 494:   9 7 8 8 1 0
 Node 495:   9 6 4 9 1 1
 Node 496:   9 6 11 7 1 1
 Node 497:   9 6 11 5 1 3
 Node 498:   5 6 11 7 1 2
 Node 499:   4 5 8 10 1 4
 Node 500:   5 4 7 7 1 1
 Node 501:   6 4 5 5 1 0
 Node 502:   6 5 4 11 1 0
 Node 503:   5 5 9 7 1 2
 Node 504:   5 4 9 7 1 2
 Node 505:   5 4 8 7 1 0
 Node 506:   3 4 5 9 1 1
 Node 507:   2 4 7 5 1 0
 Node 508:   2 4 2 7 1 3
 Node 509:   0 3 5 12 1 1
 Node 510:   0 2 6 11 1 1
 Node 511:   0 1 4 8 1 1
 Node 512:   1 0 5 10 1 0
 Node 513:   2 0 7 6 1 0
 Node 514:   3 1 10 8 1 2
 Node 515:   4 1 8 9 1 1
 Node 516:   5 2 5 10 1 1
 Node 517:   6 3 8 6 1 0
 Node 518:   7 4 7 6 1 0
 Node 519:   7 4 8 10 1 2
 Node 520:   7 4 10 7 1 2
 Node 521:   8 6 9 10 1 0
 Node 522:   9 7 9 9 1 0
 Node 523:   9 7 13 4 1 2
 Node 524:   8 7 13 8 1 1
 Node 525:   8 8 12 11 1 0
 Node 526:   8 10 8 8 1 1
 Node 527:   8 10 4 8 1 1
 Node 528:   8 10 11 7 1 1
 Node 529:   8 11 11 8 1 0
 Node 530:   8 10 11 7 1 0
 Node 531:   8 9 8 12 1 1
 Node 532:   8 9 8 7 1 0
 Node 533:   8 9 5 5 1 2
 Node 534:   7 8 4 10 1 1
 Node 535:   7 7 9 8 1 0
 Node 536:   5 6 10 7 1 1
 Node 537:   5 5 8 6 1 1
 Node 538:   3 5 7 7 1 1
 Node 539:   2 5 7 5 1 2
 Node 540:   2 4 2 8 1 0
 Node 541:   2 3 5 11 1 1
 Node 542:   0 2 6 12 1 1
 Node 543:   0 1 4 8 1 0
 Node 544:   1 0 5 10 1 0
 Node 545:   2 1 8 6 1 0
 Node 546:   3 3 11 10 1 2
 Node 547:   4 5 8 8 1 1
 Node 548:   4 6 5 9 1 1
 Node 549:   4 6 8 6 1 1
 Node 550:   4 7 6 6 1 1
 Node 551:   5 6 8 11 1 2
 Node 552:   4 8 10 7 1 0
 Node 553:   5 7 7 9 1 2
 Node 554:   6 7 6 9 1 3
 Node 555:   7 8 13 4 1 1
 Node 556:   7 8 11 6 1 2
 Node 557:   7 8 12 8 1 2
 Node 558:   7 8 8 8 1 0
 Node 559:   7 8 4 8 1 2
 Node 560:   6 7 11 6 1 1
 Node 561:   7 6 11 8 1 0
 Node 562:   8 7 10 7 1 2
 Node 563:   9 8 8 12 1 0
 Node 564:   9 8 8 7 1 0
 Node 565:   8 8 5 7 1 1
 Node 566:   7 8 4 10 1 1
 Node 567:   6 8 9 8 1 0
 Node 568:   5 7 9 7 1 1
 Node 569:   5 6 8 6 1 0
 Node 570:   3 5 6 7 1 1
 Node 571:   2 4 7 6 1 1
 Node 572:   2 4 2 8 1 0
 Node 573:   1 3 4 12 1 2
 Node 574:   1 2 6 11 1 1
 Node 575:   0 1 5 8 1 0
 Node 576:   1 0 4 9 1 1
 Node 577:   1 0 8 5 1 2
 Node 578:   2 1 11 11 1 1
 Node 579:   3 1 8 8 1 0
 Node 580:   4 2 5 9 1 0
 Node 581:   5 3 7 5 1 2
 Node 582:   6 3 4 6 1 4
 Node 583:   7 4 7 11 1 1
 Node 584:   7 4 11 6 1 1
 Node 585:   7 5 7 9 1 0
 Node 586:   8 5 7 8 1 0
 Node 587:   8 6 14 5 1 2
 Node 588:   8 8 11 5 1 0
 Node 589:   8 8 10 9 1 2
 Node 590:   8 7 7 7 1 1
 Node 591:   8 6 4 10 1 0
 Node 592:   9 6 11 6 1 2
 Node 593:   10 7 10 7 1 2
 Node 594:   10 8 10 7 1 1
 Node 595:   10 8 8 12 1 1
 Node 596:   7 10 9 6 1 1
 Node 597:   7 9 4 6 1 1
 Node 598:   7 8 4 9 1 0
 Node 599:   8 7 7 7 1 3
 Node 600:   7 7 9 6 1 2
 Node 601:   6 6 8 6 1 0
 Node 602:   6 5 5 5 1 1
 Node 603:   6 4 7 5 1 1
 Node 604:   4 3 2 8 1 1
 Node 605:   3 2 4 12 1 0
 Node 606:   1 1 6 12 1 2
 Node 607:   0 1 6 8 1 0
 Node 608:   1 0 4 9 1 0
 Node 609:   2 0 8 5 1 0
 Node 610:   3 0 11 12 1 0
 Node 611:   3 0 9 7 1 1
 Node 612:   4 1 5 8 1 1
 Node 613:   5 2 7 6 1 0
 Node 614:   6 3 3 7 1 2
 Node 615:   7 3 6 11 1 1
 Node 616:   8 4 11 6 1 0
 Node 617:   7 4 8 8 1 0
 Node 618:   7 4 7 8 1 2
 Node 619:   6 4 13 5 1 2
 Node 620:   7 4 10 4 1 1
 Node 621:   8 4 9 9 1 1
 Node 622:   6 4 8 7 1 1
 Node 623:   7 4 5 9 1 1
 Node 624:   7 5 11 7 1 0
 Node 625:   7 5 10 7 1 4
 Node 626:   7 7 10 7 1 0
 Node 627:   6 6 8 10 1 1
 Node 628:   6 5 9 5 1 0
 Node 629:   7 4 4 6 1 1
 Node 630:   7 4 4 9 1 2
 Node 631:   7 4 7 8 1 0
 Node 632:   7 4 7 7 1 3
 Node 633:   7 4 8 5 1 1
 Node 634:   6 5 4 5 1 1
 Node 635:   5 4 6 6 1 1
 Node 636:   4 3 4 7 1 0
 Node 637:   3 3 4 11 1 2
 Node 638:   1 2 6 11 1 0
 Node 639:   0 1 6 8 1 2
 Node 640:   1 0 4 9 1 0
 Node 641:   2 0 8 5 1 1
 Node 642:   3 0 11 12 1 0
 Node 643:   4 3 7 7 1 2
 Node 644:   5 3 5 8 1 1
 Node 645:   6 5 8 5 1 0
 Node 646:   6 6 3 8 1 0
 Node 647:   7 5 5 10 1 1
 Node 648:   8 5 12 6 1 1
 Node 649:   8 6 7 7 1 2
 Node 650:   8 5 6 9 1 1
 Node 651:   8 4 13 4 1 0
 Node 652:   8 3 10 4 1 0
 Node 653:   7 3 9 9 1 0
 Node 654:   6 3 8 6 1 1
 Node 655:   7 4 6 10 1 2
 Node 656:   7 6 11 6 1 0
 Node 657:   7 5 11 8 1 0
 Node 658:   8 7 9 7 1 1
 Node 659:   9 7 10 10 1 0
 Node 660:   8 9 8 5 1 4
 Node 661:   8 8 4 7 1 1
 Node 662:   9 7 3 10 1 1
 Node 663:   9 7 6 7 1 2
 Node 664:   7 7 8 7 1 0
 Node 665:   6 6 8 4 1 1
 Node 666:   6 5 4 4 1 1
 Node 667:   6 4 6 5 1 0
 Node 668:   7 3 4 7 1 0
 Node 669:   5 3 5 12 1 0
 Node 670:   4 2 6 9 1 1
 Node 671:   0 1 6 9 1 1
 Node 672:   1 0 4 9 1 1
 Node 673:   2 2 7 6 1 1
 Node 674:   3 3 10 9 1 1
 Node 675:   3 5 7 7 1 1
 Node 676:   4 5 5 7 1 0
 Node 677:   5 6 7 5 1 1
 Node 678:   6 7 3 8 1 0
 Node 679:   6 7 5 10 1 1
 Node 680:   7 7 12 7 1 1
 Node 681:   7 10 7 8 1 0
 Node 682:   6 10 8 9 1 0
 Node 683:   6 10 14 4 1 0
 Node 684:   6 10 10 3 1 2
 Node 685:   6 11 8 7 1 1
 Node 686:   5 10 8 4 1 3
 Node 687:   5 9 6 11 1 1
 Node 688:   4 9 11 6 1 1
 Node 689:   4 10 9 6 1 2
 Node 690:   4 9 8 7 1 1
 Node 691:   4 8 10 10 1 0
 Node 692:   5 9 8 7 1 0
 Node 693:   5 9 4 8 1 0
 Node 694:   4 8 2 10 1 2
 Node 695:   4 7 6 7 1 0
 Node 696:   5 6 7 6 1 1
 Node 697:   4 6 7 4 1 1
 Node 698:   4 5 2 5 1 2
 Node 699:   4 4 6 5 1 0
 Node 700:   3 3 5 7 1 0
 Node 701:   2 3 3 11 1 2
 Node 702:   0 2 7 9 1 1
 Node 703:   0 1 6 6 1 0
 Node 704:   1 0 3 8 1 1
 Node 705:   2 1 6 5 1 3
 Node 706:   3 1 9 7 1 2
 Node 707:   4 1 6 7 1 1
 Node 708:   5 1 4 6 1 1
 Node 709:   6 1 7 4 1 1
 Node 710:   5 2 3 8 1 0
 Node 711:   5 2 5 10 1 1
 Node 712:   6 2 13 5 1 2
 Node 713:   6 3 6 7 1 1
 Node 714:   7 3 8 9 1 0
 Node 715:   8 5 13 4 1 2
 Node 716:   9 6 9 3 1 1
 Node 717:   10 6 8 7 1 0
 Node 718:   10 7 7 6 1 1
 Node 719:   10 6 6 11 1 0
 Node 720:   8 6 11 4 1 2
 Node 721:   8 5 8 6 1 1
 Node 722:   9 4 8 7 1 0
 Node 723:   9 4 9 8 1 1
 Node 724:   8 3 7 7 1 1
 Node 725:   8 2 4 8 1 1
 Node 726:   8 2 3 10 1 1
 Node 727:   8 5 6 7 1 1
 Node 728:   6 4 8 6 1 0
 Node 729:   6 4 7 3 1 0
 Node 730:   5 4 3 5 1 0
 Node 731:   5 4 5 5 1 1
 Node 732:   4 3 6 6 1 0
 Node 733:   3 3 3 10 1 0
 Node 734:   1 2 7 9 1 0
 Node 735:   0 1 6 6 1 1
 Node 736:   1 0 2 7 1 2
 Node 737:   2 1 6 7 1 0
 Node 738:   3 3 10 8 1 0
 Node 739:   3 4 6 7 1 0
 Node 740:   3 5 6 6 1 0
 Node 741:   4 7 7 4 1 1
 Node 742:   5 7 3 6 1 0
 Node 743:   5 7 5 10 1 1
 Node 744:   5 7 13 7 1 0
 Node 745:   6 8 6 6 1 0
 Node 746:   6 8 7 7 1 3
 Node 747:   6 10 11 4 1 2
 Node 748:   7 10 9 3 1 0
 Node 749:   7 11 6 6 1 2
 Node 750:   7 10 6 6 1 1
 Node 751:   7 10 6 10 1 1
 Node 752:   8 10 10 4 1 1
 Node 753:   8 11 6 6 1 2
 Node 754:   6 10 6 7 1 3
 Node 755:   4 9 11 8 1 0
 Node 756:   4 8 6 6 1 1
 Node 757:   4 7 3 8 1 2
 Node 758:   4 7 4 8 1 2
 Node 759:   4 7 5 8 1 1
 Node 760:   3 6 7 4 1 1
 Node 761:   3 5 6 2 1 1
 Node 762:   3 4 2 4 1 1
 Node 763:   3 3 5 5 1 0
 Node 764:   3 2 4 5 1 4
 Node 765:   3 2 3 9 1 0
 Node 766:   2 1 5 7 1 2
 Node 767:   0 1 7 6 1 0
 Node 768:   1 0 2 7 1 0
 Node 769:   2 3 5 5 1 2
 Node 770:   3 3 9 8 1 1
 Node 771:   3 3 5 5 1 1
 Node 772:   4 3 6 5 1 0
 Node 773:   5 3 7 5 1 0
 Node 774:   6 4 2 6 1 2
 Node 775:   7 5 4 10 1 1
 Node 776:   6 6 10 5 1 3
 Node 777:   7 5 6 6 1 0
 Node 778:   8 6 6 6 1 1
 Node 779:   9 7 10 3 1 1
 Node 780:   9 7 9 2 1 0
 Node 781:   9 6 6 6 1 1
 Node 782:   10 6 6 5 1 0
 Node 783:   11 7 6 10 1 0
 Node 784:   11 7 10 3 1 1
 Node 785:   12 7 4 6 1 2
 Node 786:   10 8 7 6 1 0
 Node 787:   9 8 10 8 1 2
 Node 788:   8 8 6 6 1 1
 Node 789:   8 8 4 8 1 0
 Node 790:   7 9 4 10 1 0
 Node 791:   7 8 5 8 1 0
 Node 792:   6 7 6 3 1 1
 Node 793:   6 6 5 2 1 1
 Node 794:   4 5 3 4 1 1
 Node 795:   4 4 3 5 1 3
 Node 796:   4 4 2 6 1 2
 Node 797:   2 3 3 9 1 1
 Node 798:   1 2 4 5 1 1
 Node 799:   0 1 7 5 1 0
 Node 800:   1 0 2 4 1 0
 Node 801:   2 0 4 6 1 2
 Node 802:   3 0 7 8 1 2
 Node 803:   4 1 4 4 1 1
 Node 804:   5 2 6 5 1 1
 Node 805:   6 3 7 4 1 0
 Node 806:   7 4 2 6 1 0
 Node 807:   8 4 4 9 1 0
 Node 808:   9 5 7 4 1 4
 Node 809:   9 6 5 5 1 3
 Node 810:   10 9 5 5 1 1
 Node 811:   11 9 8 3 1 3
 Node 812:   11 11 7 2 1 2
 Node 813:   12 10 5 6 1 1
 Node 814:   11 10 4 4 1 3
 Node 815:   10 9 6 10 1 1
 Node 816:   10 9 9 3 1 1
 Node 817:   10 8 3 5 1 1
 Node 818:   10 8 6 4 1 1
 Node 819:   10 7 9 7 1 2
 Node 820:   9 7 6 5 1 0
 Node 821:   8 6 4 7 1 0
 Node 822:   7 5 5 9 1 0
 Node 823:   6 5 5 8 1 1
 Node 824:   5 5 5 2 1 2
 Node 825:   5 5 6 2 1 0
 Node 826:   5 5 3 4 1 1
 Node 827:   4 5 4 5 1 0
 Node 828:   3 4 1 6 1 1
 Node 829:   2 3 3 8 1 1
 Node 830:   1 2 4 4 1 0
 Node 831:   0 1 6 4 1 1
 Node 832:   1 0 2 4 1 0
 Node 833:   2 2 5 7 1 0
 Node 834:   2 5 7 7 1 0
 Node 835:   3 4 5 3 1 1
 Node 836:   4 5 4 5 1 2
 Node 837:   4 5 5 3 1 2
 Node 838:   4 5 1 6 1 3
 Node 839:   4 6 4 8 1 0
 Node 840:   4 8 6 4 1 1
 Node 841:   5 8 6 3 1 0
 Node 842:   5 9 5 5 1 1
 Node 843:   6 8 7 2 1 1
 Node 844:   6 9 6 2 1 1
 Node 845:   7 8 3 6 1 2
 Node 846:   8 10 3 4 1 1
 Node 847:   7 11 3 9 1 4
 Node 848:   7 13 7 3 1 3
 Node 849:   8 12 2 4 1 1
 Node 850:   6 12 7 4 1 0
 Node 851:   6 12 8 7 1 3
 Node 852:   6 11 5 4 1 1
 Node 853:   5 10 4 6 1 0
 Node 854:   5 9 4 8 1 1
 Node 855:   4 8 4 7 1 1
 Node 856:   3 7 5 1 1 1
 Node 857:   4 6 5 2 1 1
 Node 858:   4 6 3 4 1 1
 Node 859:   2 5 3 5 1 1
 Node 860:   2 4 1 5 1 0
 Node 861:   1 3 3 8 1 1
 Node 862:   0 2 4 3 1 1
 Node 863:   0 1 5 3 1 2
 Node 864:   1 0 1 2 1 1
 Node 865:   2 0 4 5 1 1
 Node 866:   3 1 7 7 1 0
 Node 867:   4 1 3 4 1 2
 Node 868:   5 2 3 5 1 1
 Node 869:   6 3 5 2 1 0
 Node 870:   6 3 1 6 1 0
 Node 871:   7 4 6 5 1 0
 Node 872:   8 7 2 3 1 4
 Node 873:   7 7 5 3 1 1
 Node 874:   7 6 4 6 1 1
 Node 875:   7 7 6 1 1 1
 Node 876:   8 6 4 2 1 2
 Node 877:   9 6 3 4 1 0
 Node 878:   10 7 2 3 1 1
 Node 879:   10 7 3 6 1 0
 Node 880:   9 9 6 4 1 1
 Node 881:   10 8 2 4 1 0
 Node 882:   10 10 7 2 1 0
 Node 883:   7 10 7 9 1 1
 Node 884:   6 10 5 4 1 1
 Node 885:   5 9 2 5 1 2
 Node 886:   4 8 4 8 1 0
 Node 887:   3 7 4 6 1 1
 Node 888:   4 6 4 1 1 2
 Node 889:   5 6 5 2 1 0
 Node 890:   4 6 2 5 1 1
 Node 891:   3 5 3 3 1 0
 Node 892:   2 4 1 5 1 0
 Node 893:   1 3 2 8 1 1
 Node 894:   0 2 5 3 1 0
 Node 895:   0 1 4 4 1 1
 Node 896:   1 0 0 2 1 1
 Node 897:   2 0 2 4 1 2
 Node 898:   3 0 5 7 1 2
 Node 899:   4 1 3 3 1 0
 Node 900:   5 2 2 4 1 1
 Node 901:   6 3 4 2 1 1
 Node 902:   7 3 1 4 1 0
 Node 903:   8 4 5 4 1 1
 Node 904:   8 6 2 3 1 0
 Node 905:   9 5 1 2 1 4
 Node 906:   10 5 4 4 1 0
 Node 907:   11 6 4 1 1 2
 Node 908:   12 6 4 2 1 0
 Node 909:   12 7 1 3 1 2
 Node 910:   12 7 0 3 1 2
 Node 911:   11 7 4 3 1 0
 Node 912:   11 7 5 3 1 1
 Node 913:   11 7 2 2 1 0
 Node 914:   11 7 4 1 1 3
 Node 915:   12 6 4 5 1 4
 Node 916:   12 8 2 4 1 4
 Node 917:   12 7 1 4 1 1
 Node 918:   12 7 4 7 1 0
 Node 919:   11 6 3 6 1 1
 Node 920:   8 7 4 2 1 2
 Node 921:   7 6 3 2 1 2
 Node 922:   6 5 2 4 1 0
 Node 923:   6 4 2 2 1 1
 Node 924:   6 3 1 4 1 0
 Node 925:   2 3 2 7 1 1
 Node 926:   1 2 5 3 1 0
 Node 927:   0 1 4 4 1 1
 Node 928:   1 0 1 2 1 0
 Node 929:   2 1 1 4 1 1
 Node 930:   3 2 5 6 1 1
 Node 931:   3 5 2 2 1 1
 Node 932:   3 5 1 3 1 1
 Node 933:   4 5 3 2 1 1
 Node 934:   5 6 1 3 1 0
 Node 935:   6 8 4 2 1 1
 Node 936:   7 8 1 3 1 1
 Node 937:   8 8 0 2 1 1
 Node 938:   8 9 2 3 1 2
 Node 939:   8 8 4 1 1 0
 Node 940:   8 7 2 1 1 2
 Node 941:   9 6 0 2 1 1
 Node 942:   10 7 0 2 1 0
 Node 943:   10 7 2 2 1 2
 Node 944:   11 6 2 2 1 3
 Node 945:   12 6 1 1 1 1
 Node 946:   12 6 3 1 1 1
 Node 947:   12 5 3 4 1 1
 Node 948:   11 5 2 5 1 0
 Node 949:   11 5 1 3 1 0
 Node 950:   7 5 2 7 1 2
 Node 951:   5 5 4 3 1 1
 Node 952:   4 6 4 1 1 0
 Node 953:   4 5 3 1 1 0
 Node 954:   4 4 2 3 1 0
 Node 955:   3 4 2 2 1 0
 Node 956:   3 3 1 3 1 0
 Node 957:   3 3 1 4 1 1
 Node 958:   2 2 4 2 1 1
 Node 959:   0 1 4 4 1 1
 Node 960:   1 0 1 2 1 0
 Node 961:   2 1 1 3 1 0
 Node 962:   2 3 3 4 1 2
 Node 963:   3 5 2 1 1 0
 Node 964:   2 6 0 2 1 1
 Node 965:   3 6 1 1 1 3
 Node 966:   3 6 1 1 1 0
 Node 967:   3 6 3 2 1 1
 Node 968:   3 6 1 3 1 0
 Node 969:   4 6 0 1 1 0
 Node 970:   4 6 1 3 1 1
 Node 971:   5 5 2 1 1 3
 Node 972:   5 7 0 1 1 2
 Node 973:   5 7 0 1 1 0
 Node 974:   6 6 0 2 1 0
 Node 975:   6 7 2 2 1 0
 Node 976:   5 7 1 2 1 1
 Node 977:   6 7 0 1 1 1
 Node 978:   7 7 2 1 1 1
 Node 979:   5 7 0 3 1 3
 Node 980:   5 6 1 3 1 1
 Node 981:   5 6 0 2 1 1
 Node 982:   4 5 2 2 1 0
 Node 983:   3 5 3 1 1 1
 Node 984:   3 4 3 0 1 1
 Node 985:   3 3 1 1 1 2
 Node 986:   3 3 1 2 1 2
 Node 987:   4 2 1 1 1 1
 Node 988:   3 2 0 2 1 1
 Node 989:   3 1 0 4 1 1
 Node 990:   2 2 2 1 1 2
 Node 991:   0 1 2 3 1 2
 Node 992:   1 0 0 1 1 1
 Node 993:   2 1 0 1 1 1
 Node 994:   2 2 0 1 1 4
 Node 995:   3 3 0 0 1 2
 Node 996:   3 3 0 0 1 0
 Node 997:   4 2 0 2 1 1
 Node 998:   5 4 0 0 1 1
 Node 999:   6 4 0 1 1 3
 Node 1000:   7 5 0 2 1 1
 Node 1001:   8 7 0 1 1 0
 Node 1002:   6 8 0 3 1 1
 Node 1003:   7 8 0 0 1 2
 Node 1004:   7 8 0 0 1 0
 Node 1005:   8 7 0 1 1 0
 Node 1006:   7 8 0 1 1 0
 Node 1007:   8 7 0 1 1 2
 Node 1008:   8 8 0 0 1 1
 Node 1009:   8 7 0 1 1 0
 Node 1010:   7 7 0 1 1 2
 Node 1011:   8 6 0 1 1 0
 Node 1012:   6 7 0 2 1 1
 Node 1013:   4 6 0 2 1 0
 Node 1014:   4 5 0 0 1 2
 Node 1015:   5 4 0 0 1 4
 Node 1016:   6 5 0 0 1 3
 Node 1017:   6 5 0 0 1 1
 Node 1018:   4 4 0 3 1 1
 Node 1019:   3 4 0 1 1 1
 Node 1020:   2 3 0 1 1 0
 Node 1021:   1 2 0 2 1 0
 Node 1022:   1 2 0 0 1 2
 Node 1023:   0 1 0 1 1 2

(Maximum) Crossing Paths: 14
The number of paths on this application : 1024 (all-to-all cases: 1047552)
The average hops : 22.145508
ID size(without ID modification)14
total_slots: 21653
avg_slots: 5.286377
unused_total_slots: 35691
unused_avg_slots: 8.713623

