ID Allocation Policy is 0(low port first) / 1(Crossing Paths based method): 1
Address method is 0(destination_based) / 1(path_based): 1
 dst_based renewable label = 128
 path_based renewable label = 192


 (east, west, south, north, front, back, out, in, from host0,... east(vch2), south(vch2), west(vch2), north(vch2), front, back, out, in, from host(vch2)0,.. to host(vch2)0,..
 Node  0:   128 0 128 0 128 0 128 0 127 127 0 64 0 64 0 64 0 64 128 128
 Node  1:   192 128 128 0 128 0 128 0 128 128 0 0 0 64 0 64 0 64 127 127
 Node  2:   128 192 128 0 128 0 128 0 127 127 0 0 0 64 0 64 0 64 128 128
 Node  3:   0 128 128 0 128 0 128 0 128 128 64 0 0 64 0 64 0 64 127 127
 Node  4:   128 0 192 128 128 0 128 0 127 127 0 64 0 0 0 64 0 64 128 128
 Node  5:   192 128 192 128 128 0 128 0 128 128 0 0 0 0 0 64 0 64 127 127
 Node  6:   128 192 192 128 128 0 128 0 127 127 0 0 0 0 0 64 0 64 128 128
 Node  7:   0 128 192 128 128 0 128 0 128 128 64 0 0 0 0 64 0 64 127 127
 Node  8:   128 0 128 192 128 0 128 0 127 127 0 64 0 0 0 64 0 64 128 128
 Node  9:   192 128 128 192 128 0 128 0 128 128 0 0 0 0 0 64 0 64 127 127
 Node 10:   128 192 128 192 128 0 128 0 127 127 0 0 0 0 0 64 0 64 128 128
 Node 11:   0 128 128 192 128 0 128 0 128 128 64 0 0 0 0 64 0 64 127 127
 Node 12:   128 0 0 128 128 0 128 0 127 127 0 64 64 0 0 64 0 64 128 128
 Node 13:   192 128 0 128 128 0 128 0 128 128 0 0 64 0 0 64 0 64 127 127
 Node 14:   128 192 0 128 128 0 128 0 127 127 0 0 64 0 0 64 0 64 128 128
 Node 15:   0 128 0 128 128 0 128 0 128 128 64 0 64 0 0 64 0 64 127 127
 Node 16:   128 0 128 0 192 128 128 0 127 127 0 64 0 64 0 0 0 64 128 128
 Node 17:   192 128 128 0 192 128 128 0 128 128 0 0 0 64 0 0 0 64 127 127
 Node 18:   128 192 128 0 192 128 128 0 127 127 0 0 0 64 0 0 0 64 128 128
 Node 19:   0 128 128 0 192 128 128 0 128 128 64 0 0 64 0 0 0 64 127 127
 Node 20:   128 0 192 128 192 128 128 0 127 127 0 64 0 0 0 0 0 64 128 128
 Node 21:   192 128 192 128 192 128 128 0 128 128 0 0 0 0 0 0 0 64 127 127
 Node 22:   128 192 192 128 192 128 128 0 127 127 0 0 0 0 0 0 0 64 128 128
 Node 23:   0 128 192 128 192 128 128 0 128 128 64 0 0 0 0 0 0 64 127 127
 Node 24:   128 0 128 192 192 128 128 0 127 127 0 64 0 0 0 0 0 64 128 128
 Node 25:   192 128 128 192 192 128 128 0 128 128 0 0 0 0 0 0 0 64 127 127
 Node 26:   128 192 128 192 192 128 128 0 127 127 0 0 0 0 0 0 0 64 128 128
 Node 27:   0 128 128 192 192 128 128 0 128 128 64 0 0 0 0 0 0 64 127 127
 Node 28:   128 0 0 128 192 128 128 0 127 127 0 64 64 0 0 0 0 64 128 128
 Node 29:   192 128 0 128 192 128 128 0 128 128 0 0 64 0 0 0 0 64 127 127
 Node 30:   128 192 0 128 192 128 128 0 127 127 0 0 64 0 0 0 0 64 128 128
 Node 31:   0 128 0 128 192 128 128 0 128 128 64 0 64 0 0 0 0 64 127 127
 Node 32:   128 0 128 0 128 192 128 0 127 127 0 64 0 64 0 0 0 64 128 128
 Node 33:   192 128 128 0 128 192 128 0 128 128 0 0 0 64 0 0 0 64 127 127
 Node 34:   128 192 128 0 128 192 128 0 127 127 0 0 0 64 0 0 0 64 128 128
 Node 35:   0 128 128 0 128 192 128 0 128 128 64 0 0 64 0 0 0 64 127 127
 Node 36:   128 0 192 128 128 192 128 0 127 127 0 64 0 0 0 0 0 64 128 128
 Node 37:   192 128 192 128 128 192 128 0 128 128 0 0 0 0 0 0 0 64 127 127
 Node 38:   128 192 192 128 128 192 128 0 127 127 0 0 0 0 0 0 0 64 128 128
 Node 39:   0 128 192 128 128 192 128 0 128 128 64 0 0 0 0 0 0 64 127 127
 Node 40:   128 0 128 192 128 192 128 0 127 127 0 64 0 0 0 0 0 64 128 128
 Node 41:   192 128 128 192 128 192 128 0 128 128 0 0 0 0 0 0 0 64 127 127
 Node 42:   128 192 128 192 128 192 128 0 127 127 0 0 0 0 0 0 0 64 128 128
 Node 43:   0 128 128 192 128 192 128 0 128 128 64 0 0 0 0 0 0 64 127 127
 Node 44:   128 0 0 128 128 192 128 0 127 127 0 64 64 0 0 0 0 64 128 128
 Node 45:   192 128 0 128 128 192 128 0 128 128 0 0 64 0 0 0 0 64 127 127
 Node 46:   128 192 0 128 128 192 128 0 127 127 0 0 64 0 0 0 0 64 128 128
 Node 47:   0 128 0 128 128 192 128 0 128 128 64 0 64 0 0 0 0 64 127 127
 Node 48:   128 0 128 0 0 128 128 0 127 127 0 64 0 64 64 0 0 64 128 128
 Node 49:   192 128 128 0 0 128 128 0 128 128 0 0 0 64 64 0 0 64 127 127
 Node 50:   128 192 128 0 0 128 128 0 127 127 0 0 0 64 64 0 0 64 128 128
 Node 51:   0 128 128 0 0 128 128 0 128 128 64 0 0 64 64 0 0 64 127 127
 Node 52:   128 0 192 128 0 128 128 0 127 127 0 64 0 0 64 0 0 64 128 128
 Node 53:   192 128 192 128 0 128 128 0 128 128 0 0 0 0 64 0 0 64 127 127
 Node 54:   128 192 192 128 0 128 128 0 127 127 0 0 0 0 64 0 0 64 128 128
 Node 55:   0 128 192 128 0 128 128 0 128 128 64 0 0 0 64 0 0 64 127 127
 Node 56:   128 0 128 192 0 128 128 0 127 127 0 64 0 0 64 0 0 64 128 128
 Node 57:   192 128 128 192 0 128 128 0 128 128 0 0 0 0 64 0 0 64 127 127
 Node 58:   128 192 128 192 0 128 128 0 127 127 0 0 0 0 64 0 0 64 128 128
 Node 59:   0 128 128 192 0 128 128 0 128 128 64 0 0 0 64 0 0 64 127 127
 Node 60:   128 0 0 128 0 128 128 0 127 127 0 64 64 0 64 0 0 64 128 128
 Node 61:   192 128 0 128 0 128 128 0 128 128 0 0 64 0 64 0 0 64 127 127
 Node 62:   128 192 0 128 0 128 128 0 127 127 0 0 64 0 64 0 0 64 128 128
 Node 63:   0 128 0 128 0 128 128 0 128 128 64 0 64 0 64 0 0 64 127 127
 Node 64:   128 0 128 0 128 0 192 128 127 127 0 64 0 64 0 64 0 0 128 128
 Node 65:   192 128 128 0 128 0 192 128 128 128 0 0 0 64 0 64 0 0 127 127
 Node 66:   128 192 128 0 128 0 192 128 127 127 0 0 0 64 0 64 0 0 128 128
 Node 67:   0 128 128 0 128 0 192 128 128 128 64 0 0 64 0 64 0 0 127 127
 Node 68:   128 0 192 128 128 0 192 128 127 127 0 64 0 0 0 64 0 0 128 128
 Node 69:   192 128 192 128 128 0 192 128 128 128 0 0 0 0 0 64 0 0 127 127
 Node 70:   128 192 192 128 128 0 192 128 127 127 0 0 0 0 0 64 0 0 128 128
 Node 71:   0 128 192 128 128 0 192 128 128 128 64 0 0 0 0 64 0 0 127 127
 Node 72:   128 0 128 192 128 0 192 128 127 127 0 64 0 0 0 64 0 0 128 128
 Node 73:   192 128 128 192 128 0 192 128 128 128 0 0 0 0 0 64 0 0 127 127
 Node 74:   128 192 128 192 128 0 192 128 127 127 0 0 0 0 0 64 0 0 128 128
 Node 75:   0 128 128 192 128 0 192 128 128 128 64 0 0 0 0 64 0 0 127 127
 Node 76:   128 0 0 128 128 0 192 128 127 127 0 64 64 0 0 64 0 0 128 128
 Node 77:   192 128 0 128 128 0 192 128 128 128 0 0 64 0 0 64 0 0 127 127
 Node 78:   128 192 0 128 128 0 192 128 127 127 0 0 64 0 0 64 0 0 128 128
 Node 79:   0 128 0 128 128 0 192 128 128 128 64 0 64 0 0 64 0 0 127 127
 Node 80:   128 0 128 0 192 128 192 128 127 127 0 64 0 64 0 0 0 0 128 128
 Node 81:   192 128 128 0 192 128 192 128 128 128 0 0 0 64 0 0 0 0 127 127
 Node 82:   128 192 128 0 192 128 192 128 127 127 0 0 0 64 0 0 0 0 128 128
 Node 83:   0 128 128 0 192 128 192 128 128 128 64 0 0 64 0 0 0 0 127 127
 Node 84:   128 0 192 128 192 128 192 128 127 127 0 64 0 0 0 0 0 0 128 128
 Node 85:   192 128 192 128 192 128 192 128 128 128 0 0 0 0 0 0 0 0 127 127
 Node 86:   128 192 192 128 192 128 192 128 127 127 0 0 0 0 0 0 0 0 128 128
 Node 87:   0 128 192 128 192 128 192 128 128 128 64 0 0 0 0 0 0 0 127 127
 Node 88:   128 0 128 192 192 128 192 128 127 127 0 64 0 0 0 0 0 0 128 128
 Node 89:   192 128 128 192 192 128 192 128 128 128 0 0 0 0 0 0 0 0 127 127
 Node 90:   128 192 128 192 192 128 192 128 127 127 0 0 0 0 0 0 0 0 128 128
 Node 91:   0 128 128 192 192 128 192 128 128 128 64 0 0 0 0 0 0 0 127 127
 Node 92:   128 0 0 128 192 128 192 128 127 127 0 64 64 0 0 0 0 0 128 128
 Node 93:   192 128 0 128 192 128 192 128 128 128 0 0 64 0 0 0 0 0 127 127
 Node 94:   128 192 0 128 192 128 192 128 127 127 0 0 64 0 0 0 0 0 128 128
 Node 95:   0 128 0 128 192 128 192 128 128 128 64 0 64 0 0 0 0 0 127 127
 Node 96:   128 0 128 0 128 192 192 128 127 127 0 64 0 64 0 0 0 0 128 128
 Node 97:   192 128 128 0 128 192 192 128 128 128 0 0 0 64 0 0 0 0 127 127
 Node 98:   128 192 128 0 128 192 192 128 127 127 0 0 0 64 0 0 0 0 128 128
 Node 99:   0 128 128 0 128 192 192 128 128 128 64 0 0 64 0 0 0 0 127 127
 Node 100:   128 0 192 128 128 192 192 128 127 127 0 64 0 0 0 0 0 0 128 128
 Node 101:   192 128 192 128 128 192 192 128 128 128 0 0 0 0 0 0 0 0 127 127
 Node 102:   128 192 192 128 128 192 192 128 127 127 0 0 0 0 0 0 0 0 128 128
 Node 103:   0 128 192 128 128 192 192 128 128 128 64 0 0 0 0 0 0 0 127 127
 Node 104:   128 0 128 192 128 192 192 128 127 127 0 64 0 0 0 0 0 0 128 128
 Node 105:   192 128 128 192 128 192 192 128 128 128 0 0 0 0 0 0 0 0 127 127
 Node 106:   128 192 128 192 128 192 192 128 127 127 0 0 0 0 0 0 0 0 128 128
 Node 107:   0 128 128 192 128 192 192 128 128 128 64 0 0 0 0 0 0 0 127 127
 Node 108:   128 0 0 128 128 192 192 128 127 127 0 64 64 0 0 0 0 0 128 128
 Node 109:   192 128 0 128 128 192 192 128 128 128 0 0 64 0 0 0 0 0 127 127
 Node 110:   128 192 0 128 128 192 192 128 127 127 0 0 64 0 0 0 0 0 128 128
 Node 111:   0 128 0 128 128 192 192 128 128 128 64 0 64 0 0 0 0 0 127 127
 Node 112:   128 0 128 0 0 128 192 128 127 127 0 64 0 64 64 0 0 0 128 128
 Node 113:   192 128 128 0 0 128 192 128 128 128 0 0 0 64 64 0 0 0 127 127
 Node 114:   128 192 128 0 0 128 192 128 127 127 0 0 0 64 64 0 0 0 128 128
 Node 115:   0 128 128 0 0 128 192 128 128 128 64 0 0 64 64 0 0 0 127 127
 Node 116:   128 0 192 128 0 128 192 128 127 127 0 64 0 0 64 0 0 0 128 128
 Node 117:   192 128 192 128 0 128 192 128 128 128 0 0 0 0 64 0 0 0 127 127
 Node 118:   128 192 192 128 0 128 192 128 127 127 0 0 0 0 64 0 0 0 128 128
 Node 119:   0 128 192 128 0 128 192 128 128 128 64 0 0 0 64 0 0 0 127 127
 Node 120:   128 0 128 192 0 128 192 128 127 127 0 64 0 0 64 0 0 0 128 128
 Node 121:   192 128 128 192 0 128 192 128 128 128 0 0 0 0 64 0 0 0 127 127
 Node 122:   128 192 128 192 0 128 192 128 127 127 0 0 0 0 64 0 0 0 128 128
 Node 123:   0 128 128 192 0 128 192 128 128 128 64 0 0 0 64 0 0 0 127 127
 Node 124:   128 0 0 128 0 128 192 128 127 127 0 64 64 0 64 0 0 0 128 128
 Node 125:   192 128 0 128 0 128 192 128 128 128 0 0 64 0 64 0 0 0 127 127
 Node 126:   128 192 0 128 0 128 192 128 127 127 0 0 64 0 64 0 0 0 128 128
 Node 127:   0 128 0 128 0 128 192 128 128 128 64 0 64 0 64 0 0 0 127 127
 Node 128:   128 0 128 0 128 0 128 192 127 127 0 64 0 64 0 64 0 0 128 128
 Node 129:   192 128 128 0 128 0 128 192 128 128 0 0 0 64 0 64 0 0 127 127
 Node 130:   128 192 128 0 128 0 128 192 127 127 0 0 0 64 0 64 0 0 128 128
 Node 131:   0 128 128 0 128 0 128 192 128 128 64 0 0 64 0 64 0 0 127 127
 Node 132:   128 0 192 128 128 0 128 192 127 127 0 64 0 0 0 64 0 0 128 128
 Node 133:   192 128 192 128 128 0 128 192 128 128 0 0 0 0 0 64 0 0 127 127
 Node 134:   128 192 192 128 128 0 128 192 127 127 0 0 0 0 0 64 0 0 128 128
 Node 135:   0 128 192 128 128 0 128 192 128 128 64 0 0 0 0 64 0 0 127 127
 Node 136:   128 0 128 192 128 0 128 192 127 127 0 64 0 0 0 64 0 0 128 128
 Node 137:   192 128 128 192 128 0 128 192 128 128 0 0 0 0 0 64 0 0 127 127
 Node 138:   128 192 128 192 128 0 128 192 127 127 0 0 0 0 0 64 0 0 128 128
 Node 139:   0 128 128 192 128 0 128 192 128 128 64 0 0 0 0 64 0 0 127 127
 Node 140:   128 0 0 128 128 0 128 192 127 127 0 64 64 0 0 64 0 0 128 128
 Node 141:   192 128 0 128 128 0 128 192 128 128 0 0 64 0 0 64 0 0 127 127
 Node 142:   128 192 0 128 128 0 128 192 127 127 0 0 64 0 0 64 0 0 128 128
 Node 143:   0 128 0 128 128 0 128 192 128 128 64 0 64 0 0 64 0 0 127 127
 Node 144:   128 0 128 0 192 128 128 192 127 127 0 64 0 64 0 0 0 0 128 128
 Node 145:   192 128 128 0 192 128 128 192 128 128 0 0 0 64 0 0 0 0 127 127
 Node 146:   128 192 128 0 192 128 128 192 127 127 0 0 0 64 0 0 0 0 128 128
 Node 147:   0 128 128 0 192 128 128 192 128 128 64 0 0 64 0 0 0 0 127 127
 Node 148:   128 0 192 128 192 128 128 192 127 127 0 64 0 0 0 0 0 0 128 128
 Node 149:   192 128 192 128 192 128 128 192 128 128 0 0 0 0 0 0 0 0 127 127
 Node 150:   128 192 192 128 192 128 128 192 127 127 0 0 0 0 0 0 0 0 128 128
 Node 151:   0 128 192 128 192 128 128 192 128 128 64 0 0 0 0 0 0 0 127 127
 Node 152:   128 0 128 192 192 128 128 192 127 127 0 64 0 0 0 0 0 0 128 128
 Node 153:   192 128 128 192 192 128 128 192 128 128 0 0 0 0 0 0 0 0 127 127
 Node 154:   128 192 128 192 192 128 128 192 127 127 0 0 0 0 0 0 0 0 128 128
 Node 155:   0 128 128 192 192 128 128 192 128 128 64 0 0 0 0 0 0 0 127 127
 Node 156:   128 0 0 128 192 128 128 192 127 127 0 64 64 0 0 0 0 0 128 128
 Node 157:   192 128 0 128 192 128 128 192 128 128 0 0 64 0 0 0 0 0 127 127
 Node 158:   128 192 0 128 192 128 128 192 127 127 0 0 64 0 0 0 0 0 128 128
 Node 159:   0 128 0 128 192 128 128 192 128 128 64 0 64 0 0 0 0 0 127 127
 Node 160:   128 0 128 0 128 192 128 192 127 127 0 64 0 64 0 0 0 0 128 128
 Node 161:   192 128 128 0 128 192 128 192 128 128 0 0 0 64 0 0 0 0 127 127
 Node 162:   128 192 128 0 128 192 128 192 127 127 0 0 0 64 0 0 0 0 128 128
 Node 163:   0 128 128 0 128 192 128 192 128 128 64 0 0 64 0 0 0 0 127 127
 Node 164:   128 0 192 128 128 192 128 192 127 127 0 64 0 0 0 0 0 0 128 128
 Node 165:   192 128 192 128 128 192 128 192 128 128 0 0 0 0 0 0 0 0 127 127
 Node 166:   128 192 192 128 128 192 128 192 127 127 0 0 0 0 0 0 0 0 128 128
 Node 167:   0 128 192 128 128 192 128 192 128 128 64 0 0 0 0 0 0 0 127 127
 Node 168:   128 0 128 192 128 192 128 192 127 127 0 64 0 0 0 0 0 0 128 128
 Node 169:   192 128 128 192 128 192 128 192 128 128 0 0 0 0 0 0 0 0 127 127
 Node 170:   128 192 128 192 128 192 128 192 127 127 0 0 0 0 0 0 0 0 128 128
 Node 171:   0 128 128 192 128 192 128 192 128 128 64 0 0 0 0 0 0 0 127 127
 Node 172:   128 0 0 128 128 192 128 192 127 127 0 64 64 0 0 0 0 0 128 128
 Node 173:   192 128 0 128 128 192 128 192 128 128 0 0 64 0 0 0 0 0 127 127
 Node 174:   128 192 0 128 128 192 128 192 127 127 0 0 64 0 0 0 0 0 128 128
 Node 175:   0 128 0 128 128 192 128 192 128 128 64 0 64 0 0 0 0 0 127 127
 Node 176:   128 0 128 0 0 128 128 192 127 127 0 64 0 64 64 0 0 0 128 128
 Node 177:   192 128 128 0 0 128 128 192 128 128 0 0 0 64 64 0 0 0 127 127
 Node 178:   128 192 128 0 0 128 128 192 127 127 0 0 0 64 64 0 0 0 128 128
 Node 179:   0 128 128 0 0 128 128 192 128 128 64 0 0 64 64 0 0 0 127 127
 Node 180:   128 0 192 128 0 128 128 192 127 127 0 64 0 0 64 0 0 0 128 128
 Node 181:   192 128 192 128 0 128 128 192 128 128 0 0 0 0 64 0 0 0 127 127
 Node 182:   128 192 192 128 0 128 128 192 127 127 0 0 0 0 64 0 0 0 128 128
 Node 183:   0 128 192 128 0 128 128 192 128 128 64 0 0 0 64 0 0 0 127 127
 Node 184:   128 0 128 192 0 128 128 192 127 127 0 64 0 0 64 0 0 0 128 128
 Node 185:   192 128 128 192 0 128 128 192 128 128 0 0 0 0 64 0 0 0 127 127
 Node 186:   128 192 128 192 0 128 128 192 127 127 0 0 0 0 64 0 0 0 128 128
 Node 187:   0 128 128 192 0 128 128 192 128 128 64 0 0 0 64 0 0 0 127 127
 Node 188:   128 0 0 128 0 128 128 192 127 127 0 64 64 0 64 0 0 0 128 128
 Node 189:   192 128 0 128 0 128 128 192 128 128 0 0 64 0 64 0 0 0 127 127
 Node 190:   128 192 0 128 0 128 128 192 127 127 0 0 64 0 64 0 0 0 128 128
 Node 191:   0 128 0 128 0 128 128 192 128 128 64 0 64 0 64 0 0 0 127 127
 Node 192:   128 0 128 0 128 0 0 128 127 127 0 64 0 64 0 64 64 0 128 128
 Node 193:   192 128 128 0 128 0 0 128 128 128 0 0 0 64 0 64 64 0 127 127
 Node 194:   128 192 128 0 128 0 0 128 127 127 0 0 0 64 0 64 64 0 128 128
 Node 195:   0 128 128 0 128 0 0 128 128 128 64 0 0 64 0 64 64 0 127 127
 Node 196:   128 0 192 128 128 0 0 128 127 127 0 64 0 0 0 64 64 0 128 128
 Node 197:   192 128 192 128 128 0 0 128 128 128 0 0 0 0 0 64 64 0 127 127
 Node 198:   128 192 192 128 128 0 0 128 127 127 0 0 0 0 0 64 64 0 128 128
 Node 199:   0 128 192 128 128 0 0 128 128 128 64 0 0 0 0 64 64 0 127 127
 Node 200:   128 0 128 192 128 0 0 128 127 127 0 64 0 0 0 64 64 0 128 128
 Node 201:   192 128 128 192 128 0 0 128 128 128 0 0 0 0 0 64 64 0 127 127
 Node 202:   128 192 128 192 128 0 0 128 127 127 0 0 0 0 0 64 64 0 128 128
 Node 203:   0 128 128 192 128 0 0 128 128 128 64 0 0 0 0 64 64 0 127 127
 Node 204:   128 0 0 128 128 0 0 128 127 127 0 64 64 0 0 64 64 0 128 128
 Node 205:   192 128 0 128 128 0 0 128 128 128 0 0 64 0 0 64 64 0 127 127
 Node 206:   128 192 0 128 128 0 0 128 127 127 0 0 64 0 0 64 64 0 128 128
 Node 207:   0 128 0 128 128 0 0 128 128 128 64 0 64 0 0 64 64 0 127 127
 Node 208:   128 0 128 0 192 128 0 128 127 127 0 64 0 64 0 0 64 0 128 128
 Node 209:   192 128 128 0 192 128 0 128 128 128 0 0 0 64 0 0 64 0 127 127
 Node 210:   128 192 128 0 192 128 0 128 127 127 0 0 0 64 0 0 64 0 128 128
 Node 211:   0 128 128 0 192 128 0 128 128 128 64 0 0 64 0 0 64 0 127 127
 Node 212:   128 0 192 128 192 128 0 128 127 127 0 64 0 0 0 0 64 0 128 128
 Node 213:   192 128 192 128 192 128 0 128 128 128 0 0 0 0 0 0 64 0 127 127
 Node 214:   128 192 192 128 192 128 0 128 127 127 0 0 0 0 0 0 64 0 128 128
 Node 215:   0 128 192 128 192 128 0 128 128 128 64 0 0 0 0 0 64 0 127 127
 Node 216:   128 0 128 192 192 128 0 128 127 127 0 64 0 0 0 0 64 0 128 128
 Node 217:   192 128 128 192 192 128 0 128 128 128 0 0 0 0 0 0 64 0 127 127
 Node 218:   128 192 128 192 192 128 0 128 127 127 0 0 0 0 0 0 64 0 128 128
 Node 219:   0 128 128 192 192 128 0 128 128 128 64 0 0 0 0 0 64 0 127 127
 Node 220:   128 0 0 128 192 128 0 128 127 127 0 64 64 0 0 0 64 0 128 128
 Node 221:   192 128 0 128 192 128 0 128 128 128 0 0 64 0 0 0 64 0 127 127
 Node 222:   128 192 0 128 192 128 0 128 127 127 0 0 64 0 0 0 64 0 128 128
 Node 223:   0 128 0 128 192 128 0 128 128 128 64 0 64 0 0 0 64 0 127 127
 Node 224:   128 0 128 0 128 192 0 128 127 127 0 64 0 64 0 0 64 0 128 128
 Node 225:   192 128 128 0 128 192 0 128 128 128 0 0 0 64 0 0 64 0 127 127
 Node 226:   128 192 128 0 128 192 0 128 127 127 0 0 0 64 0 0 64 0 128 128
 Node 227:   0 128 128 0 128 192 0 128 128 128 64 0 0 64 0 0 64 0 127 127
 Node 228:   128 0 192 128 128 192 0 128 127 127 0 64 0 0 0 0 64 0 128 128
 Node 229:   192 128 192 128 128 192 0 128 128 128 0 0 0 0 0 0 64 0 127 127
 Node 230:   128 192 192 128 128 192 0 128 127 127 0 0 0 0 0 0 64 0 128 128
 Node 231:   0 128 192 128 128 192 0 128 128 128 64 0 0 0 0 0 64 0 127 127
 Node 232:   128 0 128 192 128 192 0 128 127 127 0 64 0 0 0 0 64 0 128 128
 Node 233:   192 128 128 192 128 192 0 128 128 128 0 0 0 0 0 0 64 0 127 127
 Node 234:   128 192 128 192 128 192 0 128 127 127 0 0 0 0 0 0 64 0 128 128
 Node 235:   0 128 128 192 128 192 0 128 128 128 64 0 0 0 0 0 64 0 127 127
 Node 236:   128 0 0 128 128 192 0 128 127 127 0 64 64 0 0 0 64 0 128 128
 Node 237:   192 128 0 128 128 192 0 128 128 128 0 0 64 0 0 0 64 0 127 127
 Node 238:   128 192 0 128 128 192 0 128 127 127 0 0 64 0 0 0 64 0 128 128
 Node 239:   0 128 0 128 128 192 0 128 128 128 64 0 64 0 0 0 64 0 127 127
 Node 240:   128 0 128 0 0 128 0 128 127 127 0 64 0 64 64 0 64 0 128 128
 Node 241:   192 128 128 0 0 128 0 128 128 128 0 0 0 64 64 0 64 0 127 127
 Node 242:   128 192 128 0 0 128 0 128 127 127 0 0 0 64 64 0 64 0 128 128
 Node 243:   0 128 128 0 0 128 0 128 128 128 64 0 0 64 64 0 64 0 127 127
 Node 244:   128 0 192 128 0 128 0 128 127 127 0 64 0 0 64 0 64 0 128 128
 Node 245:   192 128 192 128 0 128 0 128 128 128 0 0 0 0 64 0 64 0 127 127
 Node 246:   128 192 192 128 0 128 0 128 127 127 0 0 0 0 64 0 64 0 128 128
 Node 247:   0 128 192 128 0 128 0 128 128 128 64 0 0 0 64 0 64 0 127 127
 Node 248:   128 0 128 192 0 128 0 128 127 127 0 64 0 0 64 0 64 0 128 128
 Node 249:   192 128 128 192 0 128 0 128 128 128 0 0 0 0 64 0 64 0 127 127
 Node 250:   128 192 128 192 0 128 0 128 127 127 0 0 0 0 64 0 64 0 128 128
 Node 251:   0 128 128 192 0 128 0 128 128 128 64 0 0 0 64 0 64 0 127 127
 Node 252:   128 0 0 128 0 128 0 128 127 127 0 64 64 0 64 0 64 0 128 128
 Node 253:   192 128 0 128 0 128 0 128 128 128 0 0 64 0 64 0 64 0 127 127
 Node 254:   128 192 0 128 0 128 0 128 127 127 0 0 64 0 64 0 64 0 128 128
 Node 255:   0 128 0 128 0 128 0 128 128 128 64 0 64 0 64 0 64 0 127 127

(Maximum) Crossing Paths: 192
The number of paths on this application : 65280 (all-to-all cases: 65280)
The average hops : 5.015687
ID size(without ID modification)261
total_slots: 262144
avg_slots: 128.000000
efficiency: 0.666667
unused_total_slots: 131072
unused_avg_slots: 64.000000
inefficiency: 0.333333

src_greedy total_increased_slots: 131072

src_greedy src_greedy total_slots: 393216
src_greedy avg_slots: 192.000000
src_greedy increased_avg_slots: 64.000000
src_greedy efficiency: 1.000000
src_greedy increased_efficiency: 0.333333
src_greedy unused_total_slots: 0
src_greedy unused_avg_slots: 0.000000
src_greedy decreased_unused_avg_slots: 64.000000
src_greedy inefficiency: 0.000000
src_greedy decreased_inefficiency: 0.333333

src_polling total_increased_slots: 131072

src_polling total_slots: 393216
src_polling avg_slots: 192.000000
src_polling increased_avg_slots: 64.000000
src_polling efficiency: 1.000000
src_polling increased_efficiency: 0.333333
src_polling unused_total_slots: 0
src_polling unused_avg_slots: 0.000000
src_polling decreased_unused_avg_slots: 64.000000
src_polling inefficiency: 0.000000
src_polling decreased_inefficiency: 0.333333

hcLtoS_greedy total_increased_slots: 131072

hcLtoS_greedy total_slots: 393216
hcLtoS_greedy avg_slots: 192.000000
hcLtoS_greedy increased_avg_slots: 64.000000
hcLtoS_greedy efficiency: 1.000000
hcLtoS_greedy increased_efficiency: 0.333333
hcLtoS_greedy unused_total_slots: 0
hcLtoS_greedy unused_avg_slots: 0.000000
hcLtoS_greedy decreased_unused_avg_slots: 64.000000
hcLtoS_greedy inefficiency: 0.000000
hcLtoS_greedy decreased_inefficiency: 0.333333

hcLtoS_polling total_increased_slots: 131072

hcLtoS_polling total_slots: 393216
hcLtoS_polling avg_slots: 192.000000
hcLtoS_polling increased_avg_slots: 64.000000
hcLtoS_polling efficiency: 1.000000
hcLtoS_polling increased_efficiency: 0.333333
hcLtoS_polling unused_total_slots: 0
hcLtoS_polling unused_avg_slots: 0.000000
hcLtoS_polling decreased_unused_avg_slots: 64.000000
hcLtoS_polling inefficiency: 0.000000
hcLtoS_polling decreased_inefficiency: 0.333333

hcStoL_greedy total_increased_slots: 131072

hcStoL_greedy total_slots: 393216
hcStoL_greedy avg_slots: 192.000000
hcStoL_greedy increased_avg_slots: 64.000000
hcStoL_greedy efficiency: 1.000000
hcStoL_greedy increased_efficiency: 0.333333
hcStoL_greedy unused_total_slots: 0
hcStoL_greedy unused_avg_slots: 0.000000
hcStoL_greedy decreased_unused_avg_slots: 64.000000
hcStoL_greedy inefficiency: 0.000000
hcStoL_greedy decreased_inefficiency: 0.333333

hcStoL_polling total_increased_slots: 131072

hcStoL_polling total_slots: 393216
hcStoL_polling avg_slots: 192.000000
hcStoL_polling increased_avg_slots: 64.000000
hcStoL_polling efficiency: 1.000000
hcStoL_polling increased_efficiency: 0.333333
hcStoL_polling unused_total_slots: 0
hcStoL_polling unused_avg_slots: 0.000000
hcStoL_polling decreased_unused_avg_slots: 64.000000
hcStoL_polling inefficiency: 0.000000
hcStoL_polling decreased_inefficiency: 0.333333

total_slots: 262144
src_greedy_total_slots: 393216
src_polling_total_slots: 393216
hcLtoS_greedy_total_slots: 393216
hcLtoS_polling_total_slots: 393216
hcStoL_greedy_total_slots: 393216
hcStoL_polling_total_slots: 393216

baseline_efficiency: 0.666667
src_greedy_efficiency: 1.000000
src_polling_efficiency: 1.000000
hcLtoS_greedy_efficiency: 1.000000
hcLtoS_polling_efficiency: 1.000000
hcStoL_greedy_efficiency: 1.000000
hcStoL_polling_efficiency: 1.000000

baseline_inefficiency: 0.333333
src_greedy_inefficiency: 0.000000
src_polling_inefficiency: 0.000000
hcLtoS_greedy_inefficiency: 0.000000
hcLtoS_polling_inefficiency: 0.000000
hcStoL_greedy_inefficiency: 0.000000
hcStoL_polling_inefficiency: 0.000000

baseline_avg_slots: 128.000000
src_greedy_avg_slots: 192.000000
src_polling_avg_slots: 192.000000
hcLtoS_greedy_avg_slots: 192.000000
hcLtoS_polling_avg_slots: 192.000000
hcStoL_greedy_avg_slots: 192.000000
hcStoL_polling_avg_slots: 192.000000

baseline_unused_avg_slots: 64.000000
src_greedy_unused_avg_slots: 0.000000
src_polling_unused_avg_slots: 0.000000
hcLtoS_greedy_unused_avg_slots: 0.000000
hcLtoS_polling_unused_avg_slots: 0.000000
hcStoL_greedy_unused_avg_slots: 0.000000
hcStoL_polling_unused_avg_slots: 0.000000

