ID Allocation Policy is 0(low port first) / 1(Crossing Paths based method): 1
Address method is 0(destination_based) / 1(path_based): 1
 dst_based renewable label = 255
 path_based renewable label = 256


 (east, west, south, north, front, back, out, in, from host0,... east(vch2), south(vch2), west(vch2), north(vch2), front, back, out, in, from host(vch2)0,.. to host(vch2)0,..
 Node  0:   192 0 192 0 192 0 192 0 255 255
 Node  1:   256 192 192 0 192 0 192 0 255 255
 Node  2:   192 256 192 0 192 0 192 0 255 255
 Node  3:   0 192 192 0 192 0 192 0 255 255
 Node  4:   192 0 256 192 192 0 192 0 255 255
 Node  5:   256 192 256 192 192 0 192 0 255 255
 Node  6:   192 256 256 192 192 0 192 0 255 255
 Node  7:   0 192 256 192 192 0 192 0 255 255
 Node  8:   192 0 192 256 192 0 192 0 255 255
 Node  9:   256 192 192 256 192 0 192 0 255 255
 Node 10:   192 256 192 256 192 0 192 0 255 255
 Node 11:   0 192 192 256 192 0 192 0 255 255
 Node 12:   192 0 0 192 192 0 192 0 255 255
 Node 13:   256 192 0 192 192 0 192 0 255 255
 Node 14:   192 256 0 192 192 0 192 0 255 255
 Node 15:   0 192 0 192 192 0 192 0 255 255
 Node 16:   192 0 192 0 256 192 192 0 255 255
 Node 17:   256 192 192 0 256 192 192 0 255 255
 Node 18:   192 256 192 0 256 192 192 0 255 255
 Node 19:   0 192 192 0 256 192 192 0 255 255
 Node 20:   192 0 256 192 256 192 192 0 255 255
 Node 21:   256 192 256 192 256 192 192 0 255 255
 Node 22:   192 256 256 192 256 192 192 0 255 255
 Node 23:   0 192 256 192 256 192 192 0 255 255
 Node 24:   192 0 192 256 256 192 192 0 255 255
 Node 25:   256 192 192 256 256 192 192 0 255 255
 Node 26:   192 256 192 256 256 192 192 0 255 255
 Node 27:   0 192 192 256 256 192 192 0 255 255
 Node 28:   192 0 0 192 256 192 192 0 255 255
 Node 29:   256 192 0 192 256 192 192 0 255 255
 Node 30:   192 256 0 192 256 192 192 0 255 255
 Node 31:   0 192 0 192 256 192 192 0 255 255
 Node 32:   192 0 192 0 192 256 192 0 255 255
 Node 33:   256 192 192 0 192 256 192 0 255 255
 Node 34:   192 256 192 0 192 256 192 0 255 255
 Node 35:   0 192 192 0 192 256 192 0 255 255
 Node 36:   192 0 256 192 192 256 192 0 255 255
 Node 37:   256 192 256 192 192 256 192 0 255 255
 Node 38:   192 256 256 192 192 256 192 0 255 255
 Node 39:   0 192 256 192 192 256 192 0 255 255
 Node 40:   192 0 192 256 192 256 192 0 255 255
 Node 41:   256 192 192 256 192 256 192 0 255 255
 Node 42:   192 256 192 256 192 256 192 0 255 255
 Node 43:   0 192 192 256 192 256 192 0 255 255
 Node 44:   192 0 0 192 192 256 192 0 255 255
 Node 45:   256 192 0 192 192 256 192 0 255 255
 Node 46:   192 256 0 192 192 256 192 0 255 255
 Node 47:   0 192 0 192 192 256 192 0 255 255
 Node 48:   192 0 192 0 0 192 192 0 255 255
 Node 49:   256 192 192 0 0 192 192 0 255 255
 Node 50:   192 256 192 0 0 192 192 0 255 255
 Node 51:   0 192 192 0 0 192 192 0 255 255
 Node 52:   192 0 256 192 0 192 192 0 255 255
 Node 53:   256 192 256 192 0 192 192 0 255 255
 Node 54:   192 256 256 192 0 192 192 0 255 255
 Node 55:   0 192 256 192 0 192 192 0 255 255
 Node 56:   192 0 192 256 0 192 192 0 255 255
 Node 57:   256 192 192 256 0 192 192 0 255 255
 Node 58:   192 256 192 256 0 192 192 0 255 255
 Node 59:   0 192 192 256 0 192 192 0 255 255
 Node 60:   192 0 0 192 0 192 192 0 255 255
 Node 61:   256 192 0 192 0 192 192 0 255 255
 Node 62:   192 256 0 192 0 192 192 0 255 255
 Node 63:   0 192 0 192 0 192 192 0 255 255
 Node 64:   192 0 192 0 192 0 256 192 255 255
 Node 65:   256 192 192 0 192 0 256 192 255 255
 Node 66:   192 256 192 0 192 0 256 192 255 255
 Node 67:   0 192 192 0 192 0 256 192 255 255
 Node 68:   192 0 256 192 192 0 256 192 255 255
 Node 69:   256 192 256 192 192 0 256 192 255 255
 Node 70:   192 256 256 192 192 0 256 192 255 255
 Node 71:   0 192 256 192 192 0 256 192 255 255
 Node 72:   192 0 192 256 192 0 256 192 255 255
 Node 73:   256 192 192 256 192 0 256 192 255 255
 Node 74:   192 256 192 256 192 0 256 192 255 255
 Node 75:   0 192 192 256 192 0 256 192 255 255
 Node 76:   192 0 0 192 192 0 256 192 255 255
 Node 77:   256 192 0 192 192 0 256 192 255 255
 Node 78:   192 256 0 192 192 0 256 192 255 255
 Node 79:   0 192 0 192 192 0 256 192 255 255
 Node 80:   192 0 192 0 256 192 256 192 255 255
 Node 81:   256 192 192 0 256 192 256 192 255 255
 Node 82:   192 256 192 0 256 192 256 192 255 255
 Node 83:   0 192 192 0 256 192 256 192 255 255
 Node 84:   192 0 256 192 256 192 256 192 255 255
 Node 85:   256 192 256 192 256 192 256 192 255 255
 Node 86:   192 256 256 192 256 192 256 192 255 255
 Node 87:   0 192 256 192 256 192 256 192 255 255
 Node 88:   192 0 192 256 256 192 256 192 255 255
 Node 89:   256 192 192 256 256 192 256 192 255 255
 Node 90:   192 256 192 256 256 192 256 192 255 255
 Node 91:   0 192 192 256 256 192 256 192 255 255
 Node 92:   192 0 0 192 256 192 256 192 255 255
 Node 93:   256 192 0 192 256 192 256 192 255 255
 Node 94:   192 256 0 192 256 192 256 192 255 255
 Node 95:   0 192 0 192 256 192 256 192 255 255
 Node 96:   192 0 192 0 192 256 256 192 255 255
 Node 97:   256 192 192 0 192 256 256 192 255 255
 Node 98:   192 256 192 0 192 256 256 192 255 255
 Node 99:   0 192 192 0 192 256 256 192 255 255
 Node 100:   192 0 256 192 192 256 256 192 255 255
 Node 101:   256 192 256 192 192 256 256 192 255 255
 Node 102:   192 256 256 192 192 256 256 192 255 255
 Node 103:   0 192 256 192 192 256 256 192 255 255
 Node 104:   192 0 192 256 192 256 256 192 255 255
 Node 105:   256 192 192 256 192 256 256 192 255 255
 Node 106:   192 256 192 256 192 256 256 192 255 255
 Node 107:   0 192 192 256 192 256 256 192 255 255
 Node 108:   192 0 0 192 192 256 256 192 255 255
 Node 109:   256 192 0 192 192 256 256 192 255 255
 Node 110:   192 256 0 192 192 256 256 192 255 255
 Node 111:   0 192 0 192 192 256 256 192 255 255
 Node 112:   192 0 192 0 0 192 256 192 255 255
 Node 113:   256 192 192 0 0 192 256 192 255 255
 Node 114:   192 256 192 0 0 192 256 192 255 255
 Node 115:   0 192 192 0 0 192 256 192 255 255
 Node 116:   192 0 256 192 0 192 256 192 255 255
 Node 117:   256 192 256 192 0 192 256 192 255 255
 Node 118:   192 256 256 192 0 192 256 192 255 255
 Node 119:   0 192 256 192 0 192 256 192 255 255
 Node 120:   192 0 192 256 0 192 256 192 255 255
 Node 121:   256 192 192 256 0 192 256 192 255 255
 Node 122:   192 256 192 256 0 192 256 192 255 255
 Node 123:   0 192 192 256 0 192 256 192 255 255
 Node 124:   192 0 0 192 0 192 256 192 255 255
 Node 125:   256 192 0 192 0 192 256 192 255 255
 Node 126:   192 256 0 192 0 192 256 192 255 255
 Node 127:   0 192 0 192 0 192 256 192 255 255
 Node 128:   192 0 192 0 192 0 192 256 255 255
 Node 129:   256 192 192 0 192 0 192 256 255 255
 Node 130:   192 256 192 0 192 0 192 256 255 255
 Node 131:   0 192 192 0 192 0 192 256 255 255
 Node 132:   192 0 256 192 192 0 192 256 255 255
 Node 133:   256 192 256 192 192 0 192 256 255 255
 Node 134:   192 256 256 192 192 0 192 256 255 255
 Node 135:   0 192 256 192 192 0 192 256 255 255
 Node 136:   192 0 192 256 192 0 192 256 255 255
 Node 137:   256 192 192 256 192 0 192 256 255 255
 Node 138:   192 256 192 256 192 0 192 256 255 255
 Node 139:   0 192 192 256 192 0 192 256 255 255
 Node 140:   192 0 0 192 192 0 192 256 255 255
 Node 141:   256 192 0 192 192 0 192 256 255 255
 Node 142:   192 256 0 192 192 0 192 256 255 255
 Node 143:   0 192 0 192 192 0 192 256 255 255
 Node 144:   192 0 192 0 256 192 192 256 255 255
 Node 145:   256 192 192 0 256 192 192 256 255 255
 Node 146:   192 256 192 0 256 192 192 256 255 255
 Node 147:   0 192 192 0 256 192 192 256 255 255
 Node 148:   192 0 256 192 256 192 192 256 255 255
 Node 149:   256 192 256 192 256 192 192 256 255 255
 Node 150:   192 256 256 192 256 192 192 256 255 255
 Node 151:   0 192 256 192 256 192 192 256 255 255
 Node 152:   192 0 192 256 256 192 192 256 255 255
 Node 153:   256 192 192 256 256 192 192 256 255 255
 Node 154:   192 256 192 256 256 192 192 256 255 255
 Node 155:   0 192 192 256 256 192 192 256 255 255
 Node 156:   192 0 0 192 256 192 192 256 255 255
 Node 157:   256 192 0 192 256 192 192 256 255 255
 Node 158:   192 256 0 192 256 192 192 256 255 255
 Node 159:   0 192 0 192 256 192 192 256 255 255
 Node 160:   192 0 192 0 192 256 192 256 255 255
 Node 161:   256 192 192 0 192 256 192 256 255 255
 Node 162:   192 256 192 0 192 256 192 256 255 255
 Node 163:   0 192 192 0 192 256 192 256 255 255
 Node 164:   192 0 256 192 192 256 192 256 255 255
 Node 165:   256 192 256 192 192 256 192 256 255 255
 Node 166:   192 256 256 192 192 256 192 256 255 255
 Node 167:   0 192 256 192 192 256 192 256 255 255
 Node 168:   192 0 192 256 192 256 192 256 255 255
 Node 169:   256 192 192 256 192 256 192 256 255 255
 Node 170:   192 256 192 256 192 256 192 256 255 255
 Node 171:   0 192 192 256 192 256 192 256 255 255
 Node 172:   192 0 0 192 192 256 192 256 255 255
 Node 173:   256 192 0 192 192 256 192 256 255 255
 Node 174:   192 256 0 192 192 256 192 256 255 255
 Node 175:   0 192 0 192 192 256 192 256 255 255
 Node 176:   192 0 192 0 0 192 192 256 255 255
 Node 177:   256 192 192 0 0 192 192 256 255 255
 Node 178:   192 256 192 0 0 192 192 256 255 255
 Node 179:   0 192 192 0 0 192 192 256 255 255
 Node 180:   192 0 256 192 0 192 192 256 255 255
 Node 181:   256 192 256 192 0 192 192 256 255 255
 Node 182:   192 256 256 192 0 192 192 256 255 255
 Node 183:   0 192 256 192 0 192 192 256 255 255
 Node 184:   192 0 192 256 0 192 192 256 255 255
 Node 185:   256 192 192 256 0 192 192 256 255 255
 Node 186:   192 256 192 256 0 192 192 256 255 255
 Node 187:   0 192 192 256 0 192 192 256 255 255
 Node 188:   192 0 0 192 0 192 192 256 255 255
 Node 189:   256 192 0 192 0 192 192 256 255 255
 Node 190:   192 256 0 192 0 192 192 256 255 255
 Node 191:   0 192 0 192 0 192 192 256 255 255
 Node 192:   192 0 192 0 192 0 0 192 255 255
 Node 193:   256 192 192 0 192 0 0 192 255 255
 Node 194:   192 256 192 0 192 0 0 192 255 255
 Node 195:   0 192 192 0 192 0 0 192 255 255
 Node 196:   192 0 256 192 192 0 0 192 255 255
 Node 197:   256 192 256 192 192 0 0 192 255 255
 Node 198:   192 256 256 192 192 0 0 192 255 255
 Node 199:   0 192 256 192 192 0 0 192 255 255
 Node 200:   192 0 192 256 192 0 0 192 255 255
 Node 201:   256 192 192 256 192 0 0 192 255 255
 Node 202:   192 256 192 256 192 0 0 192 255 255
 Node 203:   0 192 192 256 192 0 0 192 255 255
 Node 204:   192 0 0 192 192 0 0 192 255 255
 Node 205:   256 192 0 192 192 0 0 192 255 255
 Node 206:   192 256 0 192 192 0 0 192 255 255
 Node 207:   0 192 0 192 192 0 0 192 255 255
 Node 208:   192 0 192 0 256 192 0 192 255 255
 Node 209:   256 192 192 0 256 192 0 192 255 255
 Node 210:   192 256 192 0 256 192 0 192 255 255
 Node 211:   0 192 192 0 256 192 0 192 255 255
 Node 212:   192 0 256 192 256 192 0 192 255 255
 Node 213:   256 192 256 192 256 192 0 192 255 255
 Node 214:   192 256 256 192 256 192 0 192 255 255
 Node 215:   0 192 256 192 256 192 0 192 255 255
 Node 216:   192 0 192 256 256 192 0 192 255 255
 Node 217:   256 192 192 256 256 192 0 192 255 255
 Node 218:   192 256 192 256 256 192 0 192 255 255
 Node 219:   0 192 192 256 256 192 0 192 255 255
 Node 220:   192 0 0 192 256 192 0 192 255 255
 Node 221:   256 192 0 192 256 192 0 192 255 255
 Node 222:   192 256 0 192 256 192 0 192 255 255
 Node 223:   0 192 0 192 256 192 0 192 255 255
 Node 224:   192 0 192 0 192 256 0 192 255 255
 Node 225:   256 192 192 0 192 256 0 192 255 255
 Node 226:   192 256 192 0 192 256 0 192 255 255
 Node 227:   0 192 192 0 192 256 0 192 255 255
 Node 228:   192 0 256 192 192 256 0 192 255 255
 Node 229:   256 192 256 192 192 256 0 192 255 255
 Node 230:   192 256 256 192 192 256 0 192 255 255
 Node 231:   0 192 256 192 192 256 0 192 255 255
 Node 232:   192 0 192 256 192 256 0 192 255 255
 Node 233:   256 192 192 256 192 256 0 192 255 255
 Node 234:   192 256 192 256 192 256 0 192 255 255
 Node 235:   0 192 192 256 192 256 0 192 255 255
 Node 236:   192 0 0 192 192 256 0 192 255 255
 Node 237:   256 192 0 192 192 256 0 192 255 255
 Node 238:   192 256 0 192 192 256 0 192 255 255
 Node 239:   0 192 0 192 192 256 0 192 255 255
 Node 240:   192 0 192 0 0 192 0 192 255 255
 Node 241:   256 192 192 0 0 192 0 192 255 255
 Node 242:   192 256 192 0 0 192 0 192 255 255
 Node 243:   0 192 192 0 0 192 0 192 255 255
 Node 244:   192 0 256 192 0 192 0 192 255 255
 Node 245:   256 192 256 192 0 192 0 192 255 255
 Node 246:   192 256 256 192 0 192 0 192 255 255
 Node 247:   0 192 256 192 0 192 0 192 255 255
 Node 248:   192 0 192 256 0 192 0 192 255 255
 Node 249:   256 192 192 256 0 192 0 192 255 255
 Node 250:   192 256 192 256 0 192 0 192 255 255
 Node 251:   0 192 192 256 0 192 0 192 255 255
 Node 252:   192 0 0 192 0 192 0 192 255 255
 Node 253:   256 192 0 192 0 192 0 192 255 255
 Node 254:   192 256 0 192 0 192 0 192 255 255
 Node 255:   0 192 0 192 0 192 0 192 255 255

(Maximum) Crossing Paths: 256
The number of paths on this application : 65280 (all-to-all cases: 65280)
The average hops : 6.019608
ID size(without ID modification)386
total_slots: 327680
avg_slots: 160.000000
efficiency: 0.625000
unused_total_slots: 196608
unused_avg_slots: 96.000000
inefficiency: 0.375000

src_greedy total_increased_slots: 65536

src_greedy src_greedy total_slots: 393216
src_greedy avg_slots: 192.000000
src_greedy increased_avg_slots: 32.000000
src_greedy efficiency: 0.750000
src_greedy increased_efficiency: 0.125000
src_greedy unused_total_slots: 131072
src_greedy unused_avg_slots: 64.000000
src_greedy decreased_unused_avg_slots: 32.000000
src_greedy inefficiency: 0.250000
src_greedy decreased_inefficiency: 0.125000

src_polling total_increased_slots: 65536

src_polling total_slots: 393216
src_polling avg_slots: 192.000000
src_polling increased_avg_slots: 32.000000
src_polling efficiency: 0.750000
src_polling increased_efficiency: 0.125000
src_polling unused_total_slots: 131072
src_polling unused_avg_slots: 64.000000
src_polling decreased_unused_avg_slots: 32.000000
src_polling inefficiency: 0.250000
src_polling decreased_inefficiency: 0.125000

hcLtoS_greedy total_increased_slots: 65536

hcLtoS_greedy total_slots: 393216
hcLtoS_greedy avg_slots: 192.000000
hcLtoS_greedy increased_avg_slots: 32.000000
hcLtoS_greedy efficiency: 0.750000
hcLtoS_greedy increased_efficiency: 0.125000
hcLtoS_greedy unused_total_slots: 131072
hcLtoS_greedy unused_avg_slots: 64.000000
hcLtoS_greedy decreased_unused_avg_slots: 32.000000
hcLtoS_greedy inefficiency: 0.250000
hcLtoS_greedy decreased_inefficiency: 0.125000

hcLtoS_polling total_increased_slots: 65536

hcLtoS_polling total_slots: 393216
hcLtoS_polling avg_slots: 192.000000
hcLtoS_polling increased_avg_slots: 32.000000
hcLtoS_polling efficiency: 0.750000
hcLtoS_polling increased_efficiency: 0.125000
hcLtoS_polling unused_total_slots: 131072
hcLtoS_polling unused_avg_slots: 64.000000
hcLtoS_polling decreased_unused_avg_slots: 32.000000
hcLtoS_polling inefficiency: 0.250000
hcLtoS_polling decreased_inefficiency: 0.125000

hcStoL_greedy total_increased_slots: 65536

hcStoL_greedy total_slots: 393216
hcStoL_greedy avg_slots: 192.000000
hcStoL_greedy increased_avg_slots: 32.000000
hcStoL_greedy efficiency: 0.750000
hcStoL_greedy increased_efficiency: 0.125000
hcStoL_greedy unused_total_slots: 131072
hcStoL_greedy unused_avg_slots: 64.000000
hcStoL_greedy decreased_unused_avg_slots: 32.000000
hcStoL_greedy inefficiency: 0.250000
hcStoL_greedy decreased_inefficiency: 0.125000

hcStoL_polling total_increased_slots: 65536

hcStoL_polling total_slots: 393216
hcStoL_polling avg_slots: 192.000000
hcStoL_polling increased_avg_slots: 32.000000
hcStoL_polling efficiency: 0.750000
hcStoL_polling increased_efficiency: 0.125000
hcStoL_polling unused_total_slots: 131072
hcStoL_polling unused_avg_slots: 64.000000
hcStoL_polling decreased_unused_avg_slots: 32.000000
hcStoL_polling inefficiency: 0.250000
hcStoL_polling decreased_inefficiency: 0.125000

total_slots: 327680
src_greedy_total_slots: 393216
src_polling_total_slots: 393216
hcLtoS_greedy_total_slots: 393216
hcLtoS_polling_total_slots: 393216
hcStoL_greedy_total_slots: 393216
hcStoL_polling_total_slots: 393216

baseline_efficiency: 0.625000
src_greedy_efficiency: 0.750000
src_polling_efficiency: 0.750000
hcLtoS_greedy_efficiency: 0.750000
hcLtoS_polling_efficiency: 0.750000
hcStoL_greedy_efficiency: 0.750000
hcStoL_polling_efficiency: 0.750000

baseline_inefficiency: 0.375000
src_greedy_inefficiency: 0.250000
src_polling_inefficiency: 0.250000
hcLtoS_greedy_inefficiency: 0.250000
hcLtoS_polling_inefficiency: 0.250000
hcStoL_greedy_inefficiency: 0.250000
hcStoL_polling_inefficiency: 0.250000

baseline_avg_slots: 160.000000
src_greedy_avg_slots: 192.000000
src_polling_avg_slots: 192.000000
hcLtoS_greedy_avg_slots: 192.000000
hcLtoS_polling_avg_slots: 192.000000
hcStoL_greedy_avg_slots: 192.000000
hcStoL_polling_avg_slots: 192.000000

baseline_unused_avg_slots: 96.000000
src_greedy_unused_avg_slots: 64.000000
src_polling_unused_avg_slots: 64.000000
hcLtoS_greedy_unused_avg_slots: 64.000000
hcLtoS_polling_unused_avg_slots: 64.000000
hcStoL_greedy_unused_avg_slots: 64.000000
hcStoL_polling_unused_avg_slots: 64.000000

