ID Allocation Policy is 0(low port first) / 1(Crossing Paths based method): 1
Address method is 0(destination_based) / 1(path_based): 1
 dst_based renewable label = 2
 path_based renewable label = 2


 (east, west, south, north, front, back, out, in, from host0,... east(vch2), south(vch2), west(vch2), north(vch2), front, back, out, in, from host(vch2)0,.. to host(vch2)0,..
 Node  0:   1 0 0 0 0 0 0 0 0 0 0 0 0 1 0 0 0 1 1 1
 Node  1:   1 0 0 0 0 0 1 0 1 1 0 0 0 0 0 1 0 0 0 0
 Node  2:   1 0 0 0 0 0 0 0 0 0 0 0 0 1 0 0 0 1 1 1
 Node  3:   0 0 0 0 0 0 1 0 1 1 1 0 0 0 0 1 0 0 0 0
 Node  4:   1 0 1 0 0 0 0 0 0 0 0 0 0 0 0 0 0 1 1 1
 Node  5:   1 0 0 0 0 0 1 0 1 1 0 0 0 0 0 1 0 0 0 0
 Node  6:   1 0 1 0 0 0 0 0 0 0 0 0 0 0 0 0 0 1 1 1
 Node  7:   0 0 0 0 0 0 1 0 1 1 1 0 0 0 0 1 0 0 0 0
 Node  8:   1 0 0 1 0 0 0 0 0 0 0 0 0 0 0 0 0 1 1 1
 Node  9:   1 0 0 0 0 0 1 0 1 1 0 0 0 0 0 1 0 0 0 0
 Node 10:   1 0 0 1 0 0 0 0 0 0 0 0 0 0 0 0 0 1 1 1
 Node 11:   0 0 0 0 0 0 1 0 1 1 1 0 0 0 0 1 0 0 0 0
 Node 12:   1 0 0 0 0 0 0 0 0 0 0 0 1 0 0 0 0 1 1 1
 Node 13:   1 0 0 0 0 0 1 0 1 1 0 0 0 0 0 1 0 0 0 0
 Node 14:   1 0 0 0 0 0 0 0 0 0 0 0 1 0 0 0 0 1 1 1
 Node 15:   0 0 0 0 0 0 1 0 1 1 1 0 0 0 0 1 0 0 0 0
 Node 16:   1 0 0 0 0 0 0 0 0 0 0 0 0 1 0 0 0 1 1 1
 Node 17:   1 0 0 0 1 0 1 0 1 1 0 0 0 0 0 0 0 0 0 0
 Node 18:   1 0 0 0 0 0 0 0 0 0 0 0 0 1 0 0 0 1 1 1
 Node 19:   0 0 0 0 1 0 1 0 1 1 1 0 0 0 0 0 0 0 0 0
 Node 20:   1 0 1 0 0 0 0 0 0 0 0 0 0 0 0 0 0 1 1 1
 Node 21:   1 0 0 0 1 0 1 0 1 1 0 0 0 0 0 0 0 0 0 0
 Node 22:   1 0 1 0 0 0 0 0 0 0 0 0 0 0 0 0 0 1 1 1
 Node 23:   0 0 0 0 1 0 1 0 1 1 1 0 0 0 0 0 0 0 0 0
 Node 24:   1 0 0 1 0 0 0 0 0 0 0 0 0 0 0 0 0 1 1 1
 Node 25:   1 0 0 0 1 0 1 0 1 1 0 0 0 0 0 0 0 0 0 0
 Node 26:   1 0 0 1 0 0 0 0 0 0 0 0 0 0 0 0 0 1 1 1
 Node 27:   0 0 0 0 1 0 1 0 1 1 1 0 0 0 0 0 0 0 0 0
 Node 28:   1 0 0 0 0 0 0 0 0 0 0 0 1 0 0 0 0 1 1 1
 Node 29:   1 0 0 0 1 0 1 0 1 1 0 0 0 0 0 0 0 0 0 0
 Node 30:   1 0 0 0 0 0 0 0 0 0 0 0 1 0 0 0 0 1 1 1
 Node 31:   0 0 0 0 1 0 1 0 1 1 1 0 0 0 0 0 0 0 0 0
 Node 32:   1 0 0 0 0 0 0 0 0 0 0 0 0 1 0 0 0 1 1 1
 Node 33:   1 0 0 0 0 1 1 0 1 1 0 0 0 0 0 0 0 0 0 0
 Node 34:   1 0 0 0 0 0 0 0 0 0 0 0 0 1 0 0 0 1 1 1
 Node 35:   0 0 0 0 0 1 1 0 1 1 1 0 0 0 0 0 0 0 0 0
 Node 36:   1 0 1 0 0 0 0 0 0 0 0 0 0 0 0 0 0 1 1 1
 Node 37:   1 0 0 0 0 1 1 0 1 1 0 0 0 0 0 0 0 0 0 0
 Node 38:   1 0 1 0 0 0 0 0 0 0 0 0 0 0 0 0 0 1 1 1
 Node 39:   0 0 0 0 0 1 1 0 1 1 1 0 0 0 0 0 0 0 0 0
 Node 40:   1 0 0 1 0 0 0 0 0 0 0 0 0 0 0 0 0 1 1 1
 Node 41:   1 0 0 0 0 1 1 0 1 1 0 0 0 0 0 0 0 0 0 0
 Node 42:   1 0 0 1 0 0 0 0 0 0 0 0 0 0 0 0 0 1 1 1
 Node 43:   0 0 0 0 0 1 1 0 1 1 1 0 0 0 0 0 0 0 0 0
 Node 44:   1 0 0 0 0 0 0 0 0 0 0 0 1 0 0 0 0 1 1 1
 Node 45:   1 0 0 0 0 1 1 0 1 1 0 0 0 0 0 0 0 0 0 0
 Node 46:   1 0 0 0 0 0 0 0 0 0 0 0 1 0 0 0 0 1 1 1
 Node 47:   0 0 0 0 0 1 1 0 1 1 1 0 0 0 0 0 0 0 0 0
 Node 48:   1 0 0 0 0 0 0 0 0 0 0 0 0 1 0 0 0 1 1 1
 Node 49:   1 0 0 0 0 0 1 0 1 1 0 0 0 0 1 0 0 0 0 0
 Node 50:   1 0 0 0 0 0 0 0 0 0 0 0 0 1 0 0 0 1 1 1
 Node 51:   0 0 0 0 0 0 1 0 1 1 1 0 0 0 1 0 0 0 0 0
 Node 52:   1 0 1 0 0 0 0 0 0 0 0 0 0 0 0 0 0 1 1 1
 Node 53:   1 0 0 0 0 0 1 0 1 1 0 0 0 0 1 0 0 0 0 0
 Node 54:   1 0 1 0 0 0 0 0 0 0 0 0 0 0 0 0 0 1 1 1
 Node 55:   0 0 0 0 0 0 1 0 1 1 1 0 0 0 1 0 0 0 0 0
 Node 56:   1 0 0 1 0 0 0 0 0 0 0 0 0 0 0 0 0 1 1 1
 Node 57:   1 0 0 0 0 0 1 0 1 1 0 0 0 0 1 0 0 0 0 0
 Node 58:   1 0 0 1 0 0 0 0 0 0 0 0 0 0 0 0 0 1 1 1
 Node 59:   0 0 0 0 0 0 1 0 1 1 1 0 0 0 1 0 0 0 0 0
 Node 60:   1 0 0 0 0 0 0 0 0 0 0 0 1 0 0 0 0 1 1 1
 Node 61:   1 0 0 0 0 0 1 0 1 1 0 0 0 0 1 0 0 0 0 0
 Node 62:   1 0 0 0 0 0 0 0 0 0 0 0 1 0 0 0 0 1 1 1
 Node 63:   0 0 0 0 0 0 1 0 1 1 1 0 0 0 1 0 0 0 0 0
 Node 64:   1 0 0 0 0 0 1 1 0 0 0 0 0 1 0 0 0 0 1 1
 Node 65:   1 0 0 0 0 0 2 0 1 1 0 0 0 0 0 1 0 0 0 0
 Node 66:   1 0 0 0 0 0 1 1 0 0 0 0 0 1 0 0 0 0 1 1
 Node 67:   0 0 0 0 0 0 2 0 1 1 1 0 0 0 0 1 0 0 0 0
 Node 68:   1 0 1 0 0 0 1 1 0 0 0 0 0 0 0 0 0 0 1 1
 Node 69:   1 0 0 0 0 0 2 0 1 1 0 0 0 0 0 1 0 0 0 0
 Node 70:   1 0 1 0 0 0 1 1 0 0 0 0 0 0 0 0 0 0 1 1
 Node 71:   0 0 0 0 0 0 2 0 1 1 1 0 0 0 0 1 0 0 0 0
 Node 72:   1 0 0 1 0 0 1 1 0 0 0 0 0 0 0 0 0 0 1 1
 Node 73:   1 0 0 0 0 0 2 0 1 1 0 0 0 0 0 1 0 0 0 0
 Node 74:   1 0 0 1 0 0 1 1 0 0 0 0 0 0 0 0 0 0 1 1
 Node 75:   0 0 0 0 0 0 2 0 1 1 1 0 0 0 0 1 0 0 0 0
 Node 76:   1 0 0 0 0 0 1 1 0 0 0 0 1 0 0 0 0 0 1 1
 Node 77:   1 0 0 0 0 0 2 0 1 1 0 0 0 0 0 1 0 0 0 0
 Node 78:   1 0 0 0 0 0 1 1 0 0 0 0 1 0 0 0 0 0 1 1
 Node 79:   0 0 0 0 0 0 2 0 1 1 1 0 0 0 0 1 0 0 0 0
 Node 80:   1 0 0 0 0 0 1 1 0 0 0 0 0 1 0 0 0 0 1 1
 Node 81:   1 0 0 0 1 0 2 0 1 1 0 0 0 0 0 0 0 0 0 0
 Node 82:   1 0 0 0 0 0 1 1 0 0 0 0 0 1 0 0 0 0 1 1
 Node 83:   0 0 0 0 1 0 2 0 1 1 1 0 0 0 0 0 0 0 0 0
 Node 84:   1 0 1 0 0 0 1 1 0 0 0 0 0 0 0 0 0 0 1 1
 Node 85:   1 0 0 0 1 0 2 0 1 1 0 0 0 0 0 0 0 0 0 0
 Node 86:   1 0 1 0 0 0 1 1 0 0 0 0 0 0 0 0 0 0 1 1
 Node 87:   0 0 0 0 1 0 2 0 1 1 1 0 0 0 0 0 0 0 0 0
 Node 88:   1 0 0 1 0 0 1 1 0 0 0 0 0 0 0 0 0 0 1 1
 Node 89:   1 0 0 0 1 0 2 0 1 1 0 0 0 0 0 0 0 0 0 0
 Node 90:   1 0 0 1 0 0 1 1 0 0 0 0 0 0 0 0 0 0 1 1
 Node 91:   0 0 0 0 1 0 2 0 1 1 1 0 0 0 0 0 0 0 0 0
 Node 92:   1 0 0 0 0 0 1 1 0 0 0 0 1 0 0 0 0 0 1 1
 Node 93:   1 0 0 0 1 0 2 0 1 1 0 0 0 0 0 0 0 0 0 0
 Node 94:   1 0 0 0 0 0 1 1 0 0 0 0 1 0 0 0 0 0 1 1
 Node 95:   0 0 0 0 1 0 2 0 1 1 1 0 0 0 0 0 0 0 0 0
 Node 96:   1 0 0 0 0 0 1 1 0 0 0 0 0 1 0 0 0 0 1 1
 Node 97:   1 0 0 0 0 1 2 0 1 1 0 0 0 0 0 0 0 0 0 0
 Node 98:   1 0 0 0 0 0 1 1 0 0 0 0 0 1 0 0 0 0 1 1
 Node 99:   0 0 0 0 0 1 2 0 1 1 1 0 0 0 0 0 0 0 0 0
 Node 100:   1 0 1 0 0 0 1 1 0 0 0 0 0 0 0 0 0 0 1 1
 Node 101:   1 0 0 0 0 1 2 0 1 1 0 0 0 0 0 0 0 0 0 0
 Node 102:   1 0 1 0 0 0 1 1 0 0 0 0 0 0 0 0 0 0 1 1
 Node 103:   0 0 0 0 0 1 2 0 1 1 1 0 0 0 0 0 0 0 0 0
 Node 104:   1 0 0 1 0 0 1 1 0 0 0 0 0 0 0 0 0 0 1 1
 Node 105:   1 0 0 0 0 1 2 0 1 1 0 0 0 0 0 0 0 0 0 0
 Node 106:   1 0 0 1 0 0 1 1 0 0 0 0 0 0 0 0 0 0 1 1
 Node 107:   0 0 0 0 0 1 2 0 1 1 1 0 0 0 0 0 0 0 0 0
 Node 108:   1 0 0 0 0 0 1 1 0 0 0 0 1 0 0 0 0 0 1 1
 Node 109:   1 0 0 0 0 1 2 0 1 1 0 0 0 0 0 0 0 0 0 0
 Node 110:   1 0 0 0 0 0 1 1 0 0 0 0 1 0 0 0 0 0 1 1
 Node 111:   0 0 0 0 0 1 2 0 1 1 1 0 0 0 0 0 0 0 0 0
 Node 112:   1 0 0 0 0 0 1 1 0 0 0 0 0 1 0 0 0 0 1 1
 Node 113:   1 0 0 0 0 0 2 0 1 1 0 0 0 0 1 0 0 0 0 0
 Node 114:   1 0 0 0 0 0 1 1 0 0 0 0 0 1 0 0 0 0 1 1
 Node 115:   0 0 0 0 0 0 2 0 1 1 1 0 0 0 1 0 0 0 0 0
 Node 116:   1 0 1 0 0 0 1 1 0 0 0 0 0 0 0 0 0 0 1 1
 Node 117:   1 0 0 0 0 0 2 0 1 1 0 0 0 0 1 0 0 0 0 0
 Node 118:   1 0 1 0 0 0 1 1 0 0 0 0 0 0 0 0 0 0 1 1
 Node 119:   0 0 0 0 0 0 2 0 1 1 1 0 0 0 1 0 0 0 0 0
 Node 120:   1 0 0 1 0 0 1 1 0 0 0 0 0 0 0 0 0 0 1 1
 Node 121:   1 0 0 0 0 0 2 0 1 1 0 0 0 0 1 0 0 0 0 0
 Node 122:   1 0 0 1 0 0 1 1 0 0 0 0 0 0 0 0 0 0 1 1
 Node 123:   0 0 0 0 0 0 2 0 1 1 1 0 0 0 1 0 0 0 0 0
 Node 124:   1 0 0 0 0 0 1 1 0 0 0 0 1 0 0 0 0 0 1 1
 Node 125:   1 0 0 0 0 0 2 0 1 1 0 0 0 0 1 0 0 0 0 0
 Node 126:   1 0 0 0 0 0 1 1 0 0 0 0 1 0 0 0 0 0 1 1
 Node 127:   0 0 0 0 0 0 2 0 1 1 1 0 0 0 1 0 0 0 0 0
 Node 128:   0 0 0 0 0 0 0 2 0 0 0 1 0 0 0 1 0 0 1 1
 Node 129:   0 1 0 0 0 0 1 1 1 1 0 0 0 1 0 0 0 0 0 0
 Node 130:   0 1 0 0 0 0 0 2 0 0 0 0 0 0 0 1 0 0 1 1
 Node 131:   0 1 0 0 0 0 1 1 1 1 0 0 0 1 0 0 0 0 0 0
 Node 132:   0 0 0 0 0 0 0 2 0 0 0 1 0 0 0 1 0 0 1 1
 Node 133:   0 1 1 0 0 0 1 1 1 1 0 0 0 0 0 0 0 0 0 0
 Node 134:   0 1 0 0 0 0 0 2 0 0 0 0 0 0 0 1 0 0 1 1
 Node 135:   0 1 1 0 0 0 1 1 1 1 0 0 0 0 0 0 0 0 0 0
 Node 136:   0 0 0 0 0 0 0 2 0 0 0 1 0 0 0 1 0 0 1 1
 Node 137:   0 1 0 1 0 0 1 1 1 1 0 0 0 0 0 0 0 0 0 0
 Node 138:   0 1 0 0 0 0 0 2 0 0 0 0 0 0 0 1 0 0 1 1
 Node 139:   0 1 0 1 0 0 1 1 1 1 0 0 0 0 0 0 0 0 0 0
 Node 140:   0 0 0 0 0 0 0 2 0 0 0 1 0 0 0 1 0 0 1 1
 Node 141:   0 1 0 0 0 0 1 1 1 1 0 0 1 0 0 0 0 0 0 0
 Node 142:   0 1 0 0 0 0 0 2 0 0 0 0 0 0 0 1 0 0 1 1
 Node 143:   0 1 0 0 0 0 1 1 1 1 0 0 1 0 0 0 0 0 0 0
 Node 144:   0 0 0 0 1 0 0 2 0 0 0 1 0 0 0 0 0 0 1 1
 Node 145:   0 1 0 0 0 0 1 1 1 1 0 0 0 1 0 0 0 0 0 0
 Node 146:   0 1 0 0 1 0 0 2 0 0 0 0 0 0 0 0 0 0 1 1
 Node 147:   0 1 0 0 0 0 1 1 1 1 0 0 0 1 0 0 0 0 0 0
 Node 148:   0 0 0 0 1 0 0 2 0 0 0 1 0 0 0 0 0 0 1 1
 Node 149:   0 1 1 0 0 0 1 1 1 1 0 0 0 0 0 0 0 0 0 0
 Node 150:   0 1 0 0 1 0 0 2 0 0 0 0 0 0 0 0 0 0 1 1
 Node 151:   0 1 1 0 0 0 1 1 1 1 0 0 0 0 0 0 0 0 0 0
 Node 152:   0 0 0 0 1 0 0 2 0 0 0 1 0 0 0 0 0 0 1 1
 Node 153:   0 1 0 1 0 0 1 1 1 1 0 0 0 0 0 0 0 0 0 0
 Node 154:   0 1 0 0 1 0 0 2 0 0 0 0 0 0 0 0 0 0 1 1
 Node 155:   0 1 0 1 0 0 1 1 1 1 0 0 0 0 0 0 0 0 0 0
 Node 156:   0 0 0 0 1 0 0 2 0 0 0 1 0 0 0 0 0 0 1 1
 Node 157:   0 1 0 0 0 0 1 1 1 1 0 0 1 0 0 0 0 0 0 0
 Node 158:   0 1 0 0 1 0 0 2 0 0 0 0 0 0 0 0 0 0 1 1
 Node 159:   0 1 0 0 0 0 1 1 1 1 0 0 1 0 0 0 0 0 0 0
 Node 160:   0 0 0 0 0 1 0 2 0 0 0 1 0 0 0 0 0 0 1 1
 Node 161:   0 1 0 0 0 0 1 1 1 1 0 0 0 1 0 0 0 0 0 0
 Node 162:   0 1 0 0 0 1 0 2 0 0 0 0 0 0 0 0 0 0 1 1
 Node 163:   0 1 0 0 0 0 1 1 1 1 0 0 0 1 0 0 0 0 0 0
 Node 164:   0 0 0 0 0 1 0 2 0 0 0 1 0 0 0 0 0 0 1 1
 Node 165:   0 1 1 0 0 0 1 1 1 1 0 0 0 0 0 0 0 0 0 0
 Node 166:   0 1 0 0 0 1 0 2 0 0 0 0 0 0 0 0 0 0 1 1
 Node 167:   0 1 1 0 0 0 1 1 1 1 0 0 0 0 0 0 0 0 0 0
 Node 168:   0 0 0 0 0 1 0 2 0 0 0 1 0 0 0 0 0 0 1 1
 Node 169:   0 1 0 1 0 0 1 1 1 1 0 0 0 0 0 0 0 0 0 0
 Node 170:   0 1 0 0 0 1 0 2 0 0 0 0 0 0 0 0 0 0 1 1
 Node 171:   0 1 0 1 0 0 1 1 1 1 0 0 0 0 0 0 0 0 0 0
 Node 172:   0 0 0 0 0 1 0 2 0 0 0 1 0 0 0 0 0 0 1 1
 Node 173:   0 1 0 0 0 0 1 1 1 1 0 0 1 0 0 0 0 0 0 0
 Node 174:   0 1 0 0 0 1 0 2 0 0 0 0 0 0 0 0 0 0 1 1
 Node 175:   0 1 0 0 0 0 1 1 1 1 0 0 1 0 0 0 0 0 0 0
 Node 176:   0 0 0 0 0 0 0 2 0 0 0 1 0 0 1 0 0 0 1 1
 Node 177:   0 1 0 0 0 0 1 1 1 1 0 0 0 1 0 0 0 0 0 0
 Node 178:   0 1 0 0 0 0 0 2 0 0 0 0 0 0 1 0 0 0 1 1
 Node 179:   0 1 0 0 0 0 1 1 1 1 0 0 0 1 0 0 0 0 0 0
 Node 180:   0 0 0 0 0 0 0 2 0 0 0 1 0 0 1 0 0 0 1 1
 Node 181:   0 1 1 0 0 0 1 1 1 1 0 0 0 0 0 0 0 0 0 0
 Node 182:   0 1 0 0 0 0 0 2 0 0 0 0 0 0 1 0 0 0 1 1
 Node 183:   0 1 1 0 0 0 1 1 1 1 0 0 0 0 0 0 0 0 0 0
 Node 184:   0 0 0 0 0 0 0 2 0 0 0 1 0 0 1 0 0 0 1 1
 Node 185:   0 1 0 1 0 0 1 1 1 1 0 0 0 0 0 0 0 0 0 0
 Node 186:   0 1 0 0 0 0 0 2 0 0 0 0 0 0 1 0 0 0 1 1
 Node 187:   0 1 0 1 0 0 1 1 1 1 0 0 0 0 0 0 0 0 0 0
 Node 188:   0 0 0 0 0 0 0 2 0 0 0 1 0 0 1 0 0 0 1 1
 Node 189:   0 1 0 0 0 0 1 1 1 1 0 0 1 0 0 0 0 0 0 0
 Node 190:   0 1 0 0 0 0 0 2 0 0 0 0 0 0 1 0 0 0 1 1
 Node 191:   0 1 0 0 0 0 1 1 1 1 0 0 1 0 0 0 0 0 0 0
 Node 192:   0 0 0 0 0 0 0 1 0 0 0 1 0 0 0 1 0 0 1 1
 Node 193:   0 1 0 0 0 0 0 0 1 1 0 0 0 1 0 0 1 0 0 0
 Node 194:   0 1 0 0 0 0 0 1 0 0 0 0 0 0 0 1 0 0 1 1
 Node 195:   0 1 0 0 0 0 0 0 1 1 0 0 0 1 0 0 1 0 0 0
 Node 196:   0 0 0 0 0 0 0 1 0 0 0 1 0 0 0 1 0 0 1 1
 Node 197:   0 1 1 0 0 0 0 0 1 1 0 0 0 0 0 0 1 0 0 0
 Node 198:   0 1 0 0 0 0 0 1 0 0 0 0 0 0 0 1 0 0 1 1
 Node 199:   0 1 1 0 0 0 0 0 1 1 0 0 0 0 0 0 1 0 0 0
 Node 200:   0 0 0 0 0 0 0 1 0 0 0 1 0 0 0 1 0 0 1 1
 Node 201:   0 1 0 1 0 0 0 0 1 1 0 0 0 0 0 0 1 0 0 0
 Node 202:   0 1 0 0 0 0 0 1 0 0 0 0 0 0 0 1 0 0 1 1
 Node 203:   0 1 0 1 0 0 0 0 1 1 0 0 0 0 0 0 1 0 0 0
 Node 204:   0 0 0 0 0 0 0 1 0 0 0 1 0 0 0 1 0 0 1 1
 Node 205:   0 1 0 0 0 0 0 0 1 1 0 0 1 0 0 0 1 0 0 0
 Node 206:   0 1 0 0 0 0 0 1 0 0 0 0 0 0 0 1 0 0 1 1
 Node 207:   0 1 0 0 0 0 0 0 1 1 0 0 1 0 0 0 1 0 0 0
 Node 208:   0 0 0 0 1 0 0 1 0 0 0 1 0 0 0 0 0 0 1 1
 Node 209:   0 1 0 0 0 0 0 0 1 1 0 0 0 1 0 0 1 0 0 0
 Node 210:   0 1 0 0 1 0 0 1 0 0 0 0 0 0 0 0 0 0 1 1
 Node 211:   0 1 0 0 0 0 0 0 1 1 0 0 0 1 0 0 1 0 0 0
 Node 212:   0 0 0 0 1 0 0 1 0 0 0 1 0 0 0 0 0 0 1 1
 Node 213:   0 1 1 0 0 0 0 0 1 1 0 0 0 0 0 0 1 0 0 0
 Node 214:   0 1 0 0 1 0 0 1 0 0 0 0 0 0 0 0 0 0 1 1
 Node 215:   0 1 1 0 0 0 0 0 1 1 0 0 0 0 0 0 1 0 0 0
 Node 216:   0 0 0 0 1 0 0 1 0 0 0 1 0 0 0 0 0 0 1 1
 Node 217:   0 1 0 1 0 0 0 0 1 1 0 0 0 0 0 0 1 0 0 0
 Node 218:   0 1 0 0 1 0 0 1 0 0 0 0 0 0 0 0 0 0 1 1
 Node 219:   0 1 0 1 0 0 0 0 1 1 0 0 0 0 0 0 1 0 0 0
 Node 220:   0 0 0 0 1 0 0 1 0 0 0 1 0 0 0 0 0 0 1 1
 Node 221:   0 1 0 0 0 0 0 0 1 1 0 0 1 0 0 0 1 0 0 0
 Node 222:   0 1 0 0 1 0 0 1 0 0 0 0 0 0 0 0 0 0 1 1
 Node 223:   0 1 0 0 0 0 0 0 1 1 0 0 1 0 0 0 1 0 0 0
 Node 224:   0 0 0 0 0 1 0 1 0 0 0 1 0 0 0 0 0 0 1 1
 Node 225:   0 1 0 0 0 0 0 0 1 1 0 0 0 1 0 0 1 0 0 0
 Node 226:   0 1 0 0 0 1 0 1 0 0 0 0 0 0 0 0 0 0 1 1
 Node 227:   0 1 0 0 0 0 0 0 1 1 0 0 0 1 0 0 1 0 0 0
 Node 228:   0 0 0 0 0 1 0 1 0 0 0 1 0 0 0 0 0 0 1 1
 Node 229:   0 1 1 0 0 0 0 0 1 1 0 0 0 0 0 0 1 0 0 0
 Node 230:   0 1 0 0 0 1 0 1 0 0 0 0 0 0 0 0 0 0 1 1
 Node 231:   0 1 1 0 0 0 0 0 1 1 0 0 0 0 0 0 1 0 0 0
 Node 232:   0 0 0 0 0 1 0 1 0 0 0 1 0 0 0 0 0 0 1 1
 Node 233:   0 1 0 1 0 0 0 0 1 1 0 0 0 0 0 0 1 0 0 0
 Node 234:   0 1 0 0 0 1 0 1 0 0 0 0 0 0 0 0 0 0 1 1
 Node 235:   0 1 0 1 0 0 0 0 1 1 0 0 0 0 0 0 1 0 0 0
 Node 236:   0 0 0 0 0 1 0 1 0 0 0 1 0 0 0 0 0 0 1 1
 Node 237:   0 1 0 0 0 0 0 0 1 1 0 0 1 0 0 0 1 0 0 0
 Node 238:   0 1 0 0 0 1 0 1 0 0 0 0 0 0 0 0 0 0 1 1
 Node 239:   0 1 0 0 0 0 0 0 1 1 0 0 1 0 0 0 1 0 0 0
 Node 240:   0 0 0 0 0 0 0 1 0 0 0 1 0 0 1 0 0 0 1 1
 Node 241:   0 1 0 0 0 0 0 0 1 1 0 0 0 1 0 0 1 0 0 0
 Node 242:   0 1 0 0 0 0 0 1 0 0 0 0 0 0 1 0 0 0 1 1
 Node 243:   0 1 0 0 0 0 0 0 1 1 0 0 0 1 0 0 1 0 0 0
 Node 244:   0 0 0 0 0 0 0 1 0 0 0 1 0 0 1 0 0 0 1 1
 Node 245:   0 1 1 0 0 0 0 0 1 1 0 0 0 0 0 0 1 0 0 0
 Node 246:   0 1 0 0 0 0 0 1 0 0 0 0 0 0 1 0 0 0 1 1
 Node 247:   0 1 1 0 0 0 0 0 1 1 0 0 0 0 0 0 1 0 0 0
 Node 248:   0 0 0 0 0 0 0 1 0 0 0 1 0 0 1 0 0 0 1 1
 Node 249:   0 1 0 1 0 0 0 0 1 1 0 0 0 0 0 0 1 0 0 0
 Node 250:   0 1 0 0 0 0 0 1 0 0 0 0 0 0 1 0 0 0 1 1
 Node 251:   0 1 0 1 0 0 0 0 1 1 0 0 0 0 0 0 1 0 0 0
 Node 252:   0 0 0 0 0 0 0 1 0 0 0 1 0 0 1 0 0 0 1 1
 Node 253:   0 1 0 0 0 0 0 0 1 1 0 0 1 0 0 0 1 0 0 0
 Node 254:   0 1 0 0 0 0 0 1 0 0 0 0 0 0 1 0 0 0 1 1
 Node 255:   0 1 0 0 0 0 0 0 1 1 0 0 1 0 0 0 1 0 0 0

(Maximum) Crossing Paths: 2
The number of paths on this application : 256 (all-to-all cases: 65280)
The average hops : 4.500000
ID size(without ID modification)2
(Maximum) number of slots: 2
