ID Allocation Policy is 0(low port first) / 1(Crossing Paths based method): 1
Address method is 0(destination_based) / 1(path_based): 1
 dst_based renewable label = 3
 path_based renewable label = 3


 (east, west, south, north, front, back, out, in, from host0,... east(vch2), south(vch2), west(vch2), north(vch2), front, back, out, in, from host(vch2)0,.. to host(vch2)0,..
 Node  0:   1 0 0 0 0 0 0 0 1 1
 Node  1:   0 1 0 0 0 0 0 0 1 2
 Node  2:   0 1 0 0 1 0 0 0 1 1
 Node  3:   0 0 0 0 1 0 0 0 1 1
 Node  4:   0 0 0 0 0 0 1 0 1 0
 Node  5:   1 0 0 0 1 0 0 0 1 0
 Node  6:   1 0 0 0 0 0 0 0 1 1
 Node  7:   0 0 0 0 1 0 0 0 1 3
 Node  8:   1 0 0 0 0 0 0 0 1 0
 Node  9:   1 0 0 0 1 0 0 0 1 1
 Node 10:   1 1 0 0 0 0 0 0 1 1
 Node 11:   0 1 0 1 0 0 0 0 1 2
 Node 12:   2 0 0 0 1 0 0 0 1 1
 Node 13:   1 1 0 0 0 0 0 0 1 2
 Node 14:   1 1 0 0 0 0 0 0 1 0
 Node 15:   0 0 0 1 2 0 0 0 1 0
 Node 16:   0 0 0 0 0 0 1 0 1 1
 Node 17:   0 1 1 0 0 0 0 0 1 0
 Node 18:   0 1 0 0 0 1 0 0 1 0
 Node 19:   0 0 0 0 0 1 0 0 1 2
 Node 20:   1 0 0 0 0 0 0 0 1 1
 Node 21:   0 1 1 0 2 0 0 0 1 1
 Node 22:   0 0 0 0 1 0 0 0 1 1
 Node 23:   0 0 0 0 0 1 0 0 1 2
 Node 24:   0 0 0 0 0 0 1 0 1 0
 Node 25:   0 0 1 0 1 0 0 0 1 3
 Node 26:   0 1 0 0 0 0 0 0 1 0
 Node 27:   0 0 0 0 0 1 0 0 1 0
 Node 28:   0 0 0 0 1 1 0 0 1 2
 Node 29:   0 1 0 0 0 0 0 0 1 3
 Node 30:   0 1 0 0 0 0 0 0 1 0
 Node 31:   0 0 0 0 2 0 0 0 1 1
 Node 32:   1 0 0 0 0 0 0 0 1 0
 Node 33:   1 0 0 0 1 0 0 0 1 2
 Node 34:   0 1 0 0 0 0 0 0 1 2
 Node 35:   0 0 0 0 0 1 0 0 1 0
 Node 36:   0 0 0 0 1 0 0 0 1 1
 Node 37:   1 1 0 0 1 0 0 0 1 1
 Node 38:   0 0 0 0 0 1 0 0 1 2
 Node 39:   0 0 0 0 0 1 0 0 1 1
 Node 40:   1 0 0 0 0 0 0 0 1 0
 Node 41:   1 0 0 0 0 1 0 0 1 1
 Node 42:   1 0 0 0 1 0 0 0 1 1
 Node 43:   0 1 0 1 0 0 0 0 1 1
 Node 44:   0 0 0 0 1 1 0 0 1 1
 Node 45:   0 0 0 0 0 1 0 0 1 0
 Node 46:   0 0 0 0 1 0 0 0 1 0
 Node 47:   0 0 0 0 2 0 0 0 1 1
 Node 48:   1 0 1 0 0 0 0 0 1 1
 Node 49:   1 2 0 0 0 0 0 0 1 1
 Node 50:   0 1 0 0 0 1 0 0 1 1
 Node 51:   0 1 0 0 0 0 0 0 1 0
 Node 52:   0 0 0 0 0 0 1 0 1 2
 Node 53:   0 0 0 0 0 1 0 0 1 2
 Node 54:   0 0 0 0 0 0 1 0 1 0
 Node 55:   0 0 0 0 0 0 1 0 1 0
 Node 56:   0 0 0 0 0 0 1 0 1 1
 Node 57:   0 1 0 1 0 0 0 0 1 0
 Node 58:   0 1 0 0 0 0 0 0 1 1
 Node 59:   0 0 0 0 0 1 0 0 1 0
 Node 60:   0 0 0 0 0 1 0 0 1 2
 Node 61:   0 1 0 0 0 0 0 0 1 0
 Node 62:   1 0 0 0 0 0 0 0 1 1
 Node 63:   0 0 0 0 0 0 1 0 1 3
 Node 64:   0 0 0 0 1 0 0 0 1 0
 Node 65:   0 0 0 0 1 0 0 0 1 0
 Node 66:   1 0 0 0 0 0 0 1 1 1
 Node 67:   0 1 0 0 1 0 0 0 1 1
 Node 68:   0 0 1 0 1 0 1 0 1 1
 Node 69:   0 1 0 0 1 0 0 1 1 1
 Node 70:   0 2 0 0 0 0 0 0 1 1
 Node 71:   0 1 0 0 1 0 0 0 1 2
 Node 72:   0 0 0 0 0 0 1 0 1 2
 Node 73:   1 0 0 0 0 0 0 0 1 2
 Node 74:   0 1 0 0 0 0 0 0 1 2
 Node 75:   0 1 0 0 0 0 0 0 1 0
 Node 76:   0 0 0 0 0 0 0 1 1 1
 Node 77:   0 1 0 0 1 0 0 0 1 1
 Node 78:   0 1 0 0 0 0 0 0 1 0
 Node 79:   0 0 0 0 1 0 0 1 1 1
 Node 80:   1 0 0 0 0 0 1 0 1 2
 Node 81:   1 0 0 0 0 0 0 0 1 2
 Node 82:   0 0 0 0 0 0 1 0 1 2
 Node 83:   0 1 0 0 1 0 0 0 1 0
 Node 84:   1 0 0 1 0 1 0 0 1 1
 Node 85:   0 0 0 0 1 0 0 1 1 2
 Node 86:   0 1 0 0 0 1 0 0 1 0
 Node 87:   0 0 0 0 1 2 0 0 1 1
 Node 88:   2 0 1 1 0 1 0 0 1 1
 Node 89:   2 1 0 0 0 1 0 0 1 1
 Node 90:   2 1 0 0 1 0 0 0 1 0
 Node 91:   0 1 1 1 0 0 0 0 1 1
 Node 92:   0 0 0 1 1 0 0 0 1 2
 Node 93:   0 2 0 0 0 0 0 0 1 0
 Node 94:   1 0 0 0 0 0 0 0 1 1
 Node 95:   0 1 0 0 1 1 0 0 1 2
 Node 96:   0 0 1 0 1 0 0 0 1 0
 Node 97:   1 1 0 0 0 0 0 1 1 0
 Node 98:   0 1 0 0 1 0 0 0 1 1
 Node 99:   0 1 0 0 1 0 0 0 1 0
 Node 100:   0 0 0 0 1 1 0 0 1 2
 Node 101:   0 1 0 0 1 0 0 0 1 0
 Node 102:   0 0 0 0 0 1 1 0 1 0
 Node 103:   0 0 0 0 1 1 1 0 1 1
 Node 104:   0 0 0 0 0 2 0 0 1 0
 Node 105:   0 0 0 0 0 1 0 0 1 1
 Node 106:   0 1 0 0 0 0 0 0 1 1
 Node 107:   0 0 0 0 0 1 0 0 1 0
 Node 108:   1 0 0 0 0 0 0 0 1 2
 Node 109:   0 1 0 0 0 0 0 0 1 1
 Node 110:   0 0 0 0 0 0 1 0 1 1
 Node 111:   0 1 0 0 1 1 0 0 1 0
 Node 112:   0 0 1 0 0 0 1 0 1 1
 Node 113:   1 1 0 0 0 0 0 0 1 1
 Node 114:   0 2 0 0 0 0 0 0 1 3
 Node 115:   0 1 0 0 0 0 0 0 1 1
 Node 116:   1 0 0 0 0 1 1 0 1 2
 Node 117:   1 1 0 0 0 0 0 0 1 2
 Node 118:   0 1 0 1 0 1 0 0 1 0
 Node 119:   0 0 0 0 0 2 0 0 1 1
 Node 120:   0 0 0 0 0 1 1 0 1 1
 Node 121:   0 1 0 0 0 0 0 0 1 0
 Node 122:   1 0 0 0 0 0 0 0 1 0
 Node 123:   0 0 0 0 0 0 1 0 1 1
 Node 124:   1 0 0 0 0 0 0 0 1 1
 Node 125:   0 1 0 0 0 0 0 0 1 2
 Node 126:   0 1 0 0 0 0 0 0 1 0
 Node 127:   0 0 0 0 0 1 1 0 1 1
 Node 128:   1 0 0 0 0 0 0 0 1 3
 Node 129:   0 1 0 0 0 0 0 0 1 2
 Node 130:   0 1 0 0 0 0 0 1 1 1
 Node 131:   0 0 0 0 0 0 0 1 1 1
 Node 132:   1 0 0 1 1 0 0 0 1 2
 Node 133:   0 0 0 0 0 0 0 1 1 2
 Node 134:   0 1 0 0 0 0 0 0 1 0
 Node 135:   0 0 0 1 0 0 0 1 1 1
 Node 136:   2 0 0 1 1 0 0 0 1 1
 Node 137:   2 0 0 0 0 0 1 0 1 1
 Node 138:   2 1 0 0 0 0 0 0 1 1
 Node 139:   0 1 0 2 1 0 0 0 1 2
 Node 140:   1 0 0 1 0 0 0 0 1 0
 Node 141:   1 0 0 0 0 0 0 1 1 1
 Node 142:   1 0 0 0 1 0 0 0 1 0
 Node 143:   0 0 0 1 0 0 0 1 1 1
 Node 144:   0 0 1 0 2 1 0 0 1 1
 Node 145:   0 2 0 0 0 0 0 0 1 0
 Node 146:   1 1 0 0 0 1 0 0 1 1
 Node 147:   0 1 0 0 0 0 0 0 1 3
 Node 148:   0 0 1 0 0 2 0 0 1 2
 Node 149:   0 1 0 0 1 0 0 0 1 1
 Node 150:   0 2 0 0 0 0 0 0 1 0
 Node 151:   0 1 0 1 0 0 0 0 1 1
 Node 152:   2 0 0 0 2 1 0 0 1 1
 Node 153:   2 0 0 0 0 0 0 0 1 1
 Node 154:   1 0 0 0 1 0 0 0 1 1
 Node 155:   0 0 0 1 3 1 0 0 1 0
 Node 156:   0 0 0 0 1 1 0 0 1 1
 Node 157:   0 1 0 0 0 1 0 0 1 0
 Node 158:   0 1 0 0 1 0 0 0 1 1
 Node 159:   0 1 0 0 0 1 0 0 1 1
 Node 160:   2 0 0 0 0 1 0 0 1 1
 Node 161:   1 0 0 0 0 0 0 1 1 1
 Node 162:   1 0 0 0 0 1 0 0 1 0
 Node 163:   0 0 0 0 0 1 0 0 1 2
 Node 164:   1 0 0 0 0 1 0 0 1 1
 Node 165:   0 0 0 0 1 0 0 0 1 2
 Node 166:   1 0 0 0 0 0 1 0 1 0
 Node 167:   0 0 0 0 0 1 1 0 1 2
 Node 168:   1 0 0 0 2 2 0 0 1 1
 Node 169:   1 1 0 0 0 0 0 0 1 0
 Node 170:   1 0 0 0 1 0 0 0 1 2
 Node 171:   0 0 0 1 3 1 0 0 1 2
 Node 172:   0 0 0 0 0 1 1 0 1 1
 Node 173:   1 0 0 0 0 0 0 0 1 0
 Node 174:   1 0 0 0 0 0 1 0 1 2
 Node 175:   0 0 0 0 0 2 0 0 1 1
 Node 176:   0 0 0 0 0 1 1 0 1 0
 Node 177:   0 0 0 0 0 0 1 0 1 0
 Node 178:   1 0 0 0 0 0 0 0 1 0
 Node 179:   0 0 0 0 0 1 0 0 1 1
 Node 180:   0 0 0 0 0 2 0 0 1 1
 Node 181:   1 0 0 0 0 0 0 0 1 1
 Node 182:   1 0 0 0 0 0 0 0 1 2
 Node 183:   0 1 0 0 0 0 0 0 1 2
 Node 184:   1 0 0 1 0 2 1 0 1 1
 Node 185:   2 1 0 0 0 0 0 0 1 0
 Node 186:   1 1 0 0 0 1 0 0 1 2
 Node 187:   0 1 0 1 0 2 0 0 1 3
 Node 188:   1 0 0 0 0 1 0 0 1 0
 Node 189:   1 0 0 0 0 0 1 0 1 1
 Node 190:   1 1 0 0 0 0 0 0 1 0
 Node 191:   0 0 0 1 0 1 1 0 1 0
 Node 192:   1 0 1 0 0 0 0 0 1 2
 Node 193:   0 1 0 0 1 0 0 0 1 1
 Node 194:   0 1 0 0 0 0 0 1 1 0
 Node 195:   0 1 0 0 0 0 0 0 1 0
 Node 196:   1 0 0 0 0 0 0 0 1 1
 Node 197:   1 0 0 0 0 0 0 0 1 2
 Node 198:   0 1 1 0 0 0 0 0 1 2
 Node 199:   0 1 0 0 0 0 0 0 1 0
 Node 200:   0 0 0 0 0 0 0 1 1 1
 Node 201:   0 0 0 0 2 0 0 0 1 2
 Node 202:   0 1 0 0 0 0 0 0 1 1
 Node 203:   0 0 0 0 0 0 0 1 1 0
 Node 204:   1 0 0 0 0 0 0 0 1 0
 Node 205:   1 0 0 0 0 0 0 0 1 1
 Node 206:   1 0 0 0 0 0 0 0 1 2
 Node 207:   0 0 0 0 1 0 0 0 1 2
 Node 208:   0 0 1 0 0 2 0 0 1 0
 Node 209:   1 1 0 0 0 0 0 0 1 3
 Node 210:   0 2 0 0 0 0 0 0 1 1
 Node 211:   0 1 0 0 0 0 0 0 1 1
 Node 212:   1 0 1 0 0 0 0 0 1 2
 Node 213:   1 2 0 0 0 0 0 0 1 1
 Node 214:   1 1 0 0 1 1 0 0 1 0
 Node 215:   0 1 0 1 0 0 0 0 1 0
 Node 216:   0 0 0 0 0 1 0 1 1 2
 Node 217:   0 0 0 0 1 1 0 0 1 1
 Node 218:   0 0 0 0 1 0 0 0 1 0
 Node 219:   0 0 0 0 0 0 0 1 1 1
 Node 220:   0 0 0 0 1 0 0 0 1 1
 Node 221:   0 1 0 0 0 0 0 0 1 1
 Node 222:   0 0 0 0 0 1 0 0 1 0
 Node 223:   0 0 0 0 1 1 0 0 1 1
 Node 224:   1 0 1 0 0 1 0 0 1 0
 Node 225:   0 1 0 0 0 1 0 0 1 3
 Node 226:   0 1 0 0 1 0 0 0 1 0
 Node 227:   0 1 0 0 0 0 0 0 1 0
 Node 228:   1 0 0 0 0 0 0 0 1 1
 Node 229:   0 0 0 1 0 1 0 0 1 3
 Node 230:   0 2 0 0 0 1 0 0 1 1
 Node 231:   0 1 0 0 1 0 0 0 1 0
 Node 232:   0 0 0 0 0 2 0 0 1 1
 Node 233:   0 1 0 1 0 0 0 0 1 0
 Node 234:   0 0 0 0 1 0 0 0 1 1
 Node 235:   0 0 0 0 0 1 0 0 1 1
 Node 236:   1 0 0 0 1 0 0 0 1 1
 Node 237:   0 0 0 0 0 1 0 0 1 3
 Node 238:   0 2 0 0 0 0 0 0 1 1
 Node 239:   0 1 0 0 0 1 0 0 1 2
 Node 240:   1 0 1 0 0 1 0 0 1 0
 Node 241:   1 1 0 0 0 1 0 0 1 2
 Node 242:   2 1 0 0 0 0 0 0 1 1
 Node 243:   0 1 1 0 0 0 0 0 1 1
 Node 244:   1 0 1 0 0 0 0 0 1 1
 Node 245:   1 1 0 1 0 0 0 0 1 2
 Node 246:   0 2 0 0 0 0 0 0 1 1
 Node 247:   0 1 1 0 0 0 0 0 1 1
 Node 248:   0 0 0 0 0 1 0 1 1 2
 Node 249:   0 1 0 1 0 0 0 0 1 0
 Node 250:   1 0 0 0 0 0 0 0 1 2
 Node 251:   0 0 1 0 0 1 0 0 1 1
 Node 252:   1 0 0 0 0 0 0 1 1 0
 Node 253:   2 0 0 1 0 0 0 0 1 0
 Node 254:   1 0 0 1 0 0 0 0 1 1
 Node 255:   0 0 0 0 0 2 0 0 1 2

(Maximum) Crossing Paths: 3
The number of paths on this application : 256 (all-to-all cases: 65280)
The average hops : 2.871094
ID size(without ID modification)3
total_slots: 479
avg_slots: 0.233887
unused_total_slots: 5665
unused_avg_slots: 2.766113

