ID Allocation Policy is 0(low port first) / 1(Crossing Paths based method): 1
Address method is 0(destination_based) / 1(path_based): 1
 dst_based renewable label = 4
 path_based renewable label = 5


 (east, west, south, north, front, back, out, in, from host0,... east(vch2), south(vch2), west(vch2), north(vch2), front, back, out, in, from host(vch2)0,.. to host(vch2)0,..
 Node  0:   1 0 0 0 1 0 0 0 1 3
 Node  1:   0 0 2 0 0 0 1 0 1 1
 Node  2:   0 0 0 0 1 0 1 0 1 0
 Node  3:   0 0 0 0 0 0 1 0 1 2
 Node  4:   0 0 0 3 0 0 1 0 1 1
 Node  5:   0 2 1 1 1 0 1 0 1 2
 Node  6:   1 2 0 0 0 0 1 0 1 1
 Node  7:   0 2 1 2 0 0 1 0 1 0
 Node  8:   0 0 0 2 0 0 1 0 1 0
 Node  9:   0 0 0 1 0 0 1 0 1 1
 Node 10:   1 1 0 1 0 0 1 0 1 0
 Node 11:   0 0 1 2 0 0 1 0 1 0
 Node 12:   1 0 0 2 0 0 1 0 1 0
 Node 13:   1 1 0 0 1 0 1 0 1 0
 Node 14:   0 1 0 1 0 0 0 0 1 1
 Node 15:   0 0 0 1 2 0 0 0 1 1
 Node 16:   0 0 0 0 2 1 1 0 1 1
 Node 17:   0 0 1 0 1 1 0 0 1 0
 Node 18:   0 1 0 0 2 0 0 0 1 1
 Node 19:   0 0 0 0 2 0 1 0 1 2
 Node 20:   0 0 0 1 1 0 1 0 1 0
 Node 21:   1 1 1 0 0 1 1 0 1 0
 Node 22:   1 0 0 1 0 1 1 0 1 0
 Node 23:   0 0 0 1 0 1 1 0 1 0
 Node 24:   2 0 0 0 1 0 1 0 1 0
 Node 25:   1 0 2 0 0 0 1 0 1 1
 Node 26:   0 1 1 1 1 2 0 0 1 0
 Node 27:   0 2 0 0 0 0 1 0 1 0
 Node 28:   0 0 0 0 0 2 1 0 1 0
 Node 29:   0 0 0 0 2 0 0 0 1 2
 Node 30:   0 0 0 0 1 1 1 0 1 1
 Node 31:   0 0 0 0 2 1 1 0 1 0
 Node 32:   2 0 0 0 0 0 1 0 1 0
 Node 33:   2 0 0 0 1 1 1 0 1 1
 Node 34:   2 1 0 0 1 1 1 0 1 1
 Node 35:   0 0 2 0 2 1 1 0 1 1
 Node 36:   1 0 0 0 0 0 1 0 1 0
 Node 37:   1 0 0 0 0 1 1 0 1 1
 Node 38:   0 0 1 0 0 1 1 0 1 0
 Node 39:   0 0 1 0 0 0 1 0 1 4
 Node 40:   1 0 0 0 1 2 1 0 1 1
 Node 41:   2 1 0 0 0 0 1 0 1 0
 Node 42:   2 1 0 0 0 2 1 0 1 1
 Node 43:   0 0 1 3 1 1 1 0 1 0
 Node 44:   0 0 0 0 0 2 1 0 1 2
 Node 45:   0 2 0 0 2 0 1 0 1 1
 Node 46:   1 3 0 0 1 1 1 0 1 0
 Node 47:   0 2 0 1 0 1 0 0 1 1
 Node 48:   0 0 1 0 0 0 1 0 1 0
 Node 49:   2 1 0 0 0 1 0 0 1 1
 Node 50:   0 2 3 0 0 1 0 0 1 2
 Node 51:   0 2 0 0 0 0 1 0 1 0
 Node 52:   0 0 0 0 0 0 1 0 1 1
 Node 53:   0 0 0 0 0 2 0 0 1 1
 Node 54:   0 0 3 1 0 1 1 0 1 0
 Node 55:   0 0 0 0 0 0 1 0 1 0
 Node 56:   0 0 1 0 0 2 1 0 1 0
 Node 57:   0 0 0 1 0 0 1 0 1 0
 Node 58:   0 1 1 1 0 2 1 0 1 3
 Node 59:   0 1 0 0 0 1 1 0 1 0
 Node 60:   0 0 0 0 0 1 1 0 1 1
 Node 61:   2 0 0 0 0 0 1 0 1 0
 Node 62:   0 0 0 2 0 1 1 0 1 2
 Node 63:   0 0 0 0 0 0 1 0 1 0
 Node 64:   0 0 1 0 1 0 1 0 1 1
 Node 65:   0 0 0 0 1 0 2 0 1 1
 Node 66:   1 0 0 0 1 0 1 1 1 2
 Node 67:   0 0 1 0 1 0 2 0 1 0
 Node 68:   1 0 2 1 1 0 1 0 1 0
 Node 69:   0 1 1 1 0 0 1 1 1 1
 Node 70:   1 1 0 1 0 0 1 0 1 0
 Node 71:   0 0 0 0 0 0 2 1 1 2
 Node 72:   0 0 1 1 0 0 2 0 1 1
 Node 73:   1 1 1 1 1 0 1 0 1 0
 Node 74:   0 1 0 0 0 0 1 0 1 1
 Node 75:   0 0 0 0 1 0 2 0 1 1
 Node 76:   1 0 0 0 1 0 2 0 1 2
 Node 77:   1 1 0 0 0 0 2 1 1 2
 Node 78:   1 1 0 0 0 0 1 0 1 0
 Node 79:   0 0 0 1 0 0 1 1 1 1
 Node 80:   1 0 0 0 1 1 0 2 1 0
 Node 81:   2 0 1 0 0 0 1 0 1 1
 Node 82:   1 1 1 0 1 2 0 0 1 1
 Node 83:   0 1 0 0 1 0 1 2 1 1
 Node 84:   2 0 1 0 1 1 1 1 1 0
 Node 85:   2 0 2 1 0 1 2 1 1 1
 Node 86:   2 1 1 1 0 2 1 0 1 1
 Node 87:   0 0 2 0 2 0 0 1 1 0
 Node 88:   2 0 1 0 2 0 1 1 1 0
 Node 89:   2 0 1 2 1 1 1 0 1 3
 Node 90:   0 1 0 2 0 0 1 0 1 2
 Node 91:   0 1 2 0 2 0 1 1 1 1
 Node 92:   2 0 0 0 1 1 1 0 1 2
 Node 93:   1 0 0 2 1 1 0 0 1 1
 Node 94:   0 0 0 1 0 1 2 1 1 0
 Node 95:   0 0 0 0 1 1 1 0 1 2
 Node 96:   0 0 1 0 2 1 1 0 1 0
 Node 97:   0 1 1 0 1 0 2 0 1 0
 Node 98:   0 2 0 0 0 0 1 1 1 1
 Node 99:   0 1 0 0 0 1 1 2 1 1
 Node 100:   2 0 0 0 0 3 1 0 1 2
 Node 101:   1 0 1 0 0 0 2 0 1 2
 Node 102:   0 0 0 1 3 1 0 0 1 0
 Node 103:   0 0 0 1 2 0 2 0 1 0
 Node 104:   0 0 0 1 2 2 0 1 1 2
 Node 105:   0 1 1 1 2 1 1 1 1 1
 Node 106:   0 2 0 0 1 0 1 0 1 1
 Node 107:   0 1 0 1 0 1 1 1 1 0
 Node 108:   1 0 0 1 0 2 2 1 1 0
 Node 109:   1 0 0 1 0 1 1 0 1 4
 Node 110:   1 1 0 0 0 1 1 2 1 0
 Node 111:   0 0 0 0 1 0 1 0 1 1
 Node 112:   2 0 1 0 0 0 2 0 1 1
 Node 113:   2 1 1 0 0 0 1 1 1 0
 Node 114:   0 1 2 0 0 0 1 1 1 1
 Node 115:   0 1 1 0 0 1 1 0 1 1
 Node 116:   0 0 1 1 0 2 2 0 1 0
 Node 117:   0 0 3 0 0 0 1 1 1 0
 Node 118:   1 2 3 1 0 0 1 1 1 1
 Node 119:   0 1 2 1 0 0 2 0 1 2
 Node 120:   2 0 1 1 0 2 0 2 1 0
 Node 121:   3 1 2 0 0 1 1 0 1 2
 Node 122:   2 1 1 2 0 1 0 2 1 2
 Node 123:   0 0 1 2 0 1 1 1 1 1
 Node 124:   0 0 0 0 0 2 0 1 1 1
 Node 125:   0 0 0 0 0 2 2 0 1 3
 Node 126:   0 1 0 1 0 2 1 1 1 1
 Node 127:   0 2 0 0 0 0 1 0 1 1
 Node 128:   2 0 2 0 2 0 0 1 1 3
 Node 129:   3 2 0 0 1 0 1 1 1 0
 Node 130:   5 1 1 0 0 0 0 1 1 0
 Node 131:   0 0 5 0 2 0 0 1 1 0
 Node 132:   0 0 3 3 1 0 1 0 1 0
 Node 133:   0 2 0 0 2 0 0 0 1 0
 Node 134:   0 0 2 0 1 0 2 0 1 0
 Node 135:   0 1 4 0 2 0 0 1 1 3
 Node 136:   0 0 2 2 3 0 1 0 1 2
 Node 137:   0 0 0 0 0 0 1 1 1 0
 Node 138:   0 0 2 0 1 0 1 0 1 0
 Node 139:   0 0 0 1 2 0 1 1 1 4
 Node 140:   0 0 0 3 1 0 2 1 1 2
 Node 141:   1 3 0 0 1 0 1 1 1 0
 Node 142:   1 0 0 0 3 0 0 0 1 2
 Node 143:   0 0 0 1 2 0 0 1 1 0
 Node 144:   0 0 0 0 2 2 0 1 1 1
 Node 145:   1 0 0 0 1 2 1 0 1 1
 Node 146:   2 1 0 0 0 2 0 1 1 1
 Node 147:   0 1 2 0 3 0 1 1 1 0
 Node 148:   0 0 0 0 1 0 1 1 1 2
 Node 149:   1 1 0 0 1 2 0 2 1 1
 Node 150:   0 0 1 1 2 0 1 1 1 1
 Node 151:   0 0 1 0 2 1 0 1 1 1
 Node 152:   1 0 2 1 2 0 0 2 1 0
 Node 153:   2 2 1 1 1 0 1 0 1 0
 Node 154:   0 3 0 2 1 0 1 0 1 3
 Node 155:   0 1 0 0 2 0 0 2 1 1
 Node 156:   1 0 0 0 2 0 0 1 1 3
 Node 157:   1 1 0 1 1 3 0 1 1 1
 Node 158:   0 1 0 1 4 0 2 1 1 0
 Node 159:   0 1 0 0 3 0 0 1 1 0
 Node 160:   1 0 2 0 1 2 1 1 1 1
 Node 161:   0 2 2 0 1 1 2 1 1 1
 Node 162:   0 2 0 0 0 2 2 0 1 1
 Node 163:   0 2 0 0 2 1 0 1 1 2
 Node 164:   0 0 2 1 1 0 1 1 1 1
 Node 165:   2 0 1 1 1 1 1 0 1 3
 Node 166:   0 2 2 1 1 0 0 2 1 3
 Node 167:   0 2 0 2 1 0 3 0 1 2
 Node 168:   3 0 3 1 0 0 1 0 1 2
 Node 169:   4 1 2 0 0 1 1 1 1 1
 Node 170:   5 1 2 3 0 1 1 1 1 0
 Node 171:   0 1 1 4 2 0 1 0 1 3
 Node 172:   2 0 0 3 2 0 0 2 1 3
 Node 173:   3 3 0 1 0 3 0 0 1 2
 Node 174:   1 4 0 3 1 0 1 1 1 3
 Node 175:   0 1 0 2 2 0 2 0 1 1
 Node 176:   2 0 0 0 0 1 1 0 1 0
 Node 177:   4 0 1 0 0 1 0 1 1 0
 Node 178:   2 1 1 0 0 1 0 1 1 4
 Node 179:   0 1 2 0 0 0 1 2 1 1
 Node 180:   1 0 0 0 0 0 2 2 1 0
 Node 181:   3 0 0 0 0 1 0 1 1 1
 Node 182:   1 0 3 3 0 0 2 0 1 1
 Node 183:   0 1 4 0 0 1 0 0 1 2
 Node 184:   0 0 0 0 0 0 0 2 1 0
 Node 185:   1 0 0 0 0 1 0 0 1 0
 Node 186:   0 0 0 2 0 1 0 1 1 4
 Node 187:   0 1 4 1 0 0 1 1 1 2
 Node 188:   2 0 0 0 0 0 0 1 1 0
 Node 189:   1 0 0 0 0 1 1 2 1 1
 Node 190:   0 0 0 1 0 1 0 2 1 2
 Node 191:   0 1 0 2 0 1 0 0 1 4
 Node 192:   0 0 1 0 0 0 0 1 1 2
 Node 193:   1 1 1 0 2 0 0 0 1 1
 Node 194:   1 2 0 0 0 0 0 1 1 0
 Node 195:   0 2 0 0 0 0 0 0 1 1
 Node 196:   1 0 2 1 2 0 0 0 1 0
 Node 197:   2 2 0 1 0 0 0 0 1 1
 Node 198:   0 2 2 0 1 0 0 1 1 2
 Node 199:   0 0 0 0 0 0 0 1 1 0
 Node 200:   0 0 0 0 1 0 0 1 1 3
 Node 201:   0 0 1 0 2 0 0 0 1 0
 Node 202:   0 0 0 2 2 0 0 0 1 2
 Node 203:   0 0 0 0 1 0 0 1 1 1
 Node 204:   2 0 0 1 1 0 0 1 1 0
 Node 205:   2 1 0 0 1 0 0 1 1 2
 Node 206:   1 1 0 1 0 0 0 1 1 0
 Node 207:   0 1 0 1 0 0 0 1 1 1
 Node 208:   2 0 0 0 0 1 0 1 1 1
 Node 209:   0 0 3 0 1 1 0 1 1 1
 Node 210:   2 0 0 0 0 0 0 1 1 1
 Node 211:   0 0 2 0 1 1 0 1 1 0
 Node 212:   0 0 0 1 4 1 0 0 1 0
 Node 213:   0 0 1 0 0 1 0 1 1 2
 Node 214:   1 0 0 1 2 1 0 1 1 2
 Node 215:   0 0 1 0 0 0 0 1 1 2
 Node 216:   1 0 0 1 0 0 0 1 1 0
 Node 217:   2 1 2 0 3 1 0 0 1 0
 Node 218:   1 1 0 3 2 1 0 1 1 0
 Node 219:   0 1 2 0 1 0 0 1 1 1
 Node 220:   1 0 0 0 0 1 0 1 1 0
 Node 221:   1 0 0 0 1 1 0 1 1 2
 Node 222:   1 0 0 1 2 0 0 1 1 0
 Node 223:   0 0 0 1 0 2 0 1 1 3
 Node 224:   0 0 0 0 0 3 0 1 1 0
 Node 225:   1 0 0 0 1 1 0 1 1 0
 Node 226:   1 0 0 0 0 2 0 1 1 1
 Node 227:   0 0 1 0 1 1 0 1 1 0
 Node 228:   1 0 1 0 4 1 0 1 1 0
 Node 229:   0 1 0 0 0 1 0 1 1 1
 Node 230:   0 1 1 1 1 2 0 1 1 1
 Node 231:   0 2 1 0 1 0 0 0 1 3
 Node 232:   0 0 1 0 1 0 0 1 1 0
 Node 233:   0 0 0 0 3 2 0 1 1 0
 Node 234:   1 0 1 1 1 1 0 0 1 2
 Node 235:   0 1 2 1 1 1 0 1 1 0
 Node 236:   0 0 0 0 0 1 0 1 1 1
 Node 237:   1 0 0 0 0 1 0 0 1 1
 Node 238:   0 0 0 1 2 1 0 1 1 1
 Node 239:   0 0 0 1 0 3 0 0 1 2
 Node 240:   0 0 1 0 0 2 0 0 1 2
 Node 241:   0 1 0 0 0 0 0 1 1 0
 Node 242:   0 0 2 0 0 0 0 0 1 1
 Node 243:   0 1 0 0 0 1 0 1 1 1
 Node 244:   5 0 0 2 0 1 0 1 1 3
 Node 245:   5 1 0 0 0 0 0 1 1 1
 Node 246:   3 1 3 1 0 2 0 0 1 3
 Node 247:   0 1 0 1 0 1 0 0 1 2
 Node 248:   0 0 1 3 0 0 0 1 1 0
 Node 249:   2 3 0 1 0 1 0 0 1 1
 Node 250:   0 3 1 1 0 0 0 1 1 3
 Node 251:   0 2 0 0 0 1 0 0 1 0
 Node 252:   0 0 0 0 0 1 0 0 1 1
 Node 253:   0 0 0 1 0 1 0 1 1 0
 Node 254:   0 1 0 0 0 0 0 1 1 2
 Node 255:   0 0 0 0 0 1 0 0 1 0

(Maximum) Crossing Paths: 5
The number of paths on this application : 256 (all-to-all cases: 65280)
The average hops : 5.875000
ID size(without ID modification)5
(Maximum) number of slots: 5
